88066
93699
93195
76300
89110
79389
57387
45615
89142
45632
92225
78407
72780
93273
92763
45669
8294
76396
60030
8836
87181
79504
58004
58022
58028
80560
79038
91843
68295
61641
79053
92367
2770
79592
92909
88307
58615
91902
92929
88322
60676
92425
91927
60700
88350
61227
79662
60720
93489
88368
94515
87863
77631
79694
79699
93017
86881
93549
94071
44921
88445
92544
86913
92547
75659
77720
93595
86437
77742
79797
87501
78286
2001
89045
93142
91610
88538
86492
86493
87007
79840
57316
88552
93161
92140
77292
86517
86519
