88064
87040
88069
80391
89611
88084
80413
80420
87591
88106
88620
80430
45616
45618
87091
45622
91713
45642
87124
88668
88169
80490
88683
80491
88694
45691
89217
45701
87703
80539
86172
87205
79526
45741
45746
72887
45751
45754
87742
72912
81104
72913
80086
77532
87775
79082
80106
87277
87279
87284
91901
80637
79105
84740
91911
45323
89358
79639
80152
87833
87835
80667
87837
45345
91942
92455
82218
45355
61230
88367
92475
79679
87873
89410
52043
5964
81227
5969
86870
86873
80221
93539
84335
80240
93555
89463
86913
45448
80271
80272
92054
80793
93083
80802
77219
87975
73642
8623
80319
89538
93122
89028
79823
86992
80337
86482
86997
80345
86490
86496
80865
86499
89060
86506
87023
87025
57331
89076
81396
79861
89086
