87552
79361
78850
90626
87556
86022
87046
86535
79372
90126
93714
80403
90133
59925
77848
87065
90137
89116
92190
87071
90156
77872
85552
79923
88117
90678
79414
60473
79929
88123
90172
85564
88135
8776
86601
90189
89168
72785
86097
90195
78420
60501
75861
87640
85595
74844
71261
79971
8294
90217
77930
60527
89205
93302
72830
75392
78467
72838
86668
88214
65174
59544
91291
90782
90786
74403
72872
77993
72875
75952
89266
89267
90291
85685
81589
85688
89784
79547
89791
75455
8898
72900
92358
89801
90316
92367
77523
78548
90329
45787
90334
45793
62177
90339
89315
77541
86248
58600
79595
87788
90355
2292
61688
87803
80125
92416
92942
90382
90387
47895
90400
92457
86314
2345
79147
74541
60715
79663
79145
92980
62263
61752
73529
58171
69435
59201
86851
1860
79691
93005
61783
93016
91480
68954
91486
69984
86881
61943
87910
59750
87916
90477
86894
79727
77168
59761
86896
93045
64885
79735
4474
78722
89988
88965
79750
79749
90503
92551
78729
75659
86925
88462
88976
90514
80276
76699
90525
76190
80287
90013
86945
67492
87973
86950
76204
89519
90545
60339
75187
90037
79799
90552
89531
79806
61888
89541
61894
92618
89548
10701
86477
90577
89556
79831
73688
74714
89566
87007
80352
79840
87011
89571
59364
90086
88552
78313
80362
87536
90097
90098
57331
90612
90102
86519
90109
77310
93183
