Theory,1.0000,1.0250,1.0500,1.0750,1.1000,1.1250,1.1500,1.1750,1.2000,1.2250,1.2500,1.2750,1.3000,1.3250,1.3500,1.3750,1.4000,1.4250,1.4500,1.4750,1.5000,1.5250,1.5500,1.5750,1.6000,1.6250,1.6500,1.6750,1.7000,1.7250,1.7500,1.7750,1.8000,1.8250,1.8500,1.8750,1.9000,1.9250,1.9500,1.9750,2.0000,2.0250,2.0500,2.0750,2.1000,2.1250,2.1500,2.1750,2.2000,2.2250,2.2500,2.2750,2.3000,2.3250,2.3500,2.3750,2.4000,2.4250,2.4500,2.4750,2.5000,2.5250,2.5500,2.5750,2.6000,2.6250,2.6500,2.6750,2.7000,2.7250,2.7500,2.7750,2.8000,2.8250,2.8500,2.8750,2.9000,2.9250,2.9500,2.9750,3.0000,3.0250,3.0500,3.0750,3.1000,3.1250,3.1500,3.1750,3.2000,3.2250,3.2500,3.2750,3.3000,3.3250,3.3500,3.3750,3.4000,3.4250,3.4500,3.4750,3.5000,3.5250,3.5500,3.5750,3.6000,3.6250,3.6500,3.6750,3.7000,3.7250,3.7500,3.7750,3.8000,3.8250,3.8500,3.8750,3.9000,3.9250,3.9500,3.9750,4.0000,4.0250,4.0500,4.0750,4.1000,4.1250,4.1500,4.1750,4.2000,4.2250,4.2500,4.2750,4.3000,4.3250,4.3500,4.3750,4.4000,4.4250,4.4500,4.4750,4.5000,Minimal gap,Maximal gap,Mean gap,Stdev gap,Median gap,1st quartile gap,3rd quartile gap,Sum of absolute values of coefficients,Log of Sum of absolute values of coefficients,Mean dimension,Stdev dimension,Minimal dimension,Maximal dimension,Median dimension,1st quartile dimension,3rd quartile dimension
1,-0.0005792297306470573,-0.002434883266687393,-0.005178895313292742,-0.006096205208450556,-0.0071266647428274155,-0.006687457673251629,-0.004605959635227919,-0.0032448326237499714,-0.00314020155929029,-0.0023632999509572983,-0.0002813437895383686,0.0017924380954355001,0.0049393973313272,0.006533541716635227,0.004722973331809044,-0.00015520787565037608,-0.005516177508980036,-0.008562952280044556,-0.011767642572522163,-0.015207232907414436,-0.01760016940534115,-0.02033577486872673,-0.0034695561043918133,0.020674951374530792,0.057560887187719345,0.0603751465678215,0.09782899171113968,0.06281918287277222,0.06527368724346161,0.03705284371972084,0.02625316195189953,0.0020418812055140734,-0.011550258845090866,-0.021900909021496773,-0.02993137016892433,-0.05000007897615433,-0.06862742453813553,-0.05487560108304024,-0.018148062750697136,0.05645805969834328,0.17357030510902405,0.44784054160118103,0.5892329216003418,0.6910841464996338,1.0463204383850098,0.6240271329879761,0.42870891094207764,0.25939473509788513,0.1868007630109787,0.08023157715797424,0.04784533753991127,0.006864055059850216,-0.008510124869644642,-0.014823592267930508,-0.02601020596921444,-0.025071829557418823,-0.03011348843574524,-0.025374779477715492,-0.0220345389097929,-0.028704943135380745,-0.01614447683095932,-0.02400844171643257,-0.04095789045095444,-0.0030503463931381702,-0.016229460015892982,-0.018102940171957016,0.016784638166427612,-0.01257381308823824,-0.09374868124723434,-0.0432857871055603,-0.06507235765457153,-0.043882206082344055,0.003704771865159273,0.07195965200662613,0.03425896167755127,0.043006375432014465,-0.030632128939032555,-0.0012355740182101727,-0.0929621085524559,0.18672330677509308,0.35723716020584106,0.08244850486516953,0.1959063708782196,-0.008097800426185131,0.13753440976142883,-0.13569524884223938,0.05814017355442047,-0.03158409893512726,0.02896915376186371,-0.03003322146832943,-0.033427562564611435,-0.1556655317544937,-0.43672311305999756,0.10759662091732025,-0.2623618245124817,0.012706351466476917,-0.04637864977121353,-0.2577001452445984,-0.028295982629060745,0.012659960426390171,-0.041136734187603,0.030145440250635147,-0.01545502245426178,-0.042482685297727585,-0.009377679787576199,-0.17353852093219757,0.12670330703258514,0.31670883297920227,-0.06294766068458557,-0.8031900525093079,1.197131872177124,-1.2177815437316895,1.1373122930526733,-0.08741346001625061,0.001097943400964141,-0.06836318969726562,0.116721510887146,-0.016716448590159416,-0.08801651746034622,-0.007752558682113886,0.027768300846219063,-0.23384925723075867,-0.15998829901218414,0.9392362236976624,1.0826016664505005,-1.9080761671066284,-1.925573468208313,2.1654906272888184,-4.519411563873291,1.7859359979629517,-0.931007981300354,0.004047814756631851,0.3336557149887085,-0.10634427517652512,-0.010283449664711952,-0.006472589913755655,-0.04155489057302475,0.04963809996843338,0.016822151839733124,0.06043669208884239,0.03511902317404747,-1.8598882434162078e-07,-0.013983357697725296,-0.0001269350032089278,-1.9133540263283066e-06,-2.0923299359765224e-07,-1.398065342073096e-05,-0.00018513893883209676,-0.38520967960357666,0.2210497409105301,0.036002133041620255,-0.0059650130569934845,0.0027549031656235456,0.02262253127992153,0.035207826644182205,0.04560744762420654,0.020368274301290512
2,0.0066920858807861805,0.018990954384207726,0.01982796937227249,0.00872432254254818,-0.004220707342028618,-0.009685483761131763,-0.00753397773951292,-0.0033637741580605507,0.003300169249996543,0.010575375519692898,0.011545953340828419,0.008346349000930786,0.004807547200471163,-0.0024010813795030117,-0.008946523070335388,-0.014031846076250076,-0.014147376641631126,-0.009055418893694878,-0.006139376200735569,-0.0003718117659445852,0.001027391874231398,-0.0033115565311163664,-0.012202956713736057,-0.023509668186306953,-0.03266731649637222,-0.018310191109776497,-0.01879720203578472,-0.004403425846248865,0.008901325985789299,0.0212489552795887,0.03702664375305176,0.00871374923735857,-0.02005164697766304,-0.04174245521426201,-0.061136890202760696,-0.10171977430582047,-0.14042486250400543,-0.12870913743972778,-0.09367498755455017,-0.03753099963068962,-0.005878190044313669,0.011762713082134724,0.0011991930659860373,-0.03193065896630287,-0.1186736524105072,-0.10031504184007645,-0.09157339483499527,-0.05158425122499466,-0.022356994450092316,0.00649717403575778,0.028708718717098236,0.01657988131046295,-0.004635652527213097,-0.018031368032097816,-0.04252532869577408,-0.026455359533429146,-0.04821907728910446,-0.032681696116924286,-0.034371137619018555,-0.036192867904901505,-0.011032606475055218,-0.02182644233107567,-0.048142191022634506,-8.291610720334575e-05,-0.03358105570077896,-0.06308647990226746,0.04243854433298111,-0.005387472454458475,-0.0950237438082695,0.00766993360593915,-0.0027538372669368982,-0.02310657501220703,-0.02622637152671814,-0.16000302135944366,-0.020326653495430946,-0.006549308076500893,0.07865676283836365,-0.031752049922943115,-0.00820386502891779,-0.02950117737054825,-0.05406978726387024,0.01816282793879509,-0.05225295573472977,-0.029904969036579132,-0.012789400294423103,-0.0792086198925972,0.03697764128446579,-0.04935609549283981,0.07109589874744415,-0.11405757069587708,-0.007234218530356884,0.021701671183109283,0.09389665722846985,-0.07435066998004913,-0.07294867187738419,0.09875401109457016,-0.06079798564314842,0.22464632987976074,-0.031107883900403976,-0.015018017031252384,-0.14766041934490204,0.09541643410921097,0.03551257401704788,-0.1033049076795578,-0.011028864420950413,0.34606099128723145,-0.20905998349189758,0.0932488963007927,-0.10649862885475159,0.27237123250961304,-0.2569756507873535,0.22234894335269928,-0.21102136373519897,-0.039893314242362976,0.09867458045482635,0.09551496058702469,-0.20573541522026062,0.43047675490379333,-0.37720319628715515,0.10256554931402206,0.02524975873529911,0.22923749685287476,-0.054398972541093826,-0.1756412386894226,-0.0778990089893341,0.013454079627990723,0.1751253455877304,-0.3467807173728943,0.529399573802948,-0.08953824639320374,-0.0991988480091095,-0.0007354241097345948,0.2205476015806198,-0.34617891907691956,0.1548127681016922,0.3734801113605499,-0.43131616711616516,0.16630834341049194,0.16482794284820557,-0.0646735280752182,0.06061457097530365,-9.668476650404045e-07,-0.04051123932003975,-0.0002827691496349871,-6.050819365555071e-07,-1.4292867263066e-06,-2.964937266369816e-05,-0.0005734582664445043,1.9723941087722778,-0.19060496985912323,-0.02611537277698517,0.018291590735316277,-0.03439740464091301,0.04461612179875374,-0.01865326426923275,-0.04113561660051346,0.0007036041934043169
3,-0.0009421173017472029,-0.005372009240090847,-0.009195901453495026,-0.010739848017692566,-0.012623356655240059,-0.008710278198122978,-0.0023112765047699213,0.006032389122992754,0.015935143455863,0.028967471793293953,0.022446226328611374,0.01595119759440422,0.009487378410995007,0.0008359827916137874,-0.00817573256790638,-0.01476986613124609,-0.016764894127845764,-0.013762627728283405,-0.013744037598371506,-0.007605045568197966,0.0003750088799279183,0.016170470044016838,0.02064826339483261,0.03215436637401581,0.04454055055975914,0.024871235713362694,0.02705778181552887,0.010524091310799122,0.0057549504563212395,0.003212151350453496,0.005889830179512501,0.007935192435979843,0.017505278810858727,0.03647592291235924,0.05969688296318054,0.07537233829498291,0.052768949419260025,-0.004897131584584713,-0.04210364818572998,-0.04645518213510513,-0.052859243005514145,-0.06658618897199631,-0.07050328701734543,-0.06450776755809784,-0.0925561711192131,-0.03658650815486908,-0.01058923825621605,0.013969209976494312,0.03236823529005051,0.0328550785779953,0.05041526257991791,0.015189016237854958,-0.009748927317559719,-0.024360401555895805,-0.04747724533081055,-0.023423928767442703,-0.011729815043509007,0.021558288484811783,0.07271018624305725,0.12048380821943283,0.04332447424530983,0.05773959308862686,0.010098707862198353,-0.002423366531729698,-0.017210040241479874,-0.035090621560811996,0.04277804121375084,-0.0009270630544051528,-0.07152784615755081,-0.004554172046482563,0.008549679070711136,0.009122778661549091,0.018862729892134666,0.07880240678787231,0.02340327389538288,0.007758741732686758,-0.01926429755985737,-0.007775282487273216,-0.0064310347661376,0.008291237987577915,-0.005327387247234583,0.0405958890914917,-0.023679856210947037,-0.019641509279608727,-0.0878448411822319,0.11933717131614685,-0.0653407946228981,0.00548287108540535,-0.0379815511405468,-0.06587892025709152,0.0017635392723605037,0.013650584034621716,0.041751276701688766,-0.0393221490085125,-0.019480716437101364,-0.06972777098417282,-0.02192043885588646,-0.22500668466091156,-0.07899658381938934,-0.0732383206486702,0.05759011209011078,0.0036096428520977497,0.014644719660282135,-0.10770013928413391,0.07532596588134766,0.3414810597896576,-0.2281922996044159,-0.016523603349924088,-0.03497977554798126,0.0435519702732563,0.3309827446937561,-0.03312547504901886,0.061991531401872635,0.0189789030700922,0.021134167909622192,0.08344647288322449,-0.15963523089885712,0.18110844492912292,-0.06470592319965363,0.07878225296735764,0.12800297141075134,-0.3571402132511139,0.10748117417097092,0.34927913546562195,0.3195994794368744,-0.12207303941249847,0.06860820949077606,-0.12020087242126465,0.47768399119377136,-0.10521355271339417,-0.02787300944328308,-0.00733944121748209,0.14116953313350677,0.39331790804862976,-0.17312121391296387,-0.833200216293335,0.6366425156593323,-0.10772792249917984,-0.15137077867984772,0.008384687826037407,0.06833521276712418,1.857445823816306e-07,-0.03228822723031044,-0.00032129333703778684,-2.906172312577837e-06,5.050864615441242e-07,-2.4693228624528274e-05,-0.0007230680785141885,-0.7911874055862427,0.1541472226381302,0.05429176241159439,-0.0030401693657040596,-0.0049179550260305405,0.03539096191525459,0.05018053203821182,0.07587283104658127,0.06355215609073639
4,0.002343276049941778,0.012877537868916988,0.026760194450616837,0.030321501195430756,0.02282184176146984,0.007638715207576752,-0.0023072136100381613,-0.0068418243899941444,-0.007925920188426971,-0.009382510557770729,-0.007632747292518616,-0.00654550502076745,-0.008514751680195332,-0.011656710878014565,-0.013859127648174763,-0.016045333817601204,-0.014713693410158157,-0.009228031150996685,-0.006336475722491741,-0.0004165600403212011,0.0008220766321755946,-0.0038240444846451283,-0.012401092797517776,-0.024029890075325966,-0.03423546999692917,-0.021229982376098633,-0.03069012425839901,-0.02121010050177574,-0.02498505637049675,-0.029601331800222397,-0.05742444097995758,-0.05619049072265625,-0.05257591977715492,-0.05387968197464943,-0.05987613648176193,-0.0843752920627594,-0.10283444076776505,-0.09090161323547363,-0.08517605811357498,-0.06897199153900146,-0.07650604099035263,-0.08119986951351166,-0.06535618007183075,-0.030970677733421326,-0.0043732775375247,0.005768118426203728,-0.009409354999661446,-0.02757074125111103,-0.0482606515288353,-0.04974367469549179,-0.08180440217256546,-0.054950349032878876,-0.04368484020233154,-0.03231207653880119,-0.038369473069906235,-0.018403172492980957,-0.034093063324689865,-0.03035666234791279,-0.04429396241903305,-0.07210247218608856,-0.022058922797441483,-0.04336993023753166,-0.07512962818145752,0.005033199675381184,-0.02724200114607811,-0.052018698304891586,0.03483906760811806,-0.006496450398117304,-0.08113729953765869,0.021303707733750343,0.0129950400441885,-0.014570888131856918,-0.0386570580303669,-0.17935946583747864,-0.02671782486140728,-0.005209397524595261,0.08196651935577393,-0.02486526407301426,-0.005513562820851803,0.001037420006468892,-0.03006557747721672,0.022392576560378075,-0.022667326033115387,-0.002985632047057152,-0.014409992843866348,-0.04602654650807381,0.01029995921999216,-0.029868362471461296,0.0689760372042656,-0.11868017166852951,0.034376826137304306,0.05627160891890526,0.1587112545967102,-0.08240076154470444,-0.0847405269742012,0.10331356525421143,-0.0571327768266201,0.24412788450717926,-0.00705003971233964,0.028658216819167137,-0.2504050135612488,0.1459440290927887,0.07372178882360458,-0.10039643198251724,-0.04816551133990288,0.37734073400497437,-0.2098633348941803,0.12117164582014084,-0.14335158467292786,0.3552403151988983,-0.3622204661369324,0.1635352373123169,-0.19782134890556335,-0.01020850706845522,0.10066317766904831,0.10722557455301285,-0.1960827112197876,0.39878830313682556,-0.38452276587486267,0.10032613575458527,0.03546920046210289,0.3242779076099396,-0.006710970774292946,-0.24378378689289093,-0.12413020431995392,0.05885223299264908,0.20339344441890717,-0.27861735224723816,0.4408152401447296,-0.06561723351478577,-0.034688208252191544,0.020098309963941574,0.22873856127262115,-0.30393797159194946,0.13151077926158905,0.4337959587574005,-0.4256877303123474,0.18561694025993347,0.12594357132911682,-0.006929768715053797,0.08074632287025452,-7.777540389497517e-08,-0.01867961697280407,0.000805719755589962,1.1768330523409531e-06,2.8709137041005306e-06,7.282661681529135e-05,0.0018743431428447366,2.1824750900268555,-0.3337775766849518,-0.035724397748708725,0.023621749132871628,-0.02909654751420021,0.004696233198046684,0.013729287311434746,-0.025012047961354256,0.030298789963126183
5,0.0021637440659105778,0.007671075407415628,0.011925007216632366,0.014022458344697952,0.016748355701565742,0.015483681112527847,0.009500543586909771,0.0040517887100577354,-0.0015909954672679305,-0.006026044487953186,-0.006632156670093536,-0.005873647052794695,-0.007570512127131224,-0.011194383725523949,-0.012895539402961731,-0.016233783215284348,-0.017882632091641426,-0.01459453534334898,-0.01953677460551262,-0.02485146000981331,-0.0334554985165596,-0.04363489896059036,-0.03334752842783928,-0.036506153643131256,-0.03806179016828537,-0.021502293646335602,-0.029532726854085922,-0.019613295793533325,-0.02084951661527157,-0.01987352967262268,-0.02477099746465683,-0.01242250856012106,-0.0025207647122442722,0.004740343429148197,0.0130875613540411,0.029455965384840965,0.04732076823711395,0.051473844796419144,0.05884973704814911,0.058541301637887955,0.08145429193973541,0.10207251459360123,0.12380317598581314,0.09882330149412155,0.195682555437088,0.10952375829219818,0.09742607176303864,0.06128773093223572,0.0449725016951561,0.04217860475182533,0.05557255074381828,0.024253638461232185,-0.0010440857149660587,-0.010973112657666206,-0.02217724174261093,-0.012244584038853645,-0.01681087724864483,-0.010445837862789631,-0.0141139579936862,-0.01544689480215311,-0.004411595407873392,-0.014889119192957878,-0.03520612046122551,0.001161079271696508,-0.01759558916091919,-0.032029103487730026,0.02928645722568035,-0.002941188868135214,-0.059343066066503525,0.002817837055772543,-0.009713047184050083,-0.017179083079099655,-0.008258900605142117,-0.052257101982831955,0.005700106266885996,-0.0016044125659391284,-0.05361456051468849,-0.007615409791469574,0.022250788286328316,-0.11936039477586746,-0.12392517179250717,0.0032864485401660204,-0.08675194531679153,-0.14667047560214996,-0.13607144355773926,0.06323997676372528,-0.07189488410949707,0.006478508934378624,-0.10928113013505936,-0.08867649734020233,-0.03791727498173714,-0.01648465171456337,0.005926268640905619,-0.050980426371097565,-0.04207905754446983,0.03429789841175079,-0.03982323408126831,0.16555079817771912,0.030391987413167953,0.02266792207956314,-0.22734354436397552,0.15652699768543243,0.061803001910448074,-0.09834043681621552,-0.013725723139941692,0.36493733525276184,-0.2174338400363922,0.1366984099149704,-0.11523942649364471,0.35676735639572144,-0.43552055954933167,0.17087934911251068,-0.2406594157218933,-0.03566662222146988,0.23533347249031067,0.1008683443069458,-0.21000902354717255,0.49688008427619934,-0.4298287630081177,0.0995628833770752,0.0031022930052131414,0.2224476933479309,0.001056139124557376,-0.2001395970582962,-0.060147155076265335,0.03134949877858162,0.1510443240404129,-0.3805571496486664,0.5012445449829102,-0.10922850668430328,-0.0740407183766365,-0.058822423219680786,0.2457994967699051,-0.4417426288127899,0.1690632402896881,0.4664853811264038,-0.3986670672893524,0.22911985218524933,0.05166641250252724,0.09399771690368652,0.043755218386650085,-8.377450058105751e-07,0.013414607383310795,-0.00034271308686584234,-5.912915526096185e-07,-9.309116535405337e-07,-1.6319361748173833e-05,-0.0005688400124199688,0.9691174626350403,-0.1792382001876831,-0.15184716880321503,-0.010306358337402344,-0.030092615634202957,-0.17888948321342468,-0.15956521034240723,-0.11983514577150345,-0.19647744297981262
6,-0.0007206125883385539,-0.002485011937096715,-0.0055680531077086926,-0.004796321503818035,-0.00659240921959281,-0.006174090318381786,-0.004202882293611765,-0.003235758515074849,-0.0037304891739040613,-0.003842797828838229,-0.0028838959988206625,-0.0017366050742566586,-0.0006971748662181199,0.0018426820170134306,0.005398032255470753,0.006628196686506271,0.0038556004874408245,-0.0007034243317320943,-0.0022429367527365685,0.005631036590784788,0.03721733018755913,0.10285519063472748,0.10758613049983978,0.14162911474704742,0.12111061066389084,0.04741336777806282,0.023036302998661995,0.0012224133824929595,-0.008886216208338737,-0.014809674583375454,-0.029482198879122734,-0.028827644884586334,-0.027697362005710602,-0.027810221537947655,-0.034331247210502625,-0.05073485150933266,-0.06816278398036957,-0.06006491929292679,-0.04781130701303482,-0.013194246217608452,0.042559001594781876,0.19576336443424225,0.3977363109588623,0.654396116733551,1.2793114185333252,0.9195737838745117,0.7056949138641357,0.3691283166408539,0.26574063301086426,0.08449895679950714,0.025443732738494873,-0.011632430367171764,-0.025721529498696327,-0.030189422890543938,-0.04027804359793663,-0.031351685523986816,-0.03502294793725014,-0.02313404530286789,-0.022168420255184174,-0.03361198678612709,-0.013561012223362923,-0.022714292630553246,-0.04173593968153,-0.006950255949050188,-0.03984380140900612,-0.04777887836098671,0.006551619153469801,-0.022381344810128212,-0.08486587554216385,-0.02582542784512043,-0.016103077679872513,-0.004079641308635473,0.013367988169193268,0.03810733184218407,0.03410008177161217,0.051664117723703384,0.028921224176883698,0.048087410628795624,-0.07527622580528259,0.00031549204140901566,0.19468823075294495,0.10796944051980972,0.15210594236850739,0.061606280505657196,-0.02538485825061798,0.07970240712165833,-0.12528803944587708,-0.0065371571108698845,-0.05949913710355759,-0.03287498280405998,-0.0043344818986952305,0.001762490370310843,-0.07639802247285843,0.0591307170689106,0.011979641392827034,-0.061418261379003525,0.09259703755378723,-0.11540370434522629,0.048550207167863846,0.19670003652572632,0.10716238617897034,-0.03722595423460007,0.013359771110117435,0.09493077546358109,-0.08142692595720291,-0.9817698001861572,1.907733678817749,0.7777698040008545,1.168207049369812,-1.3334012031555176,0.8244054317474365,-0.9510606527328491,0.39409229159355164,0.04511425271630287,0.006481351796537638,-0.0013015633448958397,-0.1347023844718933,0.10512258112430573,-0.16972878575325012,0.04550060257315636,0.022405724972486496,0.029587125405669212,0.0035065598785877228,0.10080692917108536,-0.026866374537348747,-0.22107431292533875,-1.4271886348724365,2.878115653991699,-6.37031364440918,1.956939697265625,0.09442741423845291,-1.3395464420318604,-0.8187647461891174,-0.49107712507247925,0.339252769947052,0.141769140958786,0.20479147136211395,-0.38972803950309753,-0.1731286495923996,0.15665972232818604,-0.08166633546352386,4.415675647351236e-08,-0.005881600547581911,-0.00014287850353866816,-1.6959911590674892e-06,2.689407097022922e-07,-1.3891602975490969e-05,-0.00023714819690212607,-0.9015966057777405,0.2269020825624466,0.03737877681851387,-0.0048459842801094055,0.00536839384585619,0.018988747149705887,0.03634881228208542,0.039075110107660294,0.02037908509373665
7,0.003470012918114662,0.015128601342439651,0.025734420865774155,0.023266004398465157,0.01454335730522871,0.00187909125816077,-0.004500918090343475,-0.007289523724466562,-0.007723264861851931,-0.008438244462013245,-0.006416521966457367,-0.005767039489001036,-0.006912116892635822,-0.010922490619122982,-0.012181314639747143,-0.015176642686128616,-0.016695434227585793,-0.013755607418715954,-0.01901700533926487,-0.024020306766033173,-0.03222913295030594,-0.041196368634700775,-0.03236634284257889,-0.03462419658899307,-0.03697064518928528,-0.021102359518408775,-0.029070667922496796,-0.01905035600066185,-0.021636391058564186,-0.02534986473619938,-0.051905881613492966,-0.04977359250187874,-0.04639502614736557,-0.04736114665865898,-0.04420524835586548,-0.03857220336794853,0.016140790656208992,0.11795400828123093,0.2492014616727829,0.28324195742607117,0.38462063670158386,0.42205825448036194,0.3960142135620117,0.2665283679962158,0.36409786343574524,0.10522691905498505,0.023005878552794456,-0.02704821340739727,-0.04795275628566742,-0.04667505621910095,-0.0783756822347641,-0.05565468966960907,-0.045653440058231354,-0.03986602649092674,-0.05659998953342438,-0.029784876853227615,-0.054143160581588745,-0.03234997019171715,-0.042162880301475525,-0.05322542041540146,-0.005116756074130535,-0.03582453355193138,-0.06493127346038818,0.005093557294458151,-0.0191673394292593,-0.062393028289079666,0.06006035953760147,-0.0040683080442249775,-0.04555545374751091,0.05050915479660034,-0.007025868631899357,-0.005233552306890488,-0.01672676019370556,-0.14392340183258057,0.0067680408246815205,-0.0016529172426089644,-0.06738558411598206,-0.013249029405415058,0.05196376144886017,-0.21336165070533752,-0.37324059009552,0.00677114725112915,-0.16642777621746063,-0.24412260949611664,-0.15743373334407806,0.16814777255058289,-0.07893579453229904,-0.003675672924146056,0.03531447425484657,-0.12028145790100098,0.020649133250117302,0.06715290248394012,0.14868611097335815,-0.10243847966194153,-0.08577338606119156,0.10476776212453842,-0.05499403178691864,0.2995229959487915,0.08243010938167572,0.034075841307640076,-0.23242990672588348,0.18055519461631775,0.062142811715602875,-0.15989474952220917,-0.0007661497220396996,0.3540838956832886,-0.25464972853660583,0.1376633644104004,-0.15353958308696747,0.29635533690452576,-0.4851948022842407,0.23533380031585693,-0.17611652612686157,-0.1016918271780014,0.27735891938209534,0.05209101736545563,-0.2647188901901245,0.44526124000549316,-0.35078996419906616,0.07098682224750519,-0.004636845551431179,0.2535180151462555,-0.06883671134710312,-0.14206930994987488,-0.018602538853883743,0.05583999678492546,0.19105149805545807,-0.30079081654548645,0.4546704888343811,-0.07853034138679504,-0.11189165711402893,-0.10352546721696854,0.287777304649353,-0.39280471205711365,0.1748051792383194,0.4035622477531433,-0.4935878813266754,0.2540033757686615,-0.0018652277067303658,0.061860181391239166,0.05235578864812851,-3.572673676899285e-07,0.03346191719174385,-0.00031719382968731225,2.508236093490268e-06,-6.502671681118954e-07,-2.7324242182658054e-05,-0.000700219243299216,1.013527750968933,-0.17591989040374756,-0.14739935100078583,-0.01147831417620182,-0.02602243795990944,-0.22551140189170837,-0.14519110321998596,-0.06438978016376495,-0.20650450885295868
8,-0.0008937811362557113,-0.003859397256746888,-0.006446468643844128,-0.007121508475393057,-0.009790996089577675,-0.009476794861257076,-0.007150663528591394,-0.0062606483697891235,-0.005602724850177765,-0.006152341142296791,-0.002856374951079488,-0.00037291672197170556,0.003085169941186905,0.009485065005719662,0.012189819477498531,0.007758003193885088,-0.0015676539624109864,-0.008415001444518566,-0.016298959031701088,-0.015219397842884064,-0.0056003546342253685,0.05627501755952835,0.15717528760433197,0.32406800985336304,0.5858585834503174,0.3563111424446106,0.4844285547733307,0.2458890676498413,0.1491657942533493,0.06303683668375015,0.009772921912372112,-0.03193594142794609,-0.034166544675827026,-0.030375054106116295,-0.017779508605599403,0.02415718510746956,0.11028274148702621,0.13526643812656403,0.11111041158437729,0.04098827391862869,-0.004795651882886887,-0.04818100854754448,-0.07692839950323105,-0.08168426156044006,-0.15466605126857758,-0.09771126508712769,-0.08498582988977432,-0.06847156584262848,-0.06526089459657669,-0.04469000920653343,-0.07684442400932312,-0.05222485587000847,-0.03754810616374016,-0.027065394446253777,-0.005185652989894152,0.03196010738611221,0.10321865230798721,0.08220963925123215,0.19126670062541962,0.13818132877349854,0.024228138849139214,0.011754602193832397,-0.012264871969819069,0.002792811021208763,-0.007132362108677626,-0.010727951303124428,-0.0019192429026588798,-0.013213105499744415,0.05736687034368515,-0.010527635924518108,0.077874556183815,0.031248945742845535,0.0035397489555180073,-0.05212574079632759,-0.012955281883478165,0.0015802487032487988,0.03614668548107147,-0.018887175247073174,-0.040700763463974,0.026431573554873466,0.07708987593650818,-0.0022066214587539434,0.0066459751687943935,0.05780654773116112,0.03299350664019585,-0.02033153735101223,-0.07222835719585419,0.19767579436302185,-0.6447272896766663,2.774726152420044,0.11646813899278641,-0.939930260181427,-0.6746519804000854,0.506793737411499,0.07936631143093109,-0.14853984117507935,0.19727762043476105,-0.34806254506111145,-0.019047122448682785,-0.17646946012973785,1.0279271602630615,-0.4600297212600708,-0.9089452028274536,0.9037429690361023,-0.4597308933734894,-0.37544935941696167,-0.03138360381126404,0.06972506642341614,0.11205367743968964,0.29411572217941284,-0.5023750066757202,0.46544384956359863,-0.4427204728126526,0.2775813639163971,0.29913872480392456,0.17955945432186127,-0.17526787519454956,0.254679411649704,-0.13220494985580444,0.01818181201815605,-0.08524712175130844,-0.83174729347229,-0.747963011264801,0.5521928071975708,-0.235479936003685,0.6674789190292358,-0.44967254996299744,0.7138094305992126,-0.3584234416484833,0.2507057785987854,-0.05958849564194679,0.21227721869945526,-0.8383674025535583,1.5167486667633057,-2.5265913009643555,-2.6907310485839844,3.4668660163879395,-1.0854065418243408,-0.5516460537910461,-0.11794228106737137,0.058628685772418976,2.6037628231279086e-07,-0.0065519679337739944,-0.00014760329213459045,-1.8087879425365827e-06,7.08241998381709e-07,-8.027976036828477e-06,-0.0004934868775308132,-0.8528774976730347,0.29050812125205994,0.044544484466314316,-0.004421684425324202,0.0058649578131735325,0.0290254857391119,0.037811972200870514,0.0392252653837204,0.05060697719454765
9,-0.00017994716472458094,-0.00025524621014483273,0.0007474672165699303,0.0016986930277198553,0.0024367417208850384,0.0014737527817487717,-0.0001153914345195517,-0.0012036560801789165,-0.0020834924653172493,-0.0015465455362573266,0.001257216208614409,0.005047141574323177,0.01673167385160923,0.04364772140979767,0.05817776545882225,0.07069601863622665,0.05185413733124733,0.018983572721481323,0.005373239517211914,-0.003955436404794455,-0.009772447869181633,-0.010377760045230389,-0.00202247966080904,0.006413094699382782,0.012572023086249828,0.007611230947077274,0.006018009036779404,-6.45799154881388e-05,-0.004735762253403664,-0.00783412717282772,-0.012655231170356274,0.0024934778921306133,0.037626706063747406,0.10903042554855347,0.23999999463558197,0.4888801574707031,0.7458149790763855,0.7004892826080322,0.5316380262374878,0.22444623708724976,0.0860201045870781,0.006979721132665873,-0.024840272963047028,-0.0386742539703846,-0.06719843298196793,-0.04477602243423462,-0.03381573036313057,-0.02103511244058609,-0.018884237855672836,-0.01574195735156536,-0.02717302180826664,-0.018908312544226646,-0.020598124712705612,-0.013544519431889057,-0.01359892450273037,-0.0005647980142384768,0.011889221146702766,0.019450822845101357,0.02425234578549862,0.02194187231361866,7.573884795419872e-05,-0.006083075422793627,-0.01887238770723343,0.0031856156419962645,-0.004421742632985115,-0.0036643086932599545,-0.015150915831327438,0.039633627980947495,0.10546023398637772,0.07405335456132889,0.08874312788248062,0.07242082059383392,0.01476083043962717,0.014184870757162571,0.001655353233218193,-0.0035043724346905947,6.004001625115052e-05,-0.00844200886785984,-0.0065771001391112804,0.024473469704389572,0.07164296507835388,-0.06912972778081894,0.0055854045785963535,0.010008977726101875,-0.01591550000011921,0.11323044449090958,-0.16446495056152344,0.20644733309745789,-0.44171884655952454,0.699198842048645,-0.07955452799797058,-1.0208780765533447,-0.7910726070404053,0.3660682737827301,0.22080527245998383,-0.09535262733697891,0.010992792434990406,-0.03772884979844093,0.029942438006401062,0.12681670486927032,0.6698408722877502,-0.38758108019828796,0.05929049104452133,0.24167560040950775,-0.052391715347766876,-0.38784900307655334,0.054044101387262344,-0.04512220248579979,0.1441034972667694,-0.7139185667037964,1.2387162446975708,-2.3765933513641357,3.4244980812072754,0.19380202889442444,-1.687020182609558,-0.46641772985458374,0.015615837648510933,-0.6679067611694336,0.3162006437778473,0.09070391207933426,0.0870131179690361,-0.08666727691888809,0.061627332121133804,0.23490947484970093,0.17940424382686615,-0.032605838030576706,0.0034126793034374714,0.12270254641771317,-0.19702573120594025,0.002706650411710143,0.015514242462813854,0.006086390465497971,-0.0584336519241333,-0.06235016509890556,-0.5396924614906311,0.5486304759979248,-0.724942684173584,0.41062667965888977,-0.17928685247898102,-0.01933727227151394,0.01185923907905817,-2.0746323059483984e-07,-0.01275623682886362,-0.00014535331865772605,-9.76557998910721e-07,-2.621454484597052e-07,-1.0806832506204955e-05,-0.0002261447807541117,-1.8222920894622803,0.16958223283290863,0.014506028965115547,-0.0036457397509366274,-0.008106864988803864,0.01382124051451683,0.00013694915105588734,0.02012896165251732,0.012605082243680954
10,-0.0013189527671784163,-0.004927020985633135,-0.010468989610671997,-0.011411340907216072,-0.013083717785775661,-0.010867925360798836,-0.007723725400865078,-0.006659048609435558,-0.006315120030194521,-0.0067918268032372,-0.0055249519646167755,-0.005388128571212292,-0.005933733191341162,-0.009156222455203533,-0.008013191632926464,-0.001390494522638619,0.021625608205795288,0.05013662576675415,0.1387154906988144,0.18355748057365417,0.2603180408477783,0.269900918006897,0.10655199736356735,0.05576164275407791,0.002672026166692376,-0.011588916182518005,-0.02133696898818016,-0.015295812860131264,-0.021702153608202934,-0.023317718878388405,-0.04558158665895462,-0.04463968798518181,-0.044926319271326065,-0.050396841019392014,-0.053613971918821335,-0.08604010939598083,-0.11697946488857269,-0.12165733426809311,-0.11604968458414078,-0.08719231933355331,-0.08711440861225128,-0.10199905931949615,-0.09254711121320724,-0.08884454518556595,-0.1596372127532959,-0.08031485974788666,0.006465063896030188,0.13991881906986237,0.3697918951511383,0.4471876621246338,0.5771790146827698,0.3615719974040985,0.21945616602897644,0.09556353092193604,0.022026313468813896,-0.02003050036728382,-0.05102672055363655,-0.04266079142689705,-0.0513433963060379,-0.08198459446430206,-0.03204186633229256,-0.04845977947115898,-0.06462936848402023,0.007058660965412855,-0.03983030840754509,-0.05302955582737923,0.034364793449640274,-0.013078701682388783,-0.1047288104891777,-0.01985866203904152,-0.027970001101493835,-0.02257756143808365,-0.06585618853569031,-0.15304455161094666,-0.007425532676279545,-0.030328847467899323,0.006290774792432785,0.23671606183052063,0.32822152972221375,0.07411576062440872,-0.18674230575561523,0.1787731945514679,-0.23142418265342712,-0.055039238184690475,-0.03547701984643936,-0.06027426943182945,0.03409051522612572,-0.060067687183618546,0.12134148925542831,-0.06628281623125076,-0.012209472246468067,0.04676048457622528,0.15472504496574402,-0.12135516852140427,-0.02889210358262062,0.12741127610206604,0.012473214417696,0.1781335026025772,0.07200992107391357,-0.03992192819714546,-0.1998114287853241,0.09462916105985641,0.014620784670114517,-0.12697087228298187,0.0020461026579141617,0.13051380217075348,-0.02923605591058731,-0.12164881825447083,1.0781855583190918,-0.8879942893981934,0.7346467971801758,-0.8573638796806335,0.3556061089038849,0.1278558224439621,0.013944682665169239,0.07583516091108322,-0.2600706219673157,0.18403135240077972,-0.2542347311973572,-0.014914881438016891,-0.1051856204867363,0.27673524618148804,-0.05760088562965393,-0.13923655450344086,-0.04182574898004532,0.042204294353723526,0.22138507664203644,-0.3247203230857849,0.5325844883918762,-0.1559370905160904,-0.1474042683839798,0.021449429914355278,0.25324445962905884,-0.20285028219223022,0.029386218637228012,0.08514388650655746,0.08280278742313385,-1.27207612991333,-0.4545752704143524,-0.06855669617652893,-0.3949342370033264,-1.7149859843357262e-07,0.015906471759080887,-0.00035798142198473215,3.4961416872647533e-07,-4.103708022284991e-07,-2.9434844691422768e-05,-0.0006478900904767215,-0.8186290860176086,0.16453488171100616,0.05914807692170143,0.001790821086615324,0.018792005255818367,0.032999757677316666,0.10457354784011841,0.0685829147696495,0.0751204788684845
11,0.0010703719453886151,0.0023376275785267353,0.001522294944152236,-0.00099021359346807,-0.003320349147543311,-0.004133041016757488,-0.0029638095293194056,-0.0026469239965081215,-0.002879967913031578,-0.0028078858740627766,-0.0018088455544784665,-3.6725480185850756e-06,0.0047678109258413315,0.02188456803560257,0.04077983647584915,0.07235387712717056,0.08664687722921371,0.052365511655807495,0.04424630105495453,0.02310832403600216,0.012444328516721725,0.003396826796233654,-0.004000231623649597,-0.008970891125500202,-0.012621082365512848,-0.008358621969819069,-0.011719804257154465,-0.008604268543422222,-0.009648198261857033,-0.0075626010075211525,0.006405957508832216,0.05738290026783943,0.13294503092765808,0.2677956223487854,0.3817129135131836,0.5407201051712036,0.6557047367095947,0.4679221510887146,0.29585492610931396,0.1339515745639801,0.08801360428333282,0.05418429151177406,0.01734413206577301,-0.004717111587524414,-0.03591165691614151,-0.04068043455481529,-0.03853178024291992,-0.03491472825407982,-0.03606725484132767,-0.022372093051671982,-0.03700821101665497,-0.02269844524562359,-0.017712417989969254,-0.00675013056024909,0.009011450223624706,0.0225042887032032,0.050862401723861694,0.03144857659935951,0.023170271888375282,0.012780988588929176,-0.0023948638699948788,-0.01042203139513731,-0.02608601748943329,-0.011652215383946896,-0.0121768144890666,-0.03185063600540161,0.012525691650807858,-0.022950666025280952,-0.013324165716767311,0.021287638694047928,0.09513712674379349,0.18303458392620087,0.18096834421157837,0.3662891089916229,0.0634147897362709,0.11771619319915771,0.04146886616945267,0.06314747035503387,-0.024516306817531586,0.039225347340106964,0.16350731253623962,-0.07428959757089615,0.01886814832687378,-0.0033164534252136946,-0.010705775581300259,0.09636764228343964,-0.1013142466545105,0.3048326373100281,-0.08192846924066544,0.8326104283332825,0.6402984857559204,-0.3976609408855438,-1.7329521179199219,0.25941482186317444,0.5765950679779053,-0.2571239769458771,0.19628939032554626,-0.14569306373596191,0.11021734774112701,0.20653346180915833,0.39938369393348694,-0.18106324970722198,0.24334914982318878,0.07895482331514359,-0.007853840477764606,-0.4649558365345001,0.444674015045166,-0.1844554841518402,1.0422933101654053,-2.373915910720825,3.186497211456299,-1.9500340223312378,1.835536003112793,-0.8350949287414551,-0.20646652579307556,-0.52727872133255,0.6198040843009949,-0.27541837096214294,0.9545758962631226,0.23889590799808502,0.026221491396427155,0.01802259311079979,0.011208148673176765,-0.12179097533226013,-0.014002266339957714,0.03901143744587898,-0.198945090174675,0.7065557837486267,-0.9839036464691162,0.11030341684818268,0.32750681042671204,-0.18175415694713593,0.19417491555213928,0.24793463945388794,-0.15867839753627777,0.47035759687423706,-1.4303793907165527,1.743487000465393,-0.6160617470741272,-0.42517757415771484,-0.05409247428178787,-1.2663893755870959e-07,-0.008343168534338474,-9.429135388927534e-05,-6.707812190143159e-07,1.1164630109306017e-08,-1.0912201105384156e-05,-0.00011933673522435129,-5.752392768859863,0.1808130145072937,0.01510008703917265,-0.0036759309004992247,-0.011043446138501167,0.013515088707208633,-0.0002931544731836766,0.023503798991441727,0.018187902867794037
12,-0.0003960236790589988,-0.0019032973796129227,-0.005091147031635046,-0.003990743774920702,-0.006195883732289076,-0.005827904213219881,-0.004052321892231703,-0.00309481262229383,-0.0033282882068306208,-0.0035522421821951866,-0.0030456900130957365,-0.0027150290552526712,-0.003485267050564289,-0.005213908851146698,-0.006587801035493612,-0.007875361479818821,-0.00743928924202919,-0.0032613216899335384,0.00797479972243309,0.031386323273181915,0.08697273582220078,0.16058824956417084,0.1318892240524292,0.12329129874706268,0.0864672139286995,0.025613967329263687,0.006145339459180832,-0.0048126233741641045,-0.011482787318527699,-0.01482765469700098,-0.028539571911096573,-0.02700374834239483,-0.02600160613656044,-0.025860166177153587,-0.03232968971133232,-0.047630105167627335,-0.06484406441450119,-0.056252431124448776,-0.04794243723154068,-0.020220257341861725,0.02592179924249649,0.1598004698753357,0.33173036575317383,0.6325209736824036,1.265444040298462,0.9344301223754883,0.7168270945549011,0.37272000312805176,0.24386870861053467,0.06885958462953568,0.007549597881734371,-0.018552305176854134,-0.029431920498609543,-0.030015768483281136,-0.03889533132314682,-0.029220780357718468,-0.03589288890361786,-0.021787557750940323,-0.023546911776065826,-0.031389571726322174,-0.011567436158657074,-0.019518226385116577,-0.03844014182686806,-0.004035103600472212,-0.03592492267489433,-0.03984244540333748,0.005344312638044357,-0.01798342913389206,-0.0786256492137909,-0.018034927546977997,-0.01176544465124607,-0.0003765609872061759,0.0022572583984583616,0.013170314021408558,0.015170574188232422,0.018822159618139267,0.0070268986746668816,-0.01106531172990799,-0.08966631442308426,0.050159864127635956,0.19319243729114532,0.10562677681446075,0.07081043720245361,-0.03608186915516853,-0.14025510847568512,0.07048593461513519,-0.07375556230545044,-0.022954702377319336,0.001856497605331242,-0.03636360540986061,-0.00792683195322752,0.0033808834850788116,-0.04015074670314789,0.02213902771472931,-0.0064948564395308495,-0.06604021042585373,0.035028472542762756,-0.016048230230808258,-0.0319671556353569,-0.06858789175748825,-0.11316369473934174,0.029219074174761772,0.013031886890530586,0.12581971287727356,-0.16279177367687225,-1.51338529586792,2.9609732627868652,1.0769323110580444,1.2159305810928345,-0.975902259349823,0.8161965608596802,-0.6311191320419312,0.1846209615468979,0.02139107882976532,0.012433437630534172,-0.009255162440240383,-0.11987648904323578,0.1168866902589798,-0.13594447076320648,0.027770444750785828,0.024989934638142586,0.018549304455518723,-0.0068113612942397594,0.04578065872192383,-0.041957788169384,-0.14090847969055176,-1.3935143947601318,2.9035985469818115,-6.353250503540039,1.8778280019760132,-0.5042207837104797,-2.0310871601104736,-1.0301039218902588,-0.6444035768508911,0.04759829863905907,0.014531517401337624,0.4476005434989929,-0.529098391532898,-0.14286623895168304,0.21704581379890442,-0.049727827310562134,3.7601196822834027e-08,-0.0038068126887083054,-9.698828944237903e-05,-1.0085567510031979e-06,1.5720141277597577e-07,-7.1735030360287055e-06,-0.00016426449292339385,0.2877942621707916,0.2183632105588913,0.035045869648456573,-0.004551217425614595,0.014868092723190784,0.017058875411748886,0.03524519503116608,0.035835277289152145,0.01876162365078926
13,0.0020550659392029047,0.011171639896929264,0.018342070281505585,0.01527373492717743,0.014439506456255913,0.006321962457150221,-0.00023383405641652644,-0.0037962268106639385,-0.00542762316763401,-0.007334572263062,-0.005925469100475311,-0.005475998390465975,-0.007254393305629492,-0.011459854431450367,-0.01329057477414608,-0.016836101189255714,-0.01847650296986103,-0.01725521683692932,-0.02371174655854702,-0.02716246247291565,-0.03568873554468155,-0.04780619591474533,-0.03395980969071388,-0.03525124862790108,-0.038663752377033234,-0.023032434284687042,-0.031212886795401573,-0.022780699655413628,-0.023281961679458618,-0.024087853729724884,-0.0349724106490612,-0.02114020846784115,-0.008047234266996384,-0.0008328945841640234,0.005272610578685999,0.013642307370901108,0.027885301038622856,0.03738679736852646,0.05062242969870567,0.05977959558367729,0.095661960542202,0.158151313662529,0.19268417358398438,0.184843048453331,0.3344542980194092,0.19920608401298523,0.1570063978433609,0.11371562629938126,0.08471862226724625,0.039486195892095566,0.029519042000174522,0.0005207141512073576,-0.01582496426999569,-0.023057131096720695,-0.046647898852825165,-0.033476658165454865,-0.05455811694264412,-0.040992241352796555,-0.049024056643247604,-0.060923922806978226,-0.02494489587843418,-0.03899385407567024,-0.06283272057771683,-0.0010359736625105143,-0.009018982760608196,-0.027570420876145363,0.04558149352669716,-0.014136147685348988,-0.09293940663337708,-0.00046009154175408185,-0.03471449017524719,-0.04637804999947548,-0.018129674717783928,-0.05037674307823181,0.00839104875922203,0.01954231783747673,-0.04465008154511452,0.05462317541241646,0.09035356342792511,-0.06658831238746643,-0.0975649431347847,0.05546167492866516,0.00022032191918697208,-0.04037183150649071,-0.09008441120386124,0.1757063865661621,-0.06669580191373825,0.05058782175183296,-0.07437571883201599,-0.03057805448770523,-0.017741553485393524,0.006496652495115995,0.0436750128865242,-0.07371121644973755,-0.061785370111465454,0.07224457710981369,-0.020874593406915665,0.27609753608703613,0.0028403340838849545,0.04442131891846657,-0.2879236936569214,0.21857760846614838,0.05589532107114792,-0.10029537230730057,0.05529588460922241,0.3009597659111023,-0.27851930260658264,0.05443437397480011,-0.06990433484315872,0.20989519357681274,-0.1993824690580368,0.2182379812002182,-0.12108329683542252,0.03125470504164696,-0.056774597615003586,-0.05340114235877991,0.14324074983596802,-0.46971213817596436,0.26620131731033325,-0.04886073246598244,0.03140050917863846,-0.352407842874527,0.17183062434196472,0.3088444769382477,0.11982931196689606,-0.14257225394248962,-0.3358166217803955,0.11747667193412781,-0.46717870235443115,-0.13642163574695587,0.1037951186299324,0.02965954691171646,0.1068626418709755,0.06830380111932755,0.12267661094665527,0.12417338043451309,-0.22728587687015533,0.08781670778989792,0.12565281987190247,0.0005053474451415241,0.10384940356016159,7.295646753391338e-08,0.01836605928838253,-0.00033071055077016354,-1.5660149301766069e-06,5.995869969410705e-07,-2.766406578302849e-05,-0.0006213971646502614,0.10101238638162613,0.1003684550523758,0.038370586931705475,-0.0027384923305362463,-0.028481408953666687,0.030700286850333214,0.04073662683367729,0.08927080780267715,0.020679816603660583
14,-0.0004930552095174789,-0.002484892727807164,-0.005734527483582497,-0.0055236476473510265,-0.008586263284087181,-0.007876614108681679,-0.004992321599274874,-0.004414900206029415,-0.00423805508762598,-0.005076734349131584,-0.003973986487835646,-0.0037868604995310307,-0.0050468603149056435,-0.006717440206557512,-0.006211589556187391,-0.0018097934080287814,0.007288047112524509,0.02113354578614235,0.04489253833889961,0.08378230780363083,0.1323305070400238,0.22688990831375122,0.13296474516391754,0.09298259019851685,0.04413734748959541,0.0037980503402650356,-0.012493087910115719,-0.013100230135023594,-0.01802005246281624,-0.019619978964328766,-0.037169378250837326,-0.03885654732584953,-0.03281612694263458,-0.028085751459002495,-0.02760644443333149,-0.033441804349422455,-0.03571928292512894,-0.006031201221048832,0.05983572080731392,0.16631747782230377,0.32167351245880127,0.7826803922653198,0.8146135807037354,0.8975648880004883,1.050167202949524,0.418755441904068,0.17166933417320251,0.026128429919481277,-0.03212603181600571,-0.03717637434601784,-0.056565456092357635,-0.039397820830345154,-0.037396397441625595,-0.026358814910054207,-0.02720041759312153,-0.019668033346533775,-0.028874875977635384,-0.03316003084182739,-0.04106803983449936,-0.045831937342882156,-0.02482006512582302,-0.046500302851200104,-0.06028503552079201,-0.005434802733361721,-0.02019411325454712,-0.022453734651207924,0.0017027154099196196,0.0027329595759510994,0.12779657542705536,0.07849092036485672,0.2513850927352905,0.23055200278759003,0.17690971493721008,0.1428169459104538,0.022782523185014725,-0.028193728998303413,0.03995261713862419,-0.1298271119594574,-0.20078913867473602,0.11048133671283722,0.24773259460926056,0.10398878157138824,0.028054095804691315,-0.006612583063542843,-0.06410475075244904,0.009053660556674004,-0.010312458500266075,-0.008869201876223087,-0.05882952734827995,0.10996353626251221,0.01829812116920948,-0.03111356496810913,-0.09493596851825714,-0.0030884856823831797,-0.01211514137685299,0.012595737352967262,-0.028606800362467766,-0.011048005893826485,0.033510785549879074,0.0739346370100975,0.9990643262863159,-0.44679492712020874,0.04426242783665657,2.0629844665527344,-0.5257136225700378,-1.4209221601486206,1.5899280309677124,-0.26899808645248413,-0.0769587829709053,0.009367134422063828,-0.1812266707420349,0.1943206638097763,-0.29083776473999023,-0.09410825371742249,0.005169442854821682,0.01663876697421074,-0.16393280029296875,-0.07263890653848648,0.11182872951030731,-0.04606511816382408,0.291861355304718,-1.2389068603515625,0.5919350981712341,-0.005765496753156185,2.491577625274658,0.8048937320709229,-3.776231527328491,1.8266371488571167,-1.6385682821273804,0.6652035117149353,0.05932936444878578,0.009760322980582714,-0.19627319276332855,0.39709901809692383,-0.1870727688074112,-0.09934913367033005,0.06209603697061539,-0.00031221803510561585,0.04315349459648132,0.004371698945760727,0.058966219425201416,1.2270182025986287e-07,-0.014421234838664532,-0.00017979781841859221,-2.0077989120181883e-06,3.3416986866541265e-07,-1.7688867956167087e-05,-0.00029289693338796496,-6.89317512512207,0.2776820957660675,0.041336387395858765,-0.007001744583249092,0.013549561612308025,0.025947900488972664,0.03731616958975792,0.04163511469960213,0.016199102625250816
15,0.0007224082946777344,0.0046771313063800335,0.011974615976214409,0.01885189116001129,0.02491341158747673,0.02273663878440857,0.013756404630839825,0.006728004198521376,-0.00011794143210863695,-0.005477209109812975,-0.006561421323567629,-0.006040917709469795,-0.007843928411602974,-0.0111085819080472,-0.012563597410917282,-0.014936083927750587,-0.013785402290523052,-0.008011721074581146,-0.0057448227889835835,-0.0015464399475604296,-0.00019590440206229687,-0.003942301031202078,-0.011639818549156189,-0.02220930904150009,-0.027570592239499092,-0.011253166943788528,0.0036873442586511374,0.02219643071293831,0.055690351873636246,0.07752691209316254,0.11945600807666779,0.0596601627767086,0.01159379817545414,-0.010440914891660213,-0.016207562759518623,-0.01567155122756958,-0.002433372661471367,0.011416761204600334,0.01748279482126236,0.010755475610494614,0.015077181160449982,0.02872518077492714,0.05983344838023186,0.058852508664131165,0.1263303905725479,0.05831344798207283,0.0449165478348732,0.028048411011695862,0.036063674837350845,0.04929013550281525,0.10124151408672333,0.05738737806677818,0.015211829915642738,-0.007222091779112816,-0.032928742468357086,-0.018396373838186264,-0.032317012548446655,-0.013676629401743412,-0.015274266712367535,-0.016040025278925896,-0.0037156043108552694,-0.013676725327968597,-0.021930266171693802,-0.013550017029047012,-0.0017940114485099912,0.032057568430900574,-0.04134165495634079,-0.024897629395127296,-0.022689562290906906,-0.026117296889424324,-0.01582358591258526,-0.016727540642023087,-0.0005865204730071127,0.044123437255620956,0.006045676302164793,-0.03967270255088806,-0.11554580926895142,-0.009565629065036774,0.02090275101363659,-0.035072341561317444,-0.051695700734853745,0.026396501809358597,-0.06583739072084427,-0.14084702730178833,-0.12844277918338776,0.019351353868842125,-0.054351311177015305,-0.007619374897330999,-0.10001255571842194,-0.05228661000728607,-0.03174690529704094,0.002533958526328206,0.02144099958240986,-0.06011448800563812,-0.013254744932055473,-0.0547054186463356,0.03365735709667206,-0.2686713933944702,-0.1620498150587082,-0.04545871168375015,-0.10378655791282654,0.10836271196603775,0.03903903812170029,-0.083318792283535,-0.016913240775465965,0.3549607992172241,-0.19085800647735596,0.12253127247095108,-0.05577108636498451,0.40162935853004456,-0.39161360263824463,0.17269949615001678,-0.2608676254749298,0.038097698241472244,0.26444751024246216,0.1587434858083725,-0.15136654675006866,0.5651126503944397,-0.4247046709060669,0.10845635831356049,0.01625513844192028,0.19880595803260803,0.05613383650779724,-0.20762668550014496,-0.054659925401210785,0.0003199200436938554,0.15612301230430603,-0.39411184191703796,0.5244601368904114,-0.10566280782222748,-0.06317482888698578,-0.08389610052108765,0.20784759521484375,-0.45720943808555603,0.2083187848329544,0.4990173578262329,-0.33346402645111084,0.24221064150333405,0.05344218760728836,0.1166435182094574,0.06008213013410568,-7.216494850581512e-07,-0.02673269994556904,-0.000210855869227089,-1.266004801436793e-06,-5.05560251440329e-07,-1.6340456568286754e-05,-0.0002960887795779854,0.4600464105606079,-0.13359194993972778,-0.1472562849521637,-0.007868101820349693,-0.026730846613645554,-0.18692612648010254,-0.16096355020999908,-0.11488848924636841,-0.16805121302604675
16,-0.001116124214604497,-0.005725285038352013,-0.012239918112754822,-0.01612779311835766,-0.01852934993803501,-0.015468170866370201,-0.011056073941290379,-0.009862085804343224,-0.00864613987505436,-0.009529647417366505,-0.007685340940952301,-0.006508171558380127,-0.008522323332726955,-0.011828121729195118,-0.014454691670835018,-0.01779591292142868,-0.019246969372034073,-0.017871512100100517,-0.02454107627272606,-0.029018430039286613,-0.037327252328395844,-0.049206629395484924,-0.03443401679396629,-0.035524703562259674,-0.03411538898944855,-0.013549992814660072,-0.0049222297966480255,0.006898936815559864,0.019551724195480347,0.02133842557668686,0.016664134338498116,-0.016847601160407066,-0.03631235659122467,-0.04671524465084076,-0.05487927421927452,-0.07650455087423325,-0.09392186999320984,-0.08781984448432922,-0.08890286087989807,-0.0748116672039032,-0.08691585063934326,-0.10003360360860825,-0.09922338277101517,-0.07715034484863281,-0.10344000905752182,-0.044474415481090546,-0.031292349100112915,-0.02781638130545616,-0.04082513973116875,-0.04361407831311226,-0.07570376992225647,-0.049229539930820465,-0.03850801661610603,-0.02802702970802784,-0.03465765342116356,-0.018581008538603783,-0.037967100739479065,-0.03469841927289963,-0.04415636137127876,-0.06209520995616913,-0.016309641301631927,-0.023060478270053864,-0.02807505615055561,-0.008252128958702087,-0.017994029447436333,-0.03924264386296272,0.04191242903470993,-0.005822396371513605,-0.09545331448316574,0.023139381781220436,0.007829684764146805,-0.02307196706533432,-0.04683365672826767,-0.18712730705738068,-0.03263024613261223,-0.010161339305341244,0.07904832810163498,-0.024204593151807785,-0.009148335084319115,-0.01804318279027939,-0.04816952720284462,0.023996494710445404,-0.02677515149116516,0.0072624110616743565,0.026221390813589096,-0.09285774827003479,0.03467673063278198,-0.053558286279439926,0.12916244566440582,-0.12951290607452393,0.03267119824886322,0.04636364057660103,0.15588468313217163,-0.08397503197193146,-0.07066456973552704,0.08396298438310623,-0.0529283843934536,0.179591566324234,-0.014856530353426933,0.019605398178100586,-0.25735872983932495,0.14896255731582642,0.07753876596689224,-0.09805600345134735,-0.01918637380003929,0.3066159784793854,-0.2250206172466278,0.10088169574737549,-0.11685259640216827,0.33516696095466614,-0.36272773146629333,0.22677834331989288,-0.19916781783103943,0.008251790888607502,0.05114273726940155,0.09553192555904388,-0.1899099200963974,0.4243166744709015,-0.4020310640335083,0.09829957038164139,0.022257598116993904,0.22300121188163757,-0.05888146907091141,-0.13046813011169434,-0.046445682644844055,0.014584522694349289,0.20886127650737762,-0.31313157081604004,0.5147762894630432,-0.06790419667959213,0.002721209777519107,0.0007326125632971525,0.14988228678703308,-0.2276603877544403,0.1303216964006424,0.3945944905281067,-0.4616589844226837,0.21467477083206177,0.1435689628124237,-0.044506654143333435,0.0715847983956337,3.934231699531665e-06,-0.020363040268421173,0.000792314822319895,-1.4637286085417145e-06,1.8569153326097876e-06,0.00014107604511082172,0.0010050809942185879,2.2665534019470215,-0.31641170382499695,0.0038014266174286604,0.009946055710315704,0.056798093020915985,-0.0038169582840055227,0.009583798237144947,0.03476957976818085,0.054166361689567566
17,-0.001338954083621502,-0.005430508870631456,-0.010451219975948334,-0.012104463763535023,-0.013593791984021664,-0.011053146794438362,-0.008178794756531715,-0.007007346488535404,-0.0065361615270376205,-0.007045955862849951,-0.005662808194756508,-0.005535013973712921,-0.006261798087507486,-0.009260975755751133,-0.008111896924674511,-0.0012643721420317888,0.02284390851855278,0.05237029120326042,0.14509278535842896,0.19494572281837463,0.2630133628845215,0.2809380888938904,0.11467062681913376,0.05679677799344063,0.0028513027355074883,-0.01184183731675148,-0.022647429257631302,-0.016240473836660385,-0.022145509719848633,-0.025176744908094406,-0.04760817438364029,-0.04605218395590782,-0.04650358855724335,-0.05168183147907257,-0.05661908909678459,-0.08732154220342636,-0.11879580467939377,-0.1227947473526001,-0.11799244582653046,-0.08867887407541275,-0.08967972546815872,-0.10238631069660187,-0.09640594571828842,-0.09275954961776733,-0.16300709545612335,-0.08241540938615799,0.007553004659712315,0.1453189104795456,0.38777628540992737,0.4381544888019562,0.6087777018547058,0.4044468104839325,0.23626990616321564,0.09703830629587173,0.023507913574576378,-0.021037103608250618,-0.053546320647001266,-0.04217991977930069,-0.04835541918873787,-0.0791206806898117,-0.037740904837846756,-0.048631731420755386,-0.06678492575883865,-0.0022855543065816164,-0.04132416471838951,-0.05526334047317505,0.03321704640984535,-0.021468577906489372,-0.10762375593185425,-0.012615694664418697,-0.032004136592149734,-0.02771637961268425,-0.05978132411837578,-0.1729670912027359,-0.010556211695075035,-0.027953200042247772,0.00721507566049695,0.2824217975139618,0.2895141839981079,-0.008498494513332844,-0.1873348355293274,0.2301272302865982,-0.2427724450826645,-0.04088933765888214,-0.03909250721335411,-0.06448712944984436,0.029143361374735832,-0.055047594010829926,0.11380729079246521,-0.0637969821691513,-0.0182130616158247,0.042402345687150955,0.174448162317276,-0.10250544548034668,-0.046266209334135056,0.12207259982824326,0.012163078412413597,0.210672989487648,0.05889388546347618,-0.03450721129775047,-0.2088889181613922,0.09948891401290894,0.01072616782039404,-0.11748731881380081,0.009107223711907864,0.14233358204364777,-0.0263273473829031,-0.24274438619613647,0.8540394902229309,-0.877577543258667,0.7045708298683167,-0.9550791382789612,0.3138922452926636,0.102345310151577,0.016158102080225945,0.07553271949291229,-0.2875642478466034,0.2096414417028427,-0.2617676258087158,-0.0009233299642801285,-0.08664136379957199,0.2547462284564972,-0.05599153786897659,-0.18888433277606964,-0.04198388755321503,0.06613857299089432,0.21712236106395721,-0.3482016921043396,0.4858485162258148,-0.11820463091135025,-0.14407819509506226,0.017057394608855247,0.31938421726226807,-0.20803086459636688,0.022529639303684235,0.11249806731939316,0.06465965509414673,-0.8247812390327454,-0.2662416696548462,0.48473092913627625,-0.27205243706703186,-1.4244346857594792e-07,0.01704074628651142,-1.6911440980038606e-05,6.370590654114494e-06,-3.1536762890027603e-07,-2.5225543140550144e-05,-0.0006345526780933142,-1.578866720199585,0.19112899899482727,0.059446681290864944,0.0008367421105504036,0.01951507106423378,0.03321538865566254,0.10805844515562057,0.07142448425292969,0.07777590304613113
18,0.004116283729672432,0.022427881136536598,0.046284548938274384,0.05419011786580086,0.044498544186353683,0.01960478350520134,0.0021941077429801226,-0.0051972512155771255,-0.007539127022027969,-0.009387916885316372,-0.007581751793622971,-0.006618334446102381,-0.008576532825827599,-0.0117590157315135,-0.013974996283650398,-0.016221782192587852,-0.014794513583183289,-0.00920460931956768,-0.0063049751333892345,-0.0002957338001579046,0.0010049411794170737,-0.0036275810562074184,-0.012383627705276012,-0.024198293685913086,-0.03459349647164345,-0.0214157123118639,-0.03095986880362034,-0.021431682631373405,-0.025312582030892372,-0.029966270551085472,-0.05758380889892578,-0.05660952627658844,-0.053509898483753204,-0.05602087453007698,-0.06751420348882675,-0.10617159307003021,-0.15057441592216492,-0.14966510236263275,-0.14070913195610046,-0.09784436225891113,-0.08954372256994247,-0.06991207599639893,-0.018092172220349312,0.04733657091856003,0.19643595814704895,0.14063990116119385,0.0967913568019867,0.02541062980890274,-0.020986298099160194,-0.04117430001497269,-0.07859030365943909,-0.054701682180166245,-0.04286209121346474,-0.031856633722782135,-0.03864288330078125,-0.018943706527352333,-0.0343937911093235,-0.028742944821715355,-0.04044657200574875,-0.05867506191134453,-0.014776852913200855,-0.026196563616394997,-0.043212566524744034,-0.0033387774601578712,-0.025523794814944267,-0.0538509264588356,0.04049216955900192,-0.004682199563831091,-0.09188021719455719,0.03217160701751709,0.01935685984790325,-0.012834065593779087,-0.03392333164811134,-0.15612734854221344,-0.022390641272068024,-0.0011784998932853341,0.07474441826343536,-0.030266156420111656,-0.007113440427929163,0.014545675367116928,-0.0216088704764843,0.021174350753426552,-0.015018762089312077,0.006710081361234188,-0.014227627776563168,-0.031923599541187286,-0.013607397675514221,-0.01828939840197563,-0.046455543488264084,-0.11009044945240021,0.008989416062831879,0.04432251304388046,0.143067866563797,-0.07902491092681885,-0.0893283486366272,0.100397989153862,-0.06248169392347336,0.24317945539951324,-0.008356703445315361,0.03160162270069122,-0.2471376210451126,0.15071944892406464,0.07020127773284912,-0.09936918318271637,-0.035089652985334396,0.3422226309776306,-0.2181473672389984,0.10079621523618698,-0.1294650286436081,0.3670724332332611,-0.38263019919395447,0.16022120416164398,-0.1787419468164444,-0.014127244241535664,0.0923273116350174,0.09381937235593796,-0.2011914700269699,0.394654780626297,-0.40008673071861267,0.09641971439123154,0.0488673560321331,0.3370208442211151,0.011537577956914902,-0.2822449207305908,-0.13673123717308044,0.05709553137421608,0.19241443276405334,-0.2862606644630432,0.3874076008796692,-0.08259961009025574,0.03806441277265549,-0.00788643304258585,0.19181378185749054,-0.2684246599674225,0.13133390247821808,0.3857872486114502,-0.4213869273662567,0.17512910068035126,0.14201270043849945,-0.02697228081524372,0.07653091847896576,-9.599555141903693e-07,0.006008237134665251,0.0003524005878716707,1.6618747622487717e-06,1.5561641930617043e-06,-2.942761784652248e-05,0.0006953162373974919,1.9640251398086548,-0.24489405751228333,-0.026034504175186157,0.022456862032413483,-0.029239656403660774,0.040273960679769516,0.013819153420627117,-0.016077375039458275,0.04146982356905937
19,-0.0011849291622638702,-0.0044963667169213295,-0.006525765173137188,-0.002962287049740553,0.00507138017565012,0.011852612718939781,0.011031952686607838,0.009604726918041706,0.008912283927202225,0.011866646818816662,0.012116500176489353,0.00891318079084158,0.006778656970709562,0.00030289869755506516,-0.006326414179056883,-0.01213674247264862,-0.013042879290878773,-0.007926523685455322,-0.005758241750299931,-0.0015513359103351831,-0.00018816301599144936,-0.003930483944714069,-0.011735941283404827,-0.022676685824990273,-0.029379241168498993,-0.014321031048893929,-0.00677492143586278,0.009307025000452995,0.032349806278944016,0.04938328266143799,0.07910355925559998,0.03922783210873604,0.006809934042394161,-0.006376245990395546,-0.003514011623337865,0.014122952707111835,0.05253937095403671,0.06751544773578644,0.06079086661338806,0.028248298913240433,0.021151846274733543,0.027067124843597412,0.04712938517332077,0.03781723603606224,0.05708000436425209,0.0027549145743250847,-0.021391969174146652,-0.021115293726325035,-0.005910729058086872,0.022334501147270203,0.07542796432971954,0.05411088466644287,0.021739915013313293,0.003215342527255416,-0.012728303670883179,-0.009803413413465023,-0.011848974972963333,-0.00630147336050868,-0.006708810571581125,-0.006096155848354101,-0.005120622925460339,-0.012658663094043732,-0.024637509137392044,-0.010055542923510075,-0.0029199912678450346,0.03199208527803421,-0.03897583857178688,-0.025175904855132103,-0.027370844036340714,-0.020359400659799576,-0.006673098541796207,-0.015056095086038113,-0.008095305413007736,-0.01179988868534565,0.008079594932496548,-0.025401435792446136,-0.0900808796286583,-0.009001147001981735,0.015312227420508862,-0.04267293959856033,-0.06044048070907593,0.017934001982212067,-0.068308986723423,-0.12115615606307983,-0.10007854551076889,-0.000809410004876554,-0.027153484523296356,-0.013432279229164124,-0.07061123102903366,-0.06482448428869247,-0.02691075950860977,0.008184205740690231,0.03591648116707802,-0.06208241358399391,-0.01911805383861065,-0.0662282407283783,0.034724730998277664,-0.2558421790599823,-0.1371818482875824,-0.0311360452324152,-0.14073872566223145,0.11567201465368271,0.03898065537214279,-0.08468348532915115,-0.019568048417568207,0.35388028621673584,-0.18780718743801117,0.12343477457761765,-0.06337044388055801,0.39871475100517273,-0.38171887397766113,0.17863677442073822,-0.2662450969219208,0.034330692142248154,0.264311820268631,0.15186725556850433,-0.15288984775543213,0.5607008337974548,-0.4200918674468994,0.11028790473937988,0.0185604989528656,0.20617607235908508,0.05253622308373451,-0.20635557174682617,-0.05884067714214325,0.0030941274017095566,0.15767911076545715,-0.389765202999115,0.5248918533325195,-0.09773025661706924,-0.0695708766579628,-0.08309191465377808,0.20715515315532684,-0.4534149467945099,0.20750810205936432,0.4934637248516083,-0.34056511521339417,0.23972168564796448,0.05410197749733925,0.11112034320831299,0.056865543127059937,-7.369216064034845e-07,-0.044605035334825516,-0.00041431994759477675,-2.1507273686438566e-06,-9.771961231308524e-07,-2.814216713886708e-05,-0.0005341448704712093,0.5863159894943237,-0.14879463613033295,-0.14795590937137604,-0.008282884024083614,-0.018357595428824425,-0.18056368827819824,-0.16780251264572144,-0.11699377745389938,-0.16321857273578644
20,-0.0013697793474420905,-0.005868952255696058,-0.01196048129349947,-0.015902502462267876,-0.018625950440764427,-0.01571376621723175,-0.011085840873420238,-0.009853512048721313,-0.008898748084902763,-0.009650745429098606,-0.0077949147671461105,-0.0064319707453250885,-0.008350824937224388,-0.011394115164875984,-0.013163814321160316,-0.015487167052924633,-0.014230245724320412,-0.008565451949834824,-0.006076065823435783,-0.0015113679692149162,-0.00014986148744355887,-0.0039827050641179085,-0.012020539492368698,-0.022898556664586067,-0.029575785622000694,-0.013415828347206116,-0.0017941626720130444,0.01766599901020527,0.04972188547253609,0.0759485587477684,0.13060128688812256,0.07938417792320251,0.03650354593992233,0.020295701920986176,0.0285372044891119,0.05509044975042343,0.09698523581027985,0.09634419530630112,0.07380283623933792,0.029195498675107956,0.020718326792120934,0.02927209809422493,0.04891323298215866,0.041394393891096115,0.06192740052938461,0.002954160561785102,-0.024546831846237183,-0.027819862589240074,-0.01899212971329689,0.00428038602694869,0.03561253845691681,0.024833856150507927,0.0016373229445889592,-0.01247366052120924,-0.03493770584464073,-0.018096797168254852,-0.03043076954782009,-0.014865337871015072,-0.016256527975201607,-0.022080637514591217,-0.005444297567009926,-0.02311166562139988,-0.043650537729263306,-0.004413116257637739,-0.010082555003464222,0.01866493560373783,-0.027855705469846725,-0.024286748841404915,-0.027657892554998398,-0.015161207877099514,-0.0017080014804378152,-0.014187004417181015,-0.01816624216735363,-0.0588725283741951,0.005220441613346338,-0.007460942491889,-0.03733089938759804,-0.015908369794487953,-0.0055052293464541435,0.006740173324942589,-0.02545132488012314,0.013516168110072613,-0.036097265779972076,-0.04331077262759209,-0.03446064889431,-0.052958402782678604,0.032012611627578735,-0.04196224734187126,0.057273756712675095,-0.11290118098258972,-0.001736992970108986,0.027282914146780968,0.1065668836236,-0.0656622126698494,-0.045507173985242844,-0.002863915404304862,-0.0009145434596575797,-0.23791247606277466,-0.15599867701530457,-0.07332947850227356,-0.10056805610656738,0.1025652140378952,0.0416475348174572,-0.08604344725608826,-0.034622374922037125,0.3559379279613495,-0.18146421015262604,0.14019246399402618,-0.04124400392174721,0.40767335891723633,-0.35902905464172363,0.17591452598571777,-0.2621903717517853,0.01772747002542019,0.22097353637218475,0.1552944928407669,-0.14606378972530365,0.604347288608551,-0.4465000629425049,0.10064522922039032,0.0051451860927045345,0.2374017983675003,0.03564510494470596,-0.20014317333698273,-0.07404796779155731,0.010668029077351093,0.14903588593006134,-0.3988361954689026,0.5480687618255615,-0.09165830165147781,-0.09474488347768784,-0.06901179999113083,0.22091731429100037,-0.46083366870880127,0.20433586835861206,0.5014359354972839,-0.3845193088054657,0.2422836273908615,0.08709187060594559,0.07646911591291428,0.07354262471199036,-8.12450309695123e-07,-0.04595201462507248,-0.00011169315257575363,-1.4049318224351737e-06,-4.2602363237165264e-07,-1.0689860573620535e-05,0.00026675232220441103,0.907547652721405,-0.2010534405708313,-0.15542393922805786,-0.007468614261597395,0.02724173106253147,-0.19106389582157135,-0.1718379259109497,-0.11994470655918121,-0.15376794338226318
21,-0.0006985389045439661,-0.002724917372688651,-0.005339417606592178,-0.006431856658309698,-0.006799621973186731,-0.005377735942602158,-0.0020564019214361906,0.0009074192494153976,0.004395266994833946,0.007442453410476446,0.008284562267363071,0.007602157071232796,0.008908151648938656,0.008447174914181232,0.004626716487109661,-0.0008313056314364076,-0.006102310493588448,-0.00838569924235344,-0.011963377706706524,-0.015160624869167805,-0.017614951357245445,-0.021237997338175774,-0.006282424554228783,0.014574109576642513,0.04931625723838806,0.055761806666851044,0.09536445140838623,0.06393572688102722,0.06356748193502426,0.030598372220993042,0.006144376005977392,-0.019847281277179718,-0.025621185079216957,-0.03146381676197052,-0.0345010906457901,-0.053619008511304855,-0.07099927216768265,-0.05631234124302864,-0.01675424538552761,0.05643715709447861,0.1739739030599594,0.44224977493286133,0.6193658113479614,0.6735454797744751,1.0342588424682617,0.600641131401062,0.40411603450775146,0.2497265636920929,0.18446671962738037,0.08463677018880844,0.05727515369653702,0.010780406184494495,-0.005763244815170765,-0.012661994434893131,-0.02265850640833378,-0.019205456599593163,-0.019863903522491455,-0.012696458958089352,-0.009472277015447617,-0.012157605960965157,-0.009525283239781857,-0.013844624161720276,-0.027309512719511986,-0.001594938919879496,-0.017705034464597702,-0.022421536967158318,0.010689856484532356,-0.012782118283212185,-0.09396154433488846,-0.037243399769067764,-0.057088036090135574,-0.033691730350255966,0.016762958839535713,0.13363111019134521,0.04660159349441528,0.08495251089334488,-0.04471837356686592,0.011284458450973034,-0.10102760046720505,0.1323334276676178,0.31333380937576294,0.043979331851005554,0.19420240819454193,-0.023071642965078354,0.12195094674825668,-0.15607194602489471,0.043392449617385864,-0.03141770884394646,0.008438747376203537,0.012579131871461868,-0.041451603174209595,-0.2375534623861313,-0.6472175121307373,0.291793555021286,-0.2944871187210083,0.011100458912551403,-0.08836230635643005,-0.27970239520072937,-0.007447149138897657,0.0003832857182715088,-0.042860761284828186,0.029108360409736633,-0.02607281319797039,-0.04286005720496178,-0.005886032246053219,-0.14571915566921234,0.038539137691259384,0.19878114759922028,-0.19547517597675323,-1.0224734544754028,1.2532076835632324,-1.1392618417739868,0.8384566307067871,-0.14334779977798462,-0.09346272796392441,-0.06046639010310173,0.008347558788955212,0.061004653573036194,-0.18427631258964539,-0.026640329509973526,-0.010121888481080532,-0.17936468124389648,-0.11561216413974762,0.8100970983505249,0.6841040253639221,-1.7934675216674805,-1.2313417196273804,2.5141425132751465,-3.9538238048553467,1.5106194019317627,-0.7685617208480835,-0.05942222476005554,0.2538224160671234,-0.07483590394258499,-0.04722122475504875,-0.01397880632430315,-0.008962813764810562,0.04798174649477005,0.03921911120414734,0.05152219533920288,0.025309259071946144,-1.8629157239047345e-07,-0.011621377430856228,-0.00012681847147177905,-1.8085316924043582e-06,-2.0089076713247778e-07,-1.577960210852325e-05,-0.00016564976249355823,-0.45809540152549744,0.22249381244182587,0.03540944680571556,-0.005670041777193546,-0.00297760684043169,0.021673718467354774,0.035446133464574814,0.04536428302526474,0.019307337701320648
22,0.0001622875133762136,0.0010137938661500812,0.0021602062042802572,0.002057381672784686,0.0009811667259782553,-0.000894519966095686,-0.001641394686885178,-0.0021034209057688713,-0.002372571500018239,-0.0027622245252132416,-0.0021596141159534454,-0.001749824732542038,-0.0010430181864649057,0.0028351645451039076,0.01297583244740963,0.03558499738574028,0.062390174716711044,0.05445830896496773,0.06816376000642776,0.05434028059244156,0.04837094619870186,0.03281616419553757,0.00887758657336235,-0.002846919698640704,-0.009710289537906647,-0.007423976436257362,-0.010825452394783497,-0.007967598736286163,-0.008011898957192898,-0.002387014217674732,0.027195559814572334,0.09470205754041672,0.17246708273887634,0.2753981649875641,0.3570114076137543,0.4637135863304138,0.5662814974784851,0.4114905893802643,0.2746381163597107,0.11841868609189987,0.07301612943410873,0.029446803033351898,-0.001977970590814948,-0.01876125857234001,-0.04283864051103592,-0.03446267917752266,-0.029763927683234215,-0.02626974694430828,-0.029255641624331474,-0.021000269800424576,-0.03412496671080589,-0.022455578669905663,-0.02202937752008438,-0.016461601480841637,-0.021473005414009094,-0.013049998320639133,-0.011239206418395042,0.00046993079013191164,0.010884224437177181,0.024975452572107315,0.016093943268060684,0.016929030418395996,0.01064376626163721,-0.0031213860493153334,-0.007540444377809763,-0.024407146498560905,0.012827908620238304,-0.02224944904446602,-0.05431992560625076,-0.024254873394966125,-0.025862794369459152,-0.0006942933541722596,0.04298652336001396,0.17237113416194916,0.059861622750759125,0.10322268307209015,0.06327488273382187,0.11506027728319168,0.03013136237859726,0.00887999590486288,0.07886405289173126,-0.017806807532906532,-0.008896362036466599,-0.0046774037182331085,-0.003913246560841799,0.05363623797893524,-0.03926311805844307,0.1591469645500183,-0.019865069538354874,0.4076232314109802,0.12862782180309296,-0.15922310948371887,-1.5043673515319824,0.1455117017030716,0.5658454298973083,-0.4449521601200104,0.30496102571487427,-0.2841361165046692,0.0675613284111023,0.11364620923995972,0.31890439987182617,-0.21418732404708862,0.20335812866687775,0.14499099552631378,-0.030727436766028404,-0.7275543808937073,0.998325526714325,0.08853582292795181,0.7917464971542358,-1.7680433988571167,2.541917085647583,-1.3578217029571533,1.0881588459014893,-0.8458040356636047,-0.047869160771369934,-0.504509687423706,0.9542003870010376,-0.26780304312705994,1.0775316953659058,0.17038218677043915,0.023317070677876472,-0.024215634912252426,0.007319501601159573,-0.2138555496931076,-0.15603964030742645,-0.023698627948760986,0.0934385135769844,-0.06587617844343185,-0.04106775298714638,0.017747722566127777,0.07567724585533142,-0.09639575332403183,0.043393656611442566,0.5466195940971375,0.12572938203811646,-0.0007681665010750294,-0.30133068561553955,0.8029080629348755,-0.41624999046325684,-0.7851205468177795,-0.3534497916698456,6.886479386736255e-09,-0.007947701029479504,-0.0001186938097816892,-1.2536575013655238e-06,1.7153686826532066e-07,-1.0949859643005766e-05,-0.00027358197257854044,-4.431136131286621,0.16637113690376282,0.015419523231685162,-0.0030814032070338726,-0.008459385484457016,0.01308517251163721,-0.0022720794659107924,0.01882096379995346,0.020255407318472862
23,0.006758882664144039,0.019957929849624634,0.025269126519560814,0.0224640890955925,0.020052485167980194,0.014985322952270508,0.00738069461658597,0.0012979487655684352,-0.0035944615956395864,-0.007462428417056799,-0.007008779793977737,-0.006456041242927313,-0.008484947495162487,-0.011651556007564068,-0.013898220844566822,-0.016006767749786377,-0.014709432609379292,-0.009211002849042416,-0.006233687978237867,-0.0002233913546660915,0.001078299363143742,-0.00355572160333395,-0.012294722720980644,-0.024028634652495384,-0.034305114299058914,-0.021229591220617294,-0.030783571302890778,-0.021012824028730392,-0.02485910803079605,-0.029378151521086693,-0.057364776730537415,-0.05677687004208565,-0.05359150841832161,-0.05669150874018669,-0.06682160496711731,-0.10354319959878922,-0.13908234238624573,-0.11973820626735687,-0.07677269726991653,-0.02322922833263874,0.009660055860877037,0.02402239665389061,0.020079318434000015,0.0008009765297174454,-0.014304408803582191,-0.019194889813661575,-0.023431560024619102,-0.021190624684095383,-0.024106178432703018,-0.02180745080113411,-0.04397149756550789,-0.03795817121863365,-0.03500889241695404,-0.02883254550397396,-0.03521575778722763,-0.017326053231954575,-0.027511846274137497,-0.02058829553425312,-0.023164326325058937,-0.027021802961826324,-0.010735077783465385,-0.02650800347328186,-0.05672518536448479,0.0015636259922757745,-0.03333837538957596,-0.06364788860082626,0.0460660494863987,-0.003732824232429266,-0.09188352525234222,0.03249247372150421,0.011834262870252132,-0.011512838304042816,-0.03368915244936943,-0.1666852831840515,-0.02172180823981762,-0.008644395507872105,0.0669095441699028,-0.03031177818775177,-0.009841118939220905,-0.019392604008316994,-0.05133166164159775,0.010563460178673267,-0.04914659261703491,-0.03741322085261345,-0.03239254653453827,-0.052182748913764954,0.021507924422621727,-0.03911180794239044,0.09452561289072037,-0.11692779511213303,0.018054217100143433,0.04515750706195831,0.12979744374752045,-0.07937756180763245,-0.06482304632663727,0.08727455139160156,-0.05966876074671745,0.2599043846130371,0.007174916565418243,0.023759694769978523,-0.21895118057727814,0.1307065486907959,0.05950212478637695,-0.10849086195230484,-0.020816555246710777,0.3475436568260193,-0.22517915070056915,0.12257082760334015,-0.13818103075027466,0.3310064375400543,-0.3811827600002289,0.19423681497573853,-0.19869984686374664,-0.04476810619235039,0.10289867967367172,0.08923663944005966,-0.21322102844715118,0.4212206304073334,-0.40149468183517456,0.1061515063047409,0.031124485656619072,0.2616259753704071,-0.0493953600525856,-0.1917731910943985,-0.0852966159582138,0.035470303148031235,0.1899847835302353,-0.3315730094909668,0.49393028020858765,-0.09302501380443573,-0.07899069041013718,0.0005713313585147262,0.2297511100769043,-0.3000001311302185,0.13410569727420807,0.29164835810661316,-0.41032853722572327,0.15240783989429474,0.15233124792575836,-0.04688869044184685,0.06438180059194565,-6.367542368934664e-07,-0.007297008763998747,8.228216756833717e-06,2.561428686931322e-07,-5.785194545637751e-08,-4.808752692042617e-06,1.3160419598534645e-07,2.0906596183776855,-0.22553062438964844,-0.017938604578375816,0.021350791677832603,-0.035056211054325104,0.036930546164512634,0.0122755728662014,-0.04320218786597252,0.016037877649068832
24,-0.0006121420883573592,-0.002502076793462038,-0.005026035476475954,-0.005766758695244789,-0.006744650658220053,-0.005297319497913122,-0.002361093182116747,0.0002989248896483332,0.0031600412912666798,0.005201202351599932,0.004142811056226492,0.0021590201649814844,-0.00023024134861771017,-0.00370538211427629,-0.006266031414270401,-0.008564797230064869,-0.009956504218280315,-0.009844765067100525,-0.012010427191853523,-0.014657329767942429,-0.015451855957508087,-0.012512501329183578,0.009917208924889565,0.04598043113946915,0.09374063462018967,0.07849840074777603,0.11331360042095184,0.059968870133161545,0.04784177988767624,0.014202496036887169,-0.010066499933600426,-0.026384754106402397,-0.027744002640247345,-0.031437475234270096,-0.03387940302491188,-0.052518121898174286,-0.06917028874158859,-0.05514729022979736,-0.01852278783917427,0.05396581068634987,0.17844191193580627,0.46934598684310913,0.5873952507972717,0.6895254850387573,1.0173420906066895,0.546635627746582,0.3441559076309204,0.2161599099636078,0.18170149624347687,0.09078379720449448,0.06654521077871323,0.015060283243656158,-0.0030125239863991737,-0.009819667786359787,-0.018711378797888756,-0.01852303370833397,-0.021532991901040077,-0.01483601238578558,-0.01273340918123722,-0.01569339446723461,-0.013629627414047718,-0.021259650588035583,-0.03807796165347099,-0.005496322643011808,-0.01892654038965702,-0.025021232664585114,0.013159933499991894,-0.015949636697769165,-0.09781865775585175,-0.045109543949365616,-0.06236279010772705,-0.03284432739019394,0.012211690656840801,0.14531804621219635,0.046444959938526154,0.08909482508897781,-0.059490833431482315,-0.002573580713942647,-0.14128592610359192,0.17170162498950958,0.4134063124656677,0.06455627828836441,0.14899587631225586,-0.05703951418399811,0.13524498045444489,-0.12749865651130676,0.06607133150100708,-0.037283144891262054,-0.013021659106016159,0.05287075787782669,-0.09652552008628845,-0.26688799262046814,-0.8334142565727234,0.14203386008739471,-0.17618311941623688,0.015742463991045952,-0.03676307201385498,0.01963113434612751,-0.01111406460404396,-0.0316961407661438,-0.1245182603597641,0.05017492547631264,-0.03400472179055214,-0.05431710556149483,-0.022348348051309586,-0.2955230474472046,0.47648805379867554,0.35761862993240356,-0.06543125212192535,-0.6420212388038635,1.2458244562149048,-0.906657338142395,0.6022351384162903,0.014130422845482826,0.08454210311174393,-0.05416874587535858,0.05154839903116226,0.030213678255677223,-0.1859433352947235,-0.020515460520982742,-0.007200274616479874,-0.22164617478847504,0.11919622123241425,0.9293030500411987,1.0411553382873535,-1.448649287223816,-1.74467134475708,1.5740456581115723,-3.001520872116089,1.0899795293807983,-0.24798719584941864,-0.0016619822708889842,0.5623545050621033,0.10477202385663986,-0.11829713732004166,-0.0734730139374733,0.16495512425899506,-0.01704457588493824,0.06429240852594376,0.02006695233285427,0.01582036167383194,-6.795625040467712e-08,-0.00918017141520977,-6.049029707355658e-06,1.6160311133717187e-07,1.7171755573031078e-08,-9.782896995602641e-06,5.292654168442823e-05,-2.422672748565674,0.21904540061950684,0.03289951756596565,-0.005512493196874857,-0.002694416558369994,0.010797474533319473,0.03525589406490326,0.04345089569687843,0.019710799679160118
25,-0.00023045756097417325,-0.001876114634796977,-0.004739399533718824,-0.004687993787229061,-0.006796627771109343,-0.006059032399207354,-0.004528943914920092,-0.003409197786822915,-0.0035968474112451077,-0.003971860744059086,-0.0033811801113188267,-0.003167500952258706,-0.00445199990645051,-0.006512955762445927,-0.007997460663318634,-0.010063150897622108,-0.010583794675767422,-0.010851450264453888,-0.012502060271799564,-0.014646466821432114,-0.013177500106394291,-0.0010581243550404906,0.025139322504401207,0.06435880810022354,0.10768087208271027,0.07899582386016846,0.10837849229574203,0.056981973350048065,0.053840573877096176,0.027409406378865242,0.01734013855457306,-0.005175595637410879,-0.017449529841542244,-0.026455426588654518,-0.031503770500421524,-0.049394067376852036,-0.05542181432247162,-0.019332285970449448,0.05429181456565857,0.1577005535364151,0.2889026701450348,0.5566308498382568,0.5525898337364197,0.662868320941925,0.916458249092102,0.5297710299491882,0.37523671984672546,0.24041779339313507,0.1712077260017395,0.06369258463382721,0.031278327107429504,0.0006454632384702563,-0.013982808217406273,-0.01759365200996399,-0.029699956998229027,-0.026848003268241882,-0.032808732241392136,-0.027472838759422302,-0.026423247531056404,-0.028580188751220703,-0.014266199432313442,-0.0202643983066082,-0.036573439836502075,0.0031589758582413197,-0.004035359248518944,-0.01441330835223198,0.02765789069235325,-0.012532484717667103,-0.10262229293584824,-0.0440228246152401,-0.07726457715034485,-0.06794045120477676,-0.012811693362891674,-0.0859847143292427,-0.01861359365284443,-0.0212872214615345,0.024695171043276787,-0.0031302289571613073,-0.06996119022369385,0.11571759730577469,0.2844874858856201,0.04573412984609604,0.10976860672235489,-0.01761498488485813,0.10451537370681763,-0.09149964898824692,0.055969949811697006,-0.014768367633223534,-0.04905034974217415,0.04209454730153084,-0.036747388541698456,-0.18376688659191132,-0.3720298707485199,0.018173174932599068,-0.11995676159858704,0.010664572939276695,-0.029545413330197334,0.040763478726148605,-0.00020927074365317822,-0.035118892788887024,-0.14707066118717194,0.0490502305328846,-0.009737160988152027,0.05044879764318466,-0.0352868027985096,-0.672958493232727,0.9114677906036377,0.3005096912384033,-0.11367524415254593,-0.16428051888942719,1.0665264129638672,-1.0897020101547241,0.7675688862800598,-0.1428377479314804,0.14683744311332703,-0.23056499660015106,0.23798666894435883,-0.21789149940013885,0.15657681226730347,0.05801169201731682,0.38707101345062256,-1.044727087020874,-0.1499992460012436,0.23958341777324677,0.7864983081817627,-0.640335738658905,-2.157783269882202,0.38364991545677185,-4.056191444396973,1.4543086290359497,-0.6179359555244446,0.010121489875018597,0.43899697065353394,-0.034468214958906174,-0.04710815101861954,-0.05117974057793617,-0.007550034672021866,0.022147472947835922,0.02309540845453739,0.03957962244749069,0.035754457116127014,-3.101707335417814e-08,-0.009232072159647942,-0.00013416474394034594,-1.8451802361596492e-06,6.814148179046242e-08,-1.4720443687110674e-05,-0.0001853144058259204,0.6567728519439697,0.2227717936038971,0.035130683332681656,-0.00691643450409174,0.022508133202791214,0.019457682967185974,0.030355658382177353,0.048343975096940994,0.014061813242733479
26,0.006408798508346081,0.017984019592404366,0.018251698464155197,0.0073570734821259975,-0.004899348132312298,-0.009825941175222397,-0.0075447410345077515,-0.0033657520543783903,0.003295890986919403,0.010547719895839691,0.011467165313661098,0.00828530266880989,0.0047589316964149475,-0.0024034639354795218,-0.00897160917520523,-0.014093369245529175,-0.014139408245682716,-0.009070088155567646,-0.00616088043898344,-0.0004081099759787321,0.000985017861239612,-0.0033821382094174623,-0.012142988853156567,-0.023250997066497803,-0.03182622417807579,-0.017146650701761246,-0.01591845043003559,-0.0020468360744416714,0.011147252283990383,0.021167589351534843,0.03281733766198158,0.003307280596345663,-0.023595334962010384,-0.043479517102241516,-0.06170191243290901,-0.10125471651554108,-0.13819706439971924,-0.12514638900756836,-0.09001583606004715,-0.036906648427248,-0.008956482633948326,0.0056180208921432495,-0.0039491658098995686,-0.03256533294916153,-0.11389590799808502,-0.09529278427362442,-0.08596333116292953,-0.04713539034128189,-0.018456541001796722,0.007928960025310516,0.02677212655544281,0.013188626617193222,-0.00717861857265234,-0.01942295767366886,-0.043071746826171875,-0.025553056970238686,-0.04730429872870445,-0.031991008669137955,-0.034571196883916855,-0.037143025547266006,-0.010753629729151726,-0.021623002365231514,-0.04680858179926872,0.000832096382509917,-0.03039124794304371,-0.05963036045432091,0.043239906430244446,-0.004130485467612743,-0.0912327915430069,0.007232092320919037,-0.0013593487674370408,-0.021844863891601562,-0.02462763711810112,-0.16257965564727783,-0.01864885352551937,-0.0029783891513943672,0.07980845123529434,-0.02889999933540821,-0.008331840857863426,-0.0331631600856781,-0.05459914356470108,0.019005514681339264,-0.049777012318372726,-0.025520965456962585,-0.010882144793868065,-0.07588797807693481,0.036094848066568375,-0.04645131900906563,0.06510476768016815,-0.1136627197265625,-0.006115345284342766,0.023611456155776978,0.09878643602132797,-0.07307817041873932,-0.07288963347673416,0.09754833579063416,-0.05867442488670349,0.22508695721626282,-0.02626808173954487,-0.011496610008180141,-0.15607936680316925,0.09801504760980606,0.03654399886727333,-0.09995561093091965,-0.013474216684699059,0.3333134353160858,-0.20574861764907837,0.08432436734437943,-0.09993968904018402,0.2697238326072693,-0.2599613666534424,0.21353141963481903,-0.214238241314888,-0.03971743956208229,0.0981057658791542,0.10536812990903854,-0.2005167156457901,0.4209682047367096,-0.3713383376598358,0.10153550654649734,0.0221974216401577,0.2361191213130951,-0.04659777879714966,-0.1751461923122406,-0.07967879623174667,0.0110368886962533,0.17475171387195587,-0.33009862899780273,0.5199394226074219,-0.08755939453840256,-0.09676150977611542,-0.0055296230129897594,0.21633219718933105,-0.3553413152694702,0.15326206386089325,0.3828831613063812,-0.43467283248901367,0.17116306722164154,0.15795783698558807,-0.05021816864609718,0.058169107884168625,-9.821085313888034e-07,-0.043463997542858124,-0.00028361601289361715,-1.036670937537565e-06,-1.281992581425584e-06,-1.723564309941139e-05,-0.000650324858725071,1.9767355918884277,-0.21559253334999084,-0.04067603126168251,0.019339967519044876,-0.03569797798991203,0.04109625145792961,-0.05817556008696556,-0.045874591916799545,-0.009142767637968063
27,0.0030356801580637693,0.010418597608804703,0.015206729993224144,0.014390693046152592,0.012117869220674038,0.005010358989238739,-0.0011087320744991302,-0.005072337109595537,-0.0068228580057621,-0.008526516146957874,-0.006711374036967754,-0.005766404327005148,-0.007120612543076277,-0.011066177859902382,-0.012780151329934597,-0.015940262004733086,-0.017360784113407135,-0.014493570663034916,-0.019375182688236237,-0.024723226204514503,-0.03246447071433067,-0.041933100670576096,-0.032572176307439804,-0.03527156636118889,-0.03736814856529236,-0.020959937945008278,-0.0291034746915102,-0.019212165847420692,-0.022331587970256805,-0.025322914123535156,-0.04743022099137306,-0.038161590695381165,-0.021821746602654457,-0.0010103678796440363,0.030388539656996727,0.08756595104932785,0.16535460948944092,0.19234246015548706,0.21993346512317657,0.18792492151260376,0.22977155447006226,0.24557527899742126,0.23267017304897308,0.15440437197685242,0.23203866183757782,0.0981169119477272,0.08170036226511002,0.04626716300845146,0.01523631066083908,-0.009444846771657467,-0.04803837835788727,-0.04807852953672409,-0.04292722046375275,-0.039487794041633606,-0.05800239369273186,-0.028924299404025078,-0.05206053704023361,-0.030997516587376595,-0.0427030548453331,-0.055540747940540314,-0.004827908705919981,-0.03544686734676361,-0.0634322538971901,0.013078432530164719,-0.01879754476249218,-0.05669597163796425,0.05716990679502487,0.0012119145831093192,-0.047936126589775085,0.03299512341618538,-0.0053457897156476974,-0.00801821332424879,-0.011889846064150333,-0.01387936994433403,-0.007313219364732504,-0.014815760776400566,-0.21042858064174652,-0.04744003340601921,0.05059583857655525,-0.22090713679790497,-0.267770379781723,0.02200952172279358,-0.11100036650896072,-0.16766805946826935,-0.14235514402389526,0.09652046859264374,-0.0745459720492363,0.003798465011641383,-0.0836128294467926,-0.08707908540964127,-0.009903797879815102,0.028484441339969635,0.09672216325998306,-0.09067882597446442,-0.0792882889509201,0.10572793334722519,-0.06902168691158295,0.31774547696113586,0.09204710274934769,0.025582773610949516,-0.24833694100379944,0.1688949167728424,0.07036560028791428,-0.13706420361995697,-0.016666248440742493,0.3462512195110321,-0.254190593957901,0.1254831850528717,-0.12624411284923553,0.28222817182540894,-0.4852774441242218,0.2185702621936798,-0.1864663064479828,-0.05231506749987602,0.25380459427833557,0.08583268523216248,-0.23339323699474335,0.4737061560153961,-0.3625209331512451,0.07838303595781326,-0.014509586617350578,0.2453138828277588,-0.033417005091905594,-0.15330176055431366,-0.04107937589287758,0.043235234916210175,0.17011018097400665,-0.3192913234233856,0.47548770904541016,-0.09871940314769745,-0.11972071975469589,-0.09374407678842545,0.21534448862075806,-0.39851975440979004,0.1718500703573227,0.44008952379226685,-0.48531851172447205,0.22856217622756958,0.01908782124519348,0.05569306015968323,0.04548051580786705,-6.564907835127087e-07,0.025345221161842346,-0.0003352173662278801,9.48483375395881e-07,-8.056692877289606e-07,-2.725840749917552e-05,-0.0006327033624984324,0.8527549505233765,-0.19027520716190338,-0.1590278595685959,-0.010495604015886784,-0.031707074493169785,-0.217428058385849,-0.16298259794712067,-0.09215328842401505,-0.21118465065956116
28,-0.0003142978821415454,0.00022910138068255037,0.004141607321798801,0.010465521365404129,0.018284080550074577,0.02059430442750454,0.017841845750808716,0.016357285901904106,0.010626591742038727,0.0037568206898868084,-0.0020924301352351904,-0.004334081895649433,-0.006737167481333017,-0.010975942015647888,-0.012793412432074547,-0.015992920845746994,-0.01757558435201645,-0.014414973556995392,-0.01950756646692753,-0.02497328631579876,-0.033065687865018845,-0.042932912707328796,-0.03331641107797623,-0.03601298853754997,-0.03784521296620369,-0.02132490463554859,-0.029525645077228546,-0.019798334687948227,-0.022929105907678604,-0.026678010821342468,-0.052662648260593414,-0.048498231917619705,-0.036797020584344864,-0.020179154351353645,0.01592477783560753,0.10184551775455475,0.24429288506507874,0.30684149265289307,0.3040412962436676,0.19769835472106934,0.1755857765674591,0.1520591527223587,0.12835359573364258,0.07160347700119019,0.10260217636823654,0.05111193284392357,0.059707753360271454,0.047596950083971024,0.030294669792056084,0.014244974590837955,-0.0011726727243512869,-0.010058746673166752,-0.014984543435275555,-0.014680413529276848,-0.027849504724144936,-0.019736552610993385,-0.042231667786836624,-0.027704570442438126,-0.042095061391592026,-0.055502671748399734,-0.003446426475420594,-0.033725298941135406,-0.06502506881952286,0.01154410745948553,-0.020073767751455307,-0.05957682803273201,0.05788440629839897,0.00015016022371128201,-0.05527101829648018,0.02575555071234703,-0.006875825580209494,-0.013560082763433456,-0.007567289285361767,-0.0006640521460212767,-0.000696662231348455,-0.010725585743784904,-0.12128958851099014,-0.022942492738366127,0.030641624704003334,-0.1592501550912857,-0.2055468112230301,0.005688363220542669,-0.11086065322160721,-0.16878098249435425,-0.14432410895824432,0.08539871871471405,-0.07561709731817245,0.015713077038526535,-0.1355699896812439,-0.07648474723100662,-0.03511488810181618,-0.00045490055344998837,0.0487426333129406,-0.06608953326940536,-0.06316341459751129,0.08315244317054749,-0.0642983540892601,0.2816181182861328,0.08128414303064346,0.028543785214424133,-0.2452709972858429,0.16807657480239868,0.06364434212446213,-0.13202302157878876,-0.012244392186403275,0.3542024791240692,-0.24753530323505402,0.13887865841388702,-0.1372954100370407,0.3146198093891144,-0.47522231936454773,0.19628185033798218,-0.21336033940315247,-0.042937397956848145,0.2442392259836197,0.08426323533058167,-0.2295701652765274,0.4699181914329529,-0.3966215252876282,0.07603723555803299,-0.004082647152245045,0.22947391867637634,-0.027431294322013855,-0.17865289747714996,-0.04887661337852478,0.031548403203487396,0.1710115224123001,-0.34186404943466187,0.4801272749900818,-0.10971882194280624,-0.10271868854761124,-0.06782596558332443,0.22361816465854645,-0.42085695266723633,0.16376063227653503,0.4433809220790863,-0.4533327519893646,0.24400927126407623,0.02394329570233822,0.06336275488138199,0.04165360704064369,-7.532394761256e-07,0.019521141424775124,-0.00040625061956234276,-2.980045792355668e-07,-1.1017312999683782e-06,-2.7985426640952937e-05,-0.0006813183426856995,1.1155632734298706,-0.18187929689884186,-0.15390455722808838,-0.011025562882423401,-0.023162508383393288,-0.18614362180233002,-0.1599230319261551,-0.08691075444221497,-0.2062031626701355
29,-0.0008943216525949538,-0.0039551579393446445,-0.006660589948296547,-0.007211864460259676,-0.009855757467448711,-0.00949075911194086,-0.0070083471946418285,-0.005917754489928484,-0.004480413626879454,-0.00291161029599607,0.0009927358478307724,0.003323717974126339,0.006897715851664543,0.009994708932936192,0.00568903423845768,-0.002729532541707158,-0.010558165609836578,-0.012328092008829117,-0.018453797325491905,-0.015051225200295448,-0.002777269808575511,0.06728571653366089,0.17375987768173218,0.3405902087688446,0.5974076986312866,0.3550099730491638,0.47707894444465637,0.24349386990070343,0.14641393721103668,0.06231222674250603,0.010394557379186153,-0.031660255044698715,-0.03386393189430237,-0.029792487621307373,-0.01647876761853695,0.024977510794997215,0.10885529220104218,0.13228994607925415,0.10817431658506393,0.04171651601791382,-0.004064442589879036,-0.046679358929395676,-0.07563266903162003,-0.08178876340389252,-0.15623393654823303,-0.0992676392197609,-0.08639514446258545,-0.06917913258075714,-0.06644876301288605,-0.045032743364572525,-0.07669751346111298,-0.05238165333867073,-0.03841541334986687,-0.026661187410354614,-0.0007446007221005857,0.036656007170677185,0.10986026376485825,0.09256283938884735,0.18931466341018677,0.141499325633049,0.03125413879752159,0.015822697430849075,-0.006746883038431406,0.0009054327965714037,-0.005969161167740822,-0.0069954111240804195,-0.0033928509801626205,-0.013637162744998932,0.05407572165131569,-0.0058788820169866085,0.06428784877061844,0.029974915087223053,0.00675872340798378,-0.02100890502333641,-0.006191580556333065,-0.003701168578118086,-0.03092603199183941,0.002848210744559765,-0.029153909534215927,0.03771944344043732,0.09304793179035187,-0.03798379376530647,0.02282719314098358,0.06915506720542908,0.03312098607420921,-0.003018314251676202,-0.10442385077476501,0.277161568403244,-0.6415325403213501,2.942230701446533,0.0919773280620575,-0.9485307931900024,-0.5850697159767151,0.5679780840873718,0.13290442526340485,-0.15643355250358582,0.19632919132709503,-0.3626832067966461,0.010459196753799915,-0.20606905221939087,1.0725892782211304,-0.4535956382751465,-0.8298302292823792,0.8744834661483765,-0.4489057958126068,-0.3745480477809906,-0.022856181487441063,0.0565195232629776,0.06740595400333405,0.28755155205726624,-0.4535157382488251,0.4660528600215912,-0.43112918734550476,0.2846531271934509,0.3254842162132263,0.20401740074157715,-0.19320037961006165,0.1977088749408722,-0.07468754053115845,0.020198741927742958,-0.19399884343147278,-1.0111308097839355,-0.6966996788978577,0.5681024193763733,-0.15388834476470947,0.517667293548584,-0.5461121797561646,0.7532921433448792,-0.48061126470565796,0.2718774080276489,-0.09653685986995697,0.14671409130096436,-0.7936404943466187,1.4856497049331665,-2.356292963027954,-2.4071481227874756,3.537752866744995,-1.206976294517517,-0.6841211318969727,-0.1108139380812645,0.06932095438241959,3.255832723425556e-07,-0.00812845304608345,-0.00012741232058033347,-1.5839588058952359e-06,5.971733685328218e-07,-5.862972557224566e-06,-0.0003947419172618538,-1.0340217351913452,0.2952015697956085,0.04339903965592384,-0.004379406571388245,0.002518242225050926,0.02908516675233841,0.040016695857048035,0.039198461920022964,0.04779939353466034
30,-0.0005675711436197162,-0.00240859342738986,-0.0051427981816232204,-0.006044507957994938,-0.00715678371489048,-0.006701796781271696,-0.004612776916474104,-0.0032748908270150423,-0.0032172026112675667,-0.002637342317029834,-0.0007314218673855066,0.0013505498645827174,0.004509232006967068,0.006605664733797312,0.005456898361444473,0.0008661773754283786,-0.004724565427750349,-0.008220132440328598,-0.011601479724049568,-0.015079271048307419,-0.0172408577054739,-0.018653089180588722,-0.000479579612147063,0.026221400126814842,0.06481891125440598,0.06337273865938187,0.0985177755355835,0.06003176420927048,0.05954310670495033,0.03184811770915985,0.021438337862491608,0.0001984458795050159,-0.012004435993731022,-0.021984044462442398,-0.02994852513074875,-0.049871042370796204,-0.06801895052194595,-0.05241132527589798,-0.011849640868604183,0.06848940253257751,0.19382992386817932,0.4802806079387665,0.6057493090629578,0.6977065205574036,1.013820767402649,0.5858939290046692,0.3939809501171112,0.2414981871843338,0.1788928210735321,0.07805903255939484,0.04728510603308678,0.006949769798666239,-0.008054967038333416,-0.013941464014351368,-0.024883704259991646,-0.024125579744577408,-0.029610957950353622,-0.024933723732829094,-0.022056464105844498,-0.028463484719395638,-0.016044480726122856,-0.024122385308146477,-0.04162986949086189,-0.0029718067962676287,-0.015219682827591896,-0.018023185431957245,0.01758028380572796,-0.012071001343429089,-0.09140031039714813,-0.04309124872088432,-0.06764452159404755,-0.04899122565984726,-0.001756369834765792,0.05120768025517464,0.030134789645671844,0.03830298036336899,-0.03264680877327919,0.0015775116626173258,-0.08655866980552673,0.18123866617679596,0.3517668545246124,0.07008332759141922,0.1808374673128128,-0.008074847981333733,0.13220679759979248,-0.13530132174491882,0.05797436088323593,-0.03166491538286209,0.02508443593978882,-0.02547343261539936,-0.034729693084955215,-0.16089287400245667,-0.44050946831703186,0.11706461012363434,-0.2517392337322235,0.018039921298623085,-0.04291273653507233,-0.2502441704273224,-0.026213278993964195,0.010440971702337265,-0.04198138415813446,0.029241889715194702,-0.01484545785933733,-0.04032336175441742,-0.01531604677438736,-0.23714745044708252,0.16172738373279572,0.3854342997074127,-0.0496734119951725,-0.7254292368888855,1.1981000900268555,-1.103664755821228,1.0499932765960693,-0.08391985297203064,0.004396884702146053,-0.07697805762290955,0.12098176777362823,-0.02024591714143753,-0.08484562486410141,-0.007637806236743927,0.03017607145011425,-0.2382853776216507,-0.1585734784603119,0.8937673568725586,1.0582270622253418,-1.8413872718811035,-1.8884377479553223,2.047447919845581,-4.408409595489502,1.7436909675598145,-0.9294807314872742,0.06488160789012909,0.3608146607875824,-0.09397605061531067,-0.026121370494365692,-0.005712824407964945,-0.046698860824108124,0.04970697686076164,0.00871636439114809,0.06288563460111618,0.03417142108082771,-1.7983090572215588e-07,-0.014590787701308727,-0.00016302920994348824,-2.2423448626796016e-06,-2.747051439655479e-07,-1.8973845726577565e-05,-0.00021783742704428732,-0.6086452603340149,0.21884232759475708,0.03598019853234291,-0.006114771589636803,0.0030680301133543253,0.020893460139632225,0.03462045267224312,0.04499225318431854,0.01692947745323181
31,-0.0013608091976493597,-0.005021207500249147,-0.011016872711479664,-0.011801919899880886,-0.013794959522783756,-0.01128404401242733,-0.008212472312152386,-0.006925167515873909,-0.006548501551151276,-0.0070784082636237144,-0.005739234853535891,-0.00559698510915041,-0.006291016936302185,-0.009578442201018333,-0.008575452491641045,-0.0020479459781199694,0.021182114258408546,0.05169997364282608,0.14001183211803436,0.1909738928079605,0.27263614535331726,0.28766417503356934,0.11286833882331848,0.060382504016160965,0.0037084142677485943,-0.011969111859798431,-0.022112378850579262,-0.015746161341667175,-0.022365722805261612,-0.023703329265117645,-0.0470832921564579,-0.04650086164474487,-0.04649292305111885,-0.052382681518793106,-0.05525253713130951,-0.08974737673997879,-0.12190184742212296,-0.12636619806289673,-0.12126213312149048,-0.09163973480463028,-0.09110355377197266,-0.10551287978887558,-0.09639088064432144,-0.0927707776427269,-0.1669439822435379,-0.08427304774522781,0.005837735719978809,0.14261184632778168,0.38145557045936584,0.46980196237564087,0.607837438583374,0.37582165002822876,0.22958923876285553,0.09680426120758057,0.020977847278118134,-0.0207398422062397,-0.05193188041448593,-0.0439111702144146,-0.05395238474011421,-0.08359208703041077,-0.03265879675745964,-0.046929676085710526,-0.06693551689386368,0.008721607737243176,-0.039181724190711975,-0.05111292377114296,0.03962889686226845,-0.01438087411224842,-0.10351100564002991,-0.021495042368769646,-0.031364116817712784,-0.02644503489136696,-0.0658024474978447,-0.1613563746213913,-0.010462678037583828,-0.034799184650182724,0.0042000762186944485,0.226120725274086,0.3079443573951721,0.08394506573677063,-0.19909612834453583,0.23329514265060425,-0.23091654479503632,-0.05303372070193291,-0.038235921412706375,-0.06416087597608566,0.036053381860256195,-0.06217927485704422,0.12480781972408295,-0.06622276455163956,-0.013684351928532124,0.04661847651004791,0.15606456995010376,-0.1248977854847908,-0.03600577637553215,0.1302562654018402,0.00940826628357172,0.19219036400318146,0.0746864378452301,-0.03469470515847206,-0.207805797457695,0.10624959319829941,0.016751965507864952,-0.13755767047405243,0.004422720521688461,0.1428445428609848,-0.040042486041784286,-0.13043254613876343,1.1064693927764893,-1.0322338342666626,0.7377949357032776,-0.8672909140586853,0.35658392310142517,0.15703068673610687,0.013259627856314182,0.07084332406520844,-0.26015618443489075,0.201768696308136,-0.2744821310043335,-0.00911556277424097,-0.12027125805616379,0.2898300886154175,-0.07601770758628845,-0.14672766625881195,-0.05487946420907974,0.04046070948243141,0.2201680690050125,-0.32945117354393005,0.5547378063201904,-0.1551872044801712,-0.1593303382396698,0.00960587989538908,0.24482516944408417,-0.2179247885942459,0.03203855827450752,0.09337636828422546,0.023323161527514458,-1.0391342639923096,-0.3203634023666382,-0.08082091063261032,-0.2782825231552124,-1.7908301686020422e-07,0.016427049413323402,-7.835564611013979e-05,5.836945092596579e-06,-4.634083836663194e-07,-2.6998339308192953e-05,-0.0006317204679362476,-0.5639088749885559,0.14154700934886932,0.05360020324587822,0.0030586912762373686,0.019955387338995934,0.03355671837925911,-0.00857502967119217,0.07144422829151154,0.07857082784175873
32,0.0026914849877357483,0.011672519147396088,0.021993763744831085,0.027108319103717804,0.02394520491361618,0.012318710796535015,0.001839478500187397,-0.003914643079042435,-0.006239361595362425,-0.006853340193629265,-0.002988642081618309,0.0012929323129355907,0.007335444912314415,0.012467390857636929,0.014077320694923401,0.00666184863075614,-0.0051974705420434475,-0.012231351807713509,-0.021371159702539444,-0.027391783893108368,-0.03649568557739258,-0.04769514128565788,-0.0321388803422451,-0.02852182649075985,-0.019693749025464058,-0.0025683785788714886,0.009821439161896706,0.011214558966457844,0.015440058894455433,0.009905080311000347,-0.005730156786739826,-0.03065260872244835,-0.043322619050741196,-0.05294753611087799,-0.0659523755311966,-0.10487455874681473,-0.14796149730682373,-0.1470808982849121,-0.13187606632709503,-0.08339575678110123,-0.06703422963619232,-0.047728732228279114,-0.0251180287450552,-0.011887026950716972,-0.01784323900938034,-0.01771637238562107,-0.020827559754252434,-0.017849162220954895,-0.021787412464618683,-0.019402677193284035,-0.0334370881319046,-0.021637968719005585,-0.018274610862135887,-0.013332106173038483,-0.01584506966173649,-0.010109604336321354,-0.015197505243122578,-0.01745862141251564,-0.029163487255573273,-0.05459734424948692,-0.021898280829191208,-0.04365892708301544,-0.07514175772666931,0.0010698369005694985,-0.037429213523864746,-0.0657878890633583,0.039506617933511734,-0.004815082531422377,-0.09385043382644653,0.009885343722999096,0.0011501949047669768,-0.02278856933116913,-0.02976347878575325,-0.1476588100194931,-0.01386182103306055,0.0005637352587655187,0.07845668494701385,-0.03517886623740196,-0.00978219322860241,0.010068454779684544,-0.025882789865136147,0.019258882850408554,-0.02775592729449272,-0.010568422265350819,-0.021883398294448853,-0.059923093765974045,0.021378548815846443,-0.04111482948064804,0.08352156728506088,-0.12265169620513916,0.009851429611444473,0.03283611685037613,0.09782690554857254,-0.07275257259607315,-0.05054990574717522,0.04878908768296242,-0.05493795871734619,0.18713204562664032,-0.007644693832844496,0.021286580711603165,-0.23277007043361664,0.1270677149295807,0.048369068652391434,-0.1012757197022438,-0.02109997160732746,0.3095366358757019,-0.20174574851989746,0.09029609709978104,-0.10981569439172745,0.3163376450538635,-0.265109658241272,0.2140347808599472,-0.18567094206809998,-0.01529941987246275,0.11132199317216873,0.09697382897138596,-0.21203093230724335,0.45077332854270935,-0.409537672996521,0.11534430831670761,0.028611857444047928,0.27900996804237366,-0.028057333081960678,-0.21242035925388336,-0.09394041448831558,0.033481042832136154,0.17303450405597687,-0.31243449449539185,0.465852826833725,-0.09411937743425369,-0.08129052072763443,-0.010443631559610367,0.25507208704948425,-0.38173532485961914,0.13766349852085114,0.3625580668449402,-0.40522637963294983,0.14957140386104584,0.16517770290374756,-0.03217683359980583,0.061612341552972794,-9.024799396684102e-07,-0.03425122797489166,-0.00031415047124028206,-1.3298918020154815e-06,-1.3156625300325686e-06,-1.75894056155812e-05,-0.0004755050758831203,1.9155418872833252,-0.19626781344413757,-0.001358765410259366,0.017575107514858246,-0.03142470121383667,0.040079616010189056,0.004066747613251209,-0.003045047400519252,0.04435352608561516
33,-0.0003503273183014244,-0.0006398019613698125,0.00025998291675932705,0.001936372835189104,0.0028927067760378122,0.0021602120250463486,0.0003061430179513991,-0.0010435100411996245,-0.002119346521794796,-0.002573781181126833,-0.0017670684028416872,-0.00029907209682278335,0.0040423632599413395,0.02001458778977394,0.03851554915308952,0.07112638652324677,0.08674048632383347,0.05308787152171135,0.04860613867640495,0.027770644053816795,0.015439852140843868,0.004830140620470047,-0.003702151821926236,-0.009042436257004738,-0.012767579406499863,-0.00818998645991087,-0.011690590530633926,-0.008255675435066223,-0.009492809884250164,-0.0070673455484211445,0.008301928639411926,0.0626530721783638,0.14031031727790833,0.26513949036598206,0.3830062448978424,0.5542470812797546,0.6530108451843262,0.45997604727745056,0.3063298761844635,0.14467540383338928,0.09203876554965973,0.04845888912677765,0.011172213591635227,-0.012426045723259449,-0.042351264506578445,-0.03682564198970795,-0.029336849227547646,-0.020864322781562805,-0.020290842279791832,-0.0151563361287117,-0.02797371707856655,-0.021425383165478706,-0.0226622074842453,-0.017198970541357994,-0.02179437316954136,-0.01326096523553133,-0.011072397232055664,0.00106387073174119,0.013169674202799797,0.033143192529678345,0.017086734995245934,0.01431283075362444,0.005039967130869627,-0.004337335005402565,-0.007416212931275368,-0.022097736597061157,0.014361191540956497,-0.016999628394842148,-0.014537862502038479,0.015016368590295315,0.09017970412969589,0.19329874217510223,0.13573557138442993,0.26300424337387085,0.03087710030376911,0.03592066094279289,0.008324706926941872,0.02655148319900036,-0.00774178234860301,0.013717536814510822,0.09547547250986099,-0.052176058292388916,-0.00050705811008811,-0.011816786602139473,-0.012347063980996609,0.12799985706806183,-0.06970230489969254,0.26532137393951416,-0.04285864159464836,0.7740565538406372,0.5756056308746338,-0.18952494859695435,-1.7243725061416626,0.11721162497997284,0.5466326475143433,-0.2465069591999054,0.10462433099746704,-0.2053958922624588,0.04997141286730766,0.13505879044532776,0.32935214042663574,-0.18154992163181305,0.1868148148059845,0.147790789604187,-0.031261883676052094,-0.47300758957862854,0.4383534789085388,-0.15405839681625366,0.9669046401977539,-2.332258701324463,2.599092721939087,-2.053779125213623,1.4396824836730957,-0.6788244247436523,-0.4651741087436676,-0.522680401802063,1.2017697095870972,-0.3662446439266205,1.1183643341064453,0.2477516382932663,0.050496723502874374,-0.03228888660669327,0.003799610771238804,-0.08098059147596359,-0.062492139637470245,-0.004197258502244949,-0.08901015669107437,0.3961789906024933,-0.4954524040222168,0.05899680405855179,0.13727085292339325,-0.09629567712545395,-0.04448768496513367,0.08349870890378952,-0.0540749654173851,0.1267203986644745,-0.8298619389533997,1.1414883136749268,-0.28286176919937134,-0.32146763801574707,-0.02622617967426777,-4.086508553768908e-08,-0.008546578697860241,-0.00012387575407046825,-1.11367080535274e-06,6.853869649603439e-08,-9.048979336512275e-06,-0.0001868509134510532,-4.645788192749023,0.1808297038078308,0.01684456691145897,-0.003368066856637597,-0.007822220213711262,0.011988126672804356,0.0018464616732671857,0.023043114691972733,0.023404408246278763
34,0.0024802694097161293,0.011208475567400455,0.01988082379102707,0.020541399717330933,0.017620673403143883,0.0076198275201022625,-0.00027009184123016894,-0.0048184883780777454,-0.006764913909137249,-0.00845898687839508,-0.0067001585848629475,-0.005774495657533407,-0.007104997988790274,-0.011064965277910233,-0.012717298232018948,-0.01591847650706768,-0.017309509217739105,-0.01442546583712101,-0.019351987168192863,-0.024653809145092964,-0.03244553133845329,-0.04200800135731697,-0.032647985965013504,-0.03526855260133743,-0.037385791540145874,-0.021033670753240585,-0.0291606318205595,-0.019259566441178322,-0.022292912006378174,-0.02532130479812622,-0.047375891357660294,-0.03795892000198364,-0.021264970302581787,-0.00010249167826259509,0.03075401298701763,0.08457614481449127,0.15023832023143768,0.1642540842294693,0.18449491262435913,0.1643105149269104,0.21406005322933197,0.24295878410339355,0.2408740222454071,0.16679449379444122,0.2609619200229645,0.11623498797416687,0.09869235754013062,0.056663889437913895,0.020823482424020767,-0.007195679936558008,-0.046978868544101715,-0.048015348613262177,-0.043031565845012665,-0.0393834114074707,-0.058044105768203735,-0.029135655611753464,-0.05220320075750351,-0.03078230656683445,-0.04278223216533661,-0.05480574816465378,-0.003498259698972106,-0.03465578332543373,-0.06385395675897598,0.012768645770847797,-0.017973287031054497,-0.05624257028102875,0.05743735283613205,0.0016011950792744756,-0.04785754904150963,0.03285202011466026,-0.005122835282236338,-0.008085446432232857,-0.012188931927084923,-0.027525493875145912,-0.004538793582469225,-0.012101486325263977,-0.18991169333457947,-0.045815058052539825,0.05179236829280853,-0.20818014442920685,-0.24759279191493988,0.025268567726016045,-0.10989710688591003,-0.17795181274414062,-0.1554879993200302,0.10788590461015701,-0.08585599064826965,0.008472749963402748,-0.11091626435518265,-0.08431603014469147,-0.01484606508165598,0.025595389306545258,0.09571123868227005,-0.09140119701623917,-0.08225955069065094,0.10613172501325607,-0.06718507409095764,0.315797358751297,0.09321346133947372,0.02897809073328972,-0.24592678248882294,0.17164196074008942,0.0713338702917099,-0.1361701488494873,-0.01630423218011856,0.3466157019138336,-0.2545989751815796,0.12708531320095062,-0.1274278163909912,0.28544920682907104,-0.48314666748046875,0.2135361284017563,-0.18328826129436493,-0.05119240656495094,0.2566419243812561,0.08436110615730286,-0.23959417641162872,0.46915656328201294,-0.3669709265232086,0.07655926793813705,-0.01044770609587431,0.24138300120830536,-0.03405175730586052,-0.15757633745670319,-0.039437439292669296,0.040963612496852875,0.17292174696922302,-0.32102566957473755,0.4719281494617462,-0.09830367565155029,-0.11578138172626495,-0.08774138242006302,0.220097154378891,-0.4075569808483124,0.16966959834098816,0.4404089152812958,-0.47074639797210693,0.2290433794260025,0.01881488971412182,0.05641449615359306,0.046418145298957825,-6.408735089280526e-07,0.025267820805311203,-0.00037340904236771166,6.275337227634736e-07,-8.443888646070263e-07,-2.355488686589524e-05,-0.0006735151982866228,0.8555752038955688,-0.18589146435260773,-0.15652109682559967,-0.010771146975457668,-0.0288576390594244,-0.2173132747411728,-0.16113457083702087,-0.08725903183221817,-0.20963072776794434
35,0.0018437295220792294,0.010916043072938919,0.025439176708459854,0.03358696028590202,0.030330033972859383,0.014310929924249649,0.0013324335450306535,-0.004958143457770348,-0.007290421053767204,-0.009259702637791634,-0.007538735866546631,-0.006585756782442331,-0.008489053696393967,-0.011618029326200485,-0.013786588795483112,-0.015720853582024574,-0.014606408774852753,-0.009109432809054852,-0.0061889332719147205,-5.7219865993829444e-05,0.001394596416503191,-0.0034995998721569777,-0.012207778170704842,-0.023967504501342773,-0.0342039093375206,-0.02120540663599968,-0.030613955110311508,-0.0211174376308918,-0.02472572959959507,-0.029468322172760963,-0.05652498081326485,-0.055464599281549454,-0.052863240242004395,-0.05560696870088577,-0.06650492548942566,-0.1055363267660141,-0.14916838705539703,-0.1500193178653717,-0.14071060717105865,-0.10037994384765625,-0.10052744299173355,-0.10034041851758957,-0.08357559144496918,-0.040491413325071335,0.010422809980809689,0.04687933623790741,0.05339916795492172,0.021367302164435387,-0.011209974996745586,-0.03246145322918892,-0.06957585364580154,-0.050782278180122375,-0.03762912377715111,-0.028242703527212143,-0.03502877429127693,-0.020665321499109268,-0.03968503698706627,-0.03476894274353981,-0.04921929910778999,-0.07574240118265152,-0.027581864967942238,-0.04873931407928467,-0.08166895061731339,-0.004972211085259914,-0.04204140231013298,-0.07100215554237366,0.03644181415438652,-0.009067530743777752,-0.09006965905427933,0.03174294903874397,0.013022220693528652,-0.007868107408285141,-0.041294921189546585,-0.16332587599754333,-0.0243078526109457,-0.011415285058319569,0.048235852271318436,-0.03068002499639988,-0.0066673546098172665,0.018894324079155922,-0.014909600839018822,0.026584358885884285,-0.01138430554419756,0.019432229921221733,0.016734566539525986,-0.08575302362442017,0.02388177625834942,-0.03346923738718033,0.03031381405889988,-0.11074736714363098,0.0008791740983724594,0.032002586871385574,0.11497556418180466,-0.07421620190143585,-0.07498232275247574,0.09423741698265076,-0.06891211867332458,0.2778024673461914,0.007767575792968273,0.038574106991291046,-0.2611851692199707,0.1429297775030136,0.06102027744054794,-0.12129175662994385,-0.04143139347434044,0.3323837220668793,-0.21331901848316193,0.11593035608530045,-0.16666971147060394,0.360270619392395,-0.4006677269935608,0.20197738707065582,-0.21691660583019257,-0.02279580384492874,0.08018237352371216,0.08510905504226685,-0.2082337886095047,0.3844752013683319,-0.40912047028541565,0.08790691941976547,0.046294357627630234,0.316476970911026,-0.03466181084513664,-0.2920992076396942,-0.17388498783111572,0.04674038290977478,0.19006456434726715,-0.41136685013771057,0.5326932072639465,-0.09006884694099426,-0.04879560321569443,0.007532239891588688,0.18998323380947113,-0.23815105855464935,0.13212095201015472,0.2802441716194153,-0.3942428529262543,0.14891263842582703,0.15567967295646667,-0.05749916285276413,0.06143588945269585,-8.755221188039286e-07,0.008784444071352482,0.0002700997865758836,2.2338126655085944e-06,2.2386358011772245e-07,7.435632142005488e-06,0.0005123144364915788,2.4174256324768066,-0.25484275817871094,0.006936946418136358,0.016418717801570892,-0.027554219588637352,0.04448931664228439,0.029295753687620163,-0.008211969397962093,0.050370026379823685
36,-0.0003313032502774149,5.8583260397426784e-05,0.003167246002703905,0.007547870744019747,0.01016213744878769,0.00905998982489109,0.007739481516182423,0.010774336755275726,0.013454235158860683,0.01393317710608244,0.00728985108435154,0.000989154796116054,-0.003470052732154727,-0.009176885709166527,-0.012412440963089466,-0.01612609066069126,-0.017957473173737526,-0.014724642038345337,-0.019714191555976868,-0.025276923552155495,-0.033517614006996155,-0.043521981686353683,-0.033444616943597794,-0.036518946290016174,-0.0381641648709774,-0.021371807903051376,-0.029602326452732086,-0.019966324791312218,-0.023529859259724617,-0.02733813039958477,-0.052987389266490936,-0.047359637916088104,-0.03142404183745384,-0.004967212677001953,0.049604687839746475,0.16979394853115082,0.32873067259788513,0.3358459770679474,0.2534540295600891,0.1284448206424713,0.1078149601817131,0.10855872184038162,0.11347965151071548,0.06392528116703033,0.08698514848947525,0.046273380517959595,0.06333508342504501,0.05313265696167946,0.029820390045642853,0.006982981692999601,-0.01890696957707405,-0.021887749433517456,-0.02258557453751564,-0.021464329212903976,-0.0358927920460701,-0.0195328276604414,-0.03274254500865936,-0.01982230506837368,-0.02978568524122238,-0.044632356613874435,-0.0043883007019758224,-0.03234589099884033,-0.06423971056938171,0.013477041386067867,-0.022864200174808502,-0.05699733644723892,0.05396221578121185,0.00027732737362384796,-0.05726474151015282,0.02042413130402565,-0.00463477149605751,-0.011509072035551071,-0.005437076091766357,0.0296104084700346,-0.0025317769031971693,-0.03574376925826073,-0.16773077845573425,-0.018513686954975128,0.02210262231528759,-0.14786623418331146,-0.1738821417093277,0.0019929129630327225,-0.08497092872858047,-0.12396494299173355,-0.13050773739814758,0.0769314393401146,-0.06980104744434357,0.005567597690969706,-0.1053052544593811,-0.08005005121231079,-0.05203360691666603,-0.024319211021065712,0.029553081840276718,-0.061186764389276505,-0.05786961689591408,0.0733749195933342,-0.0624990239739418,0.26224133372306824,0.07499722391366959,0.026765109971165657,-0.25117290019989014,0.1666099578142166,0.06627976894378662,-0.11705177277326584,-0.011881351470947266,0.3613168001174927,-0.2351086437702179,0.13418999314308167,-0.12154193967580795,0.33126771450042725,-0.4651558995246887,0.18356886506080627,-0.2232731729745865,-0.030141787603497505,0.2450324147939682,0.0961839109659195,-0.21027210354804993,0.4925912022590637,-0.4121335744857788,0.07825159281492233,-0.008063068613409996,0.23571929335594177,-0.012208174914121628,-0.18502208590507507,-0.055286508053541183,0.0492212250828743,0.16713166236877441,-0.36311307549476624,0.49246302247047424,-0.12490334361791611,-0.09551418572664261,-0.07020740956068039,0.2076965868473053,-0.4134526252746582,0.16354551911354065,0.45586496591567993,-0.4563189446926117,0.23244117200374603,0.034554969519376755,0.07506944239139557,0.04205005243420601,-8.604952768109797e-07,0.015482502989470959,-0.00021859398111701012,7.842018590054067e-07,-1.4903586134096258e-06,-2.800229958666023e-05,9.294538176618516e-05,1.101841688156128,-0.18538261950016022,-0.15780435502529144,-0.011114696972072124,-0.02360614761710167,-0.20000457763671875,-0.16475838422775269,-0.09547440707683563,-0.2067905217409134
37,0.0017632301896810532,0.006090601906180382,0.007496821228414774,0.0025684796273708344,-0.005139543209224939,-0.009466145187616348,-0.009350364096462727,-0.009346092119812965,-0.008154798299074173,-0.007440803572535515,-0.0031359728891402483,0.0012360928812995553,0.0072413114830851555,0.012431922368705273,0.014124399051070213,0.006510721519589424,-0.005257412325590849,-0.012494971975684166,-0.0218748040497303,-0.02771017514169216,-0.036760132759809494,-0.04805987328290939,-0.03226715698838234,-0.028534788638353348,-0.019880075007677078,-0.002739054150879383,0.009585808962583542,0.010990852490067482,0.015160341747105122,0.00939906481653452,-0.005562634207308292,-0.02947797253727913,-0.03959812968969345,-0.04437084123492241,-0.04775679111480713,-0.06473842263221741,-0.08521497249603271,-0.09125766903162003,-0.09654387831687927,-0.07175226509571075,-0.06451910734176636,-0.05219988524913788,-0.037562157958745956,-0.03422693908214569,-0.08827313780784607,-0.084199920296669,-0.09461866319179535,-0.07580780237913132,-0.06997490674257278,-0.0456436462700367,-0.05513811483979225,-0.02856425568461418,-0.02155148610472679,-0.016668986529111862,-0.02441197633743286,-0.016907762736082077,-0.03440261259675026,-0.034602731466293335,-0.04652903974056244,-0.07363881915807724,-0.029165588319301605,-0.048236183822155,-0.07700201869010925,-0.0018092142418026924,-0.038274310529232025,-0.06684258580207825,0.037946075201034546,-0.008042353205382824,-0.1010688841342926,0.014573382213711739,-0.0037008929066359997,-0.0318467952311039,-0.045620210468769073,-0.1911199688911438,-0.024749094620347023,-0.014105506241321564,0.0675768032670021,-0.03143971785902977,-0.00783551950007677,-0.0010851462138816714,-0.029728177934885025,0.020854702219367027,-0.02647409215569496,-0.002629762515425682,-0.003808313049376011,-0.08383206278085709,0.02763780578970909,-0.05650227516889572,0.11241506040096283,-0.13409560918807983,0.018950363621115685,0.04266425967216492,0.11867694556713104,-0.07297783344984055,-0.056997258216142654,0.06250767409801483,-0.05607522279024124,0.22850176692008972,-0.0035652192309498787,0.023543095216155052,-0.24913619458675385,0.12746824324131012,0.0411861389875412,-0.1048094630241394,-0.017602743580937386,0.28756076097488403,-0.1988808810710907,0.09365537017583847,-0.11266690492630005,0.3116544187068939,-0.25048211216926575,0.2280183881521225,-0.19736209511756897,-0.02186705358326435,0.09661885350942612,0.10206884890794754,-0.21480658650398254,0.4451276361942291,-0.3918790817260742,0.10622011870145798,0.03202756121754646,0.2643983066082001,-0.041378069669008255,-0.18972593545913696,-0.09108343720436096,0.033808477222919464,0.1887359768152237,-0.31381019949913025,0.48353278636932373,-0.08046797662973404,-0.10779844224452972,-0.0009631862048991024,0.27237555384635925,-0.39230042695999146,0.11037766933441162,0.42235761880874634,-0.43154093623161316,0.1963118612766266,0.14441868662834167,-0.021736063063144684,0.06680870801210403,-9.532492413200089e-07,-0.03429361805319786,-0.00015493360115215182,-8.494399139635789e-07,-9.171961323772848e-07,-1.2375027836242225e-05,-9.781730477698147e-05,2.4528188705444336,-0.254811555147171,-0.004557148553431034,0.015811989083886147,-0.03171420842409134,0.04233795776963234,-0.004646287765353918,0.016058381646871567,0.02307683415710926
38,-0.0006517601432278752,-0.0032580301631242037,-0.007923702709376812,-0.006398485507816076,-0.008329656906425953,-0.005504255648702383,-0.0007610366446897388,0.0032191311474889517,0.007409855257719755,0.008563431911170483,0.00407746247947216,0.0007904684171080589,-0.0024429347831755877,-0.0060856761410832405,-0.00995340384542942,-0.011919688433408737,-0.013409697450697422,-0.014363449066877365,-0.018642336130142212,-0.020579325035214424,-0.027564318850636482,-0.03278660774230957,-0.013283769600093365,0.004567716270685196,0.04857254773378372,0.06396450102329254,0.12176037579774857,0.10785485059022903,0.11311660706996918,0.07864385098218918,0.07430261373519897,0.019613636657595634,-0.0047836508601903915,-0.020637888461351395,-0.03448794409632683,-0.0637882798910141,-0.09778622537851334,-0.08805859088897705,-0.0820036306977272,-0.055201880633831024,-0.04532088339328766,0.01782703399658203,0.1577426940202713,0.456169992685318,1.3382707834243774,1.1443915367126465,1.0663440227508545,0.6629425287246704,0.6159676909446716,0.27469882369041443,0.31027665734291077,0.11344721913337708,0.05983300879597664,0.031788602471351624,0.02322530560195446,0.0018184008076786995,-0.006974351592361927,-0.013612649403512478,-0.028168946504592896,-0.047394849359989166,-0.018609175458550453,-0.028103722259402275,-0.05908626317977905,-0.01663787104189396,-0.029928645119071007,-0.041423652321100235,0.011273989453911781,0.011911432258784771,0.06674057990312576,-0.02153393253684044,0.0064374529756605625,-0.0077403876930475235,0.13926628232002258,0.1949077546596527,0.101707823574543,0.03939538821578026,0.01238020695745945,-0.16680052876472473,-0.19041995704174042,-0.14776526391506195,0.14448773860931396,-0.419695109128952,-0.03844992443919182,0.2393292337656021,0.08835694193840027,-0.12732739746570587,0.08437877893447876,-0.012808204628527164,0.0952102467417717,-0.03583688661456108,-0.0856965109705925,-0.13956212997436523,-0.5390374064445496,0.5853728652000427,0.4277885854244232,-0.523895263671875,0.0884091854095459,-0.22417765855789185,0.025850407779216766,-0.008064019493758678,-0.07885913550853729,0.05023229867219925,0.03775794059038162,-0.04207716882228851,-0.029499195516109467,0.06478896737098694,-0.015221452340483665,-0.09348993748426437,0.2653099596500397,-0.7639427781105042,1.8996334075927734,-1.5217080116271973,0.8588544130325317,2.0491693019866943,1.3266417980194092,-0.5221304893493652,0.7762513160705566,-0.11908353865146637,0.9453445672988892,-0.11558733135461807,0.011516585946083069,-0.13482610881328583,0.006351970601826906,-0.08776284754276276,-0.26390159130096436,0.15022453665733337,0.3750991225242615,-0.22859205305576324,-1.3328593969345093,-0.23752659559249878,4.528524398803711,-0.5256921052932739,-1.7650957107543945,0.19649845361709595,0.6046187877655029,-3.1311137676239014,2.4630990028381348,0.07826924324035645,-1.8232779502868652,2.149440288543701,0.08791101723909378,-4.491750971169495e-08,-0.008972011506557465,-9.742115071276203e-05,-7.545263542851899e-07,3.5313366453237904e-08,-1.2521390999609139e-05,-0.00010171918256673962,-10.885501861572266,0.3264937698841095,0.06062938645482063,-0.007920296862721443,-0.0056294286623597145,0.02899600937962532,0.06256807595491409,0.07050920277833939,0.05147111043334007
39,-0.0008847670978866518,-0.003106825752183795,-0.00514538399875164,-0.0046361894346773624,-0.003091034945100546,0.000654986419249326,0.0033759931102395058,0.0043383315205574036,0.004226543940603733,0.002097443211823702,0.0007088853744789958,0.002101434161886573,0.010360742919147015,0.03487199917435646,0.05586856231093407,0.0875733271241188,0.09816829115152359,0.049076709896326065,0.039552342146635056,0.010187750682234764,-0.0066218324936926365,-0.017892761155962944,-0.015509875491261482,-0.018229465931653976,-0.019182100892066956,-0.012260161340236664,-0.01496045384556055,-0.011615140363574028,-0.011575634591281414,-0.012116516008973122,-0.015769876539707184,-0.010055851191282272,-0.008611848577857018,-0.01302621141076088,-0.02263627201318741,-0.03616092726588249,-0.06113912910223007,-0.0573757067322731,-0.054576948285102844,-0.03686465695500374,-0.012023660354316235,0.05858686566352844,0.2094300240278244,0.3981727957725525,0.8842560648918152,0.7205756306648254,0.5725463032722473,0.3247852921485901,0.14612361788749695,0.025435853749513626,-0.011412464082241058,-0.01328984647989273,-0.010072807781398296,-0.0025698926765471697,-0.0020147887989878654,-0.00552884628996253,-0.01765431836247444,-0.01910156011581421,-0.010636403225362301,0.008847459219396114,0.024450233206152916,0.054522424936294556,0.13551485538482666,0.04143988713622093,0.057093508541584015,0.02412649244070053,0.0013553708558902144,0.057012539356946945,0.2497965693473816,0.06821730732917786,0.19181206822395325,0.3192155361175537,0.3551326096057892,0.1949005126953125,0.009190618060529232,-0.01456964947283268,-0.04854005575180054,-0.22858025133609772,-0.20513296127319336,0.13986343145370483,0.2440372258424759,-0.004524649120867252,0.09924419224262238,0.08052577823400497,0.013755571097135544,-0.029663678258657455,-0.008032752200961113,0.01863221824169159,-0.09088835120201111,0.04699922725558281,0.059035491198301315,-0.2673960328102112,-0.4165906608104706,0.15970271825790405,-0.016235066577792168,0.004979067947715521,0.025099508464336395,-0.2683834433555603,0.553158700466156,1.1923795938491821,1.6572508811950684,-1.306398630142212,0.3730908930301666,0.12037429958581924,-0.10006783902645111,-0.22853803634643555,0.13869428634643555,-0.1322084218263626,-0.033890485763549805,-0.24231183528900146,0.045239415019750595,0.0023582640569657087,-0.08825981616973877,-0.00020767909882124513,-0.008591223508119583,0.022518165409564972,0.24882575869560242,-0.686472475528717,0.6816269755363464,0.06769858300685883,-0.04578671604394913,-0.052879009395837784,-0.01255427859723568,0.6979641914367676,-0.24045544862747192,-0.8472116589546204,-1.5414501428604126,3.1658523082733154,-3.7096455097198486,0.6575807332992554,1.2036164999008179,-0.6082693934440613,-0.498015820980072,-0.43537023663520813,-0.7527572512626648,0.16565850377082825,-1.6810390949249268,0.3859967589378357,0.02244626171886921,0.009312963113188744,-0.032957982271909714,-7.43221804100358e-08,-0.007318140938878059,2.2107036784291267e-05,-3.472863738807064e-07,-4.1098765279912186e-08,-8.414154763158876e-06,0.0003491552488412708,-1.7826485633850098,0.20615099370479584,0.034899018704891205,-0.004355694632977247,-0.00553779536858201,0.015192726626992226,0.0366281233727932,0.036488279700279236,0.028021344915032387
40,-0.0005663842894136906,-0.0031900103203952312,-0.0062734889797866344,-0.004393232520669699,-0.003423297079280019,0.0012951563112437725,0.005166178103536367,0.005426473915576935,0.005237719975411892,0.0019265913870185614,-0.0012577214511111379,-0.002692605135962367,-0.0046523986384272575,-0.0069910138845443726,-0.009770246222615242,-0.011543020606040955,-0.01227713655680418,-0.01300109550356865,-0.017134476453065872,-0.019700583070516586,-0.024811124429106712,-0.03305601328611374,-0.02102123387157917,-0.022672446444630623,-0.020441321656107903,-0.0049776253290474415,0.01316484622657299,0.039824750274419785,0.08298101276159286,0.11732293665409088,0.21485404670238495,0.1419844776391983,0.07548044621944427,0.03644369915127754,0.008119761012494564,-0.0221593976020813,-0.0604814738035202,-0.06435424834489822,-0.06061971187591553,-0.021506724879145622,0.05072007700800896,0.21205370128154755,0.44772350788116455,0.7121526002883911,1.3393911123275757,0.8850989937782288,0.6853091716766357,0.4595894515514374,0.48537197709083557,0.23560233414173126,0.23419402539730072,0.08899971842765808,0.0589284710586071,0.03888758271932602,0.026436856016516685,-0.0006681130034849048,-0.019571304321289062,-0.025045743212103844,-0.03978220000863075,-0.053714439272880554,-0.020632265135645866,-0.031122473999857903,-0.05673946067690849,-0.01556252408772707,-0.029020996764302254,-0.046859320253133774,0.016808973625302315,-0.001780746621079743,0.06114133819937706,0.013540616258978844,0.056158389896154404,0.09068096429109573,0.0855150893330574,0.1477588266134262,0.055550891906023026,0.02507452666759491,0.01592516526579857,-0.15216349065303802,-0.1362214982509613,0.03773890435695648,0.17735151946544647,-0.17805920541286469,0.06365536898374557,0.22096160054206848,0.13587813079357147,-0.13630545139312744,0.0677405297756195,-0.001370748272165656,-0.06280311197042465,-0.01691257767379284,-0.10743188112974167,-0.05320184305310249,-0.23397520184516907,0.15869364142417908,0.11530167609453201,-0.07864116132259369,0.05350217968225479,-0.1995576024055481,0.042421627789735794,0.007303567603230476,0.1822470873594284,-0.0962912067770958,-0.09072956442832947,-0.014900696463882923,0.022771237418055534,-0.15040138363838196,0.2013636827468872,0.005111886188387871,0.15187956392765045,-0.3623318672180176,0.5544717907905579,-0.8152554035186768,0.3689400553703308,0.7970024347305298,0.9166044592857361,0.07094603031873703,1.5585181713104248,-0.5372735261917114,1.4785914421081543,-0.3237779438495636,0.0019168006256222725,-0.19849437475204468,0.018937889486551285,0.030345117673277855,0.16907349228858948,-0.011156854219734669,-0.622543215751648,1.3556547164916992,-3.5584425926208496,0.7201749086380005,1.3817145824432373,-0.19365526735782623,-1.0919474363327026,-0.12127048522233963,-0.05191166698932648,-1.6066014766693115,1.730466604232788,-0.8907687664031982,-1.2389497756958008,0.6990817785263062,-0.1818234920501709,1.1840102587257206e-07,-0.000271474797045812,-0.00016977325140032917,-8.545716809749138e-07,5.838832635163271e-07,-2.105915336869657e-05,-0.0002761673822533339,-6.495998859405518,0.29165124893188477,0.05434292554855347,-0.007594892755150795,-0.00838525965809822,0.02509765699505806,0.046975526958703995,0.06816519796848297,0.03249809145927429
41,-0.000541637244168669,-0.0026068466249853373,-0.0056382473558187485,-0.005316710099577904,-0.008233130909502506,-0.007736693602055311,-0.005106935277581215,-0.004176175221800804,-0.004251607693731785,-0.004894358571618795,-0.004038409795612097,-0.003821822116151452,-0.005170479416847229,-0.0074179829098284245,-0.00823633186519146,-0.005460373125970364,0.006895062979310751,0.03236165642738342,0.0764196589589119,0.1262550801038742,0.1583256721496582,0.22271043062210083,0.09876824915409088,0.04910944402217865,0.009186362847685814,-0.00822617020457983,-0.018514592200517654,-0.014000976458191872,-0.01810789294540882,-0.01967797987163067,-0.037337735295295715,-0.03881557658314705,-0.03352142497897148,-0.02964656427502632,-0.029187079519033432,-0.03301839902997017,-0.030389949679374695,0.00016002479242160916,0.0568343810737133,0.16249217092990875,0.30319729447364807,0.7504303455352783,0.8003298044204712,0.9048417806625366,1.0438874959945679,0.40870335698127747,0.15432222187519073,0.014926510863006115,-0.0380471833050251,-0.03759264200925827,-0.05761832371354103,-0.04059698432683945,-0.03866633027791977,-0.028897816315293312,-0.030006323009729385,-0.020123861730098724,-0.027001813054084778,-0.030056588351726532,-0.03802032023668289,-0.04694170877337456,-0.02781694196164608,-0.04444202780723572,-0.06072450429201126,-0.002122038509696722,-0.019345473498106003,-0.016485311090946198,0.0037334805820137262,0.008755444549024105,0.12545062601566315,0.06899610906839371,0.24736513197422028,0.23070849478244781,0.1731773018836975,0.14479047060012817,0.01824156381189823,-0.033542450517416,0.04024290665984154,-0.10553302615880966,-0.14119718968868256,0.10245049744844437,0.15422973036766052,0.07979463785886765,0.05149538069963455,0.005131803452968597,0.03761817887425423,-0.05701270326972008,0.028995824977755547,-0.015174872241914272,-0.05691993236541748,0.08753906190395355,0.041159529238939285,-0.022277427837252617,-0.11352244019508362,-0.005353743676096201,-0.01450333558022976,0.013503615744411945,-0.0345192514359951,0.013008973561227322,0.030328882858157158,0.09758239984512329,1.668756365776062,-0.8033024668693542,-0.08088384568691254,2.1193182468414307,-0.49838799238204956,-1.072210431098938,1.077650785446167,-0.1301020085811615,-0.0778970718383789,0.008380342274904251,-0.2218739092350006,0.20307695865631104,-0.2705932557582855,-0.11469567567110062,-0.0012907134369015694,0.012190441600978374,-0.1701420694589615,-0.030233031138777733,0.13147015869617462,0.009084179997444153,0.3886241614818573,-1.0166914463043213,0.36186710000038147,0.15603531897068024,2.425424814224243,0.70456862449646,-3.709284782409668,1.5714603662490845,-2.1304688453674316,0.4853011667728424,0.17904917895793915,-0.15165914595127106,-0.28432193398475647,0.25883036851882935,-0.029049189761281013,-0.019324932247400284,0.07308771461248398,-0.13351471722126007,-0.0003285432467237115,-0.032948728650808334,-0.11287879198789597,8.587649347191473e-08,-0.011617791838943958,-6.665851833531633e-05,-7.291816359611403e-07,-3.377471458065884e-08,-2.0759445760631934e-05,-0.00011621076555456966,-6.0027642250061035,0.27111729979515076,0.0373041070997715,-0.006747432053089142,0.018131524324417114,0.0268782339990139,0.0379767082631588,0.03543722257018089,0.009421742521226406
42,-0.0009013698436319828,-0.00209225551225245,-0.0002259601460536942,0.0051503716967999935,0.010145273990929127,0.008970663882791996,0.004193709697574377,0.0020592794753611088,0.004136642441153526,0.010789983905851841,0.015142213553190231,0.01616963930428028,0.02207253687083721,0.023803969845175743,0.021660640835762024,0.011254061944782734,-0.0025589761789888144,-0.011247677728533745,-0.021136794239282608,-0.027455361559987068,-0.036644186824560165,-0.04756806790828705,-0.03167557343840599,-0.02762734144926071,-0.019803635776042938,-0.005075788125395775,-0.0013785779010504484,-0.002848787233233452,-0.008222544565796852,-0.01869305595755577,-0.04807141050696373,-0.054162394255399704,-0.052863165736198425,-0.05608372017741203,-0.06563519686460495,-0.09919832646846771,-0.13025498390197754,-0.11570964753627777,-0.0885152816772461,-0.051712505519390106,-0.04550521448254585,-0.049418095499277115,-0.05797708034515381,-0.0650692880153656,-0.14050902426242828,-0.09880571067333221,-0.08435111492872238,-0.05080671235918999,-0.037541747093200684,-0.02260659448802471,-0.031733229756355286,-0.018140900880098343,-0.013626275584101677,-0.00895235501229763,-0.013526132330298424,-0.011392014101147652,-0.01982208341360092,-0.01923958957195282,-0.025082550942897797,-0.03785949945449829,-0.015872271731495857,-0.028594180941581726,-0.05055047944188118,-0.003341434057801962,-0.03085116669535637,-0.057400502264499664,0.03755473718047142,-0.00649605318903923,-0.10678604990243912,0.022916605696082115,0.006808692589402199,-0.022315850481390953,-0.03992973640561104,-0.18326252698898315,-0.01733909733593464,-0.0053905402310192585,0.06568318605422974,-0.030217090621590614,-0.008589761331677437,0.0040464941412210464,-0.028410322964191437,0.02433306910097599,-0.01888679713010788,0.013994719833135605,0.016324222087860107,-0.09467295557260513,0.03216056898236275,-0.05260943993926048,0.10663100332021713,-0.12956635653972626,0.012476278468966484,0.029925629496574402,0.08586461842060089,-0.06858866661787033,-0.05426567792892456,0.06876121461391449,-0.060966506600379944,0.26212698221206665,0.0040854960680007935,0.029574980959296227,-0.2358924150466919,0.1196480244398117,0.040194664150476456,-0.10161732882261276,-0.01528490986675024,0.2579888105392456,-0.19573542475700378,0.07683708518743515,-0.10257274657487869,0.31657373905181885,-0.2778244614601135,0.22111932933330536,-0.20249837636947632,-0.02233438938856125,0.1053411215543747,0.08872290700674057,-0.20533066987991333,0.4447273910045624,-0.40897756814956665,0.09950227290391922,0.026394039392471313,0.2607242166996002,-0.029468268156051636,-0.1970120221376419,-0.10136323422193527,0.04511585086584091,0.18650919198989868,-0.3563254475593567,0.5296738147735596,-0.09357719123363495,-0.14036910235881805,-0.002435582224279642,0.2660187780857086,-0.4196093678474426,0.1256292164325714,0.42858022451400757,-0.433695524930954,0.19316700100898743,0.15530674159526825,-0.033981528133153915,0.06383613497018814,-1.0907126579695614e-06,-0.03591523319482803,-0.00019867962691932917,-1.1149460306114634e-06,-6.985470690779039e-07,-1.768093898135703e-05,-0.00023928155133035034,2.273139476776123,-0.24479258060455322,-0.012374981306493282,0.016895614564418793,-0.023857388645410538,0.045233823359012604,-0.021214237436652184,0.009402342140674591,0.02997138909995556
43,0.0005809844005852938,0.0028379843570291996,0.0023280035238713026,-0.0005024484707973897,-0.0038118772208690643,-0.005667525343596935,-0.004304970148950815,-0.0038547709118574858,-0.003853919217363,-0.004308078438043594,-0.0036429399624466896,-0.0032761991024017334,-0.004499932285398245,-0.005915188230574131,-0.0037381744477897882,0.0042512984946370125,0.022763483226299286,0.04537895694375038,0.07738558202981949,0.10622206330299377,0.1107277199625969,0.12786997854709625,0.0732407197356224,0.0432576946914196,0.021504908800125122,0.001604596502147615,-0.009428446181118488,-0.011427955701947212,-0.014869353733956814,-0.018248382955789566,-0.034743573516607285,-0.034413836896419525,-0.029297539964318275,-0.03212856501340866,-0.03603335842490196,-0.03715119883418083,-0.0018015329260379076,0.08976579457521439,0.2509062886238098,0.33421191573143005,0.43532806634902954,0.5809671878814697,0.49550196528434753,0.4503481984138489,0.553855836391449,0.26306408643722534,0.1832936406135559,0.09289040416479111,0.05103648826479912,0.0055950055830180645,-0.02006533183157444,-0.027870533987879753,-0.03129184991121292,-0.02644193358719349,-0.030804581940174103,-0.01762048341333866,-0.012694645673036575,0.0014392983866855502,0.010337465442717075,0.024588337168097496,0.017620930448174477,0.020975183695554733,0.022665755823254585,3.43850624631159e-05,-0.0032479839865118265,-0.003301180200651288,-0.0001225936139235273,-0.00017323710198979825,-0.0047616916708648205,9.122489427682012e-05,0.012101630680263042,0.023403070867061615,0.05812487751245499,0.14414256811141968,0.009631593711674213,0.027296192944049835,-0.008009187877178192,0.034649841487407684,0.010029965080320835,-0.011509442701935768,-0.023210525512695312,0.0033827151637524366,-0.037760235369205475,-0.02867400087416172,-0.0699075236916542,0.06747160106897354,-0.05720623582601547,0.011700517497956753,-0.09013346582651138,0.03331905975937843,-0.012947906740009785,-0.08142942935228348,-0.10220608115196228,-1.4939185348339379e-05,-0.0016695363447070122,0.018447035923600197,0.06832008063793182,-0.623367428779602,0.3015609085559845,0.13373532891273499,1.5315850973129272,-0.9715471267700195,0.21431109309196472,0.6383857131004333,-0.33555763959884644,-0.9524125456809998,0.6213727593421936,-0.2865857481956482,-0.20103146135807037,-0.23976899683475494,0.08686172962188721,0.024182559922337532,-0.07443099468946457,-0.02881108969449997,-0.019267328083515167,0.0030382832046598196,0.00503472751006484,-0.49940553307533264,0.8939480185508728,0.046957697719335556,-0.6074314117431641,-1.4279510974884033,0.4719576835632324,1.460257649421692,0.3945947289466858,0.07526348531246185,-1.4684581756591797,1.4915571212768555,-0.5431570410728455,0.6675080060958862,-0.2983781099319458,0.14209064841270447,-0.3916335105895996,0.7694018483161926,0.016871193423867226,-0.194026380777359,0.062265630811452866,0.1352042257785797,0.25548312067985535,-0.3190922737121582,0.2866736054420471,6.519162809581758e-08,-0.0076462081633508205,-0.00014519495016429573,-1.5247553619701648e-06,1.9938330808599858e-07,-1.6905694792512804e-05,-0.0002687365631572902,-4.864468097686768,0.25508227944374084,0.03962382674217224,-0.0053967926651239395,-0.017579160630702972,0.022181693464517593,0.032555874437093735,0.04136659950017929,0.027047719806432724
44,-0.00031747116008773446,0.0027613253332674503,0.016034461557865143,0.041204553097486496,0.06605635583400726,0.0625169426202774,0.03690984100103378,0.018691079691052437,0.004137462470680475,-0.004189785104244947,-0.006489351391792297,-0.005778274033218622,-0.007512758020311594,-0.011142317205667496,-0.012366276234388351,-0.015427844598889351,-0.017724113538861275,-0.013665905222296715,-0.018493538722395897,-0.02365075796842575,-0.03286339342594147,-0.04311176761984825,-0.033589620143175125,-0.03687737137079239,-0.03811972588300705,-0.02143239602446556,-0.029649069532752037,-0.01988288015127182,-0.02044033817946911,-0.01623920351266861,-0.003919645212590694,0.02373890019953251,0.036225054413080215,0.036472368985414505,0.015096422284841537,-0.02784673124551773,-0.08934298157691956,-0.10188337415456772,-0.07084514200687408,-0.017489969730377197,0.01920231431722641,0.04128987342119217,0.05170251429080963,0.024088842794299126,0.0261303149163723,0.028760964050889015,0.10852900892496109,0.19271723926067352,0.2649382948875427,0.29033422470092773,0.3815833032131195,0.16553126275539398,0.04375241696834564,-0.0016177794896066189,-0.026116590946912766,-0.017776835709810257,-0.03167543560266495,-0.020110774785280228,-0.030789118260145187,-0.046885453164577484,-0.003742883913218975,-0.02740716189146042,-0.05803684890270233,0.005098140332847834,-0.023912928998470306,-0.048811931163072586,0.042217448353767395,-0.0001577454968355596,-0.056664515286684036,-0.0017307332018390298,-0.01293609943240881,-0.017932074144482613,-0.009456011466681957,-0.07149343937635422,0.0064000943675637245,-0.01476333662867546,-0.1364676058292389,0.007082559168338776,0.040676299482584,-0.1338033676147461,-0.07117711752653122,0.01695878617465496,-0.03072979301214218,-0.08207748085260391,-0.11735759675502777,0.13434189558029175,-0.12403687089681625,0.0505719929933548,-0.1542021632194519,-0.08046185970306396,-0.04462571442127228,-0.057275183498859406,-0.20768457651138306,0.010558842681348324,0.05889393761754036,-0.13532613217830658,-0.007983211427927017,0.18190518021583557,0.08187112957239151,0.023500345647335052,-0.24229301512241364,0.167344331741333,0.06009833887219429,-0.09338313341140747,-0.006237393245100975,0.38062238693237305,-0.19784647226333618,0.1479942947626114,-0.08217261731624603,0.3893231451511383,-0.4312930405139923,0.1740291714668274,-0.26421961188316345,0.014743373729288578,0.3067817986011505,0.08243804425001144,-0.20101097226142883,0.4854382872581482,-0.4693182408809662,0.08946783095598221,-0.031232967972755432,0.20043830573558807,0.022434987127780914,-0.23251532018184662,-0.03940247744321823,0.032648324966430664,0.14407122135162354,-0.41577062010765076,0.4884434938430786,-0.12843742966651917,-0.07240906357765198,-0.06430867314338684,0.22248858213424683,-0.44080987572669983,0.2008155882358551,0.43226027488708496,-0.37312793731689453,0.23818176984786987,0.046555619686841965,0.12807078659534454,0.023695606738328934,-8.193622420549218e-07,0.017666269093751907,0.00010996344644809142,1.8471118892193772e-06,1.3458642911245988e-07,7.706476935709361e-06,0.0002582932938821614,0.8253676891326904,-0.12952010333538055,-0.13813097774982452,-0.009984010830521584,-0.020247116684913635,-0.19741687178611755,-0.13704252243041992,-0.09479101002216339,-0.16011211276054382
45,0.00014299819304142147,0.0020848035346716642,0.005796982906758785,0.006819484755396843,0.004760305862873793,-0.0007042757351882756,-0.004222379997372627,-0.005219620652496815,-0.0027161689940840006,0.0024046911858022213,0.006822290364652872,0.00893019512295723,0.009929794818162918,0.006114437244832516,-0.0016092131845653057,-0.01100917998701334,-0.016708828508853912,-0.017066366970539093,-0.023956771939992905,-0.028436856344342232,-0.03690250217914581,-0.04882022738456726,-0.03433617949485779,-0.036199551075696945,-0.03728499636054039,-0.018333174288272858,-0.019114423543214798,-0.008043297566473484,-0.0031452991534024477,-0.0037540183402597904,-0.01782260276377201,-0.03470979258418083,-0.04403719678521156,-0.05218759551644325,-0.06510976701974869,-0.10332299023866653,-0.14555136859416962,-0.1445360630750656,-0.13621112704277039,-0.09710511565208435,-0.0991303101181984,-0.10436975210905075,-0.09246476739645004,-0.06151922792196274,-0.05006261542439461,-0.0015106219798326492,0.009824021719396114,-0.0017310325056314468,-0.02412807196378708,-0.03506391867995262,-0.06586994230747223,-0.04021258279681206,-0.02460291236639023,-0.010669250972568989,-0.00783704873174429,-0.010097158141434193,-0.025090673938393593,-0.02629193291068077,-0.03896867111325264,-0.0528164766728878,-0.012374013662338257,-0.0164771918207407,-0.01344193983823061,-0.014963295310735703,-0.017110619693994522,-0.03516998887062073,0.03985048830509186,-0.00029339821776375175,-0.100046306848526,0.019711853936314583,0.010907365009188652,-0.01884954236447811,-0.028440726920962334,-0.1588984727859497,-0.019441818818449974,-0.0017145375022664666,0.07241768389940262,-0.027767013758420944,-0.007669402752071619,-0.021015429869294167,-0.04546103626489639,0.024353962391614914,-0.031874652951955795,-0.002893080934882164,0.013898762874305248,-0.07946290820837021,0.037935446947813034,-0.03604741767048836,0.0699683353304863,-0.11796160787343979,0.016500642523169518,0.035429682582616806,0.14567214250564575,-0.07036880403757095,-0.06402391940355301,0.07125594466924667,-0.054195936769247055,0.11601362377405167,-0.03308093920350075,0.010798740200698376,-0.24141275882720947,0.14315396547317505,0.07369737327098846,-0.09696302562952042,-0.01400504820048809,0.23739255964756012,-0.22822611033916473,0.05862816050648689,-0.12481089681386948,0.32421788573265076,-0.3567909002304077,0.21040548384189606,-0.1757899522781372,-0.0020649705547839403,0.04881129413843155,0.07252246886491776,-0.19772504270076752,0.3759855031967163,-0.3884020745754242,0.1053178533911705,0.03495978191494942,0.23238815367221832,-0.04599611461162567,-0.1409461945295334,-0.04436495155096054,-0.0031065656803548336,0.19336208701133728,-0.31314483284950256,0.5162919759750366,-0.07757674902677536,0.006668277084827423,-0.011344070546329021,0.13715097308158875,-0.20961512625217438,0.13252538442611694,0.3601904809474945,-0.4491966664791107,0.1757156252861023,0.17854458093643188,-0.05733681470155716,0.07014863193035126,-6.697316621284699e-07,-0.019167788326740265,-1.8798909877659753e-06,8.41861549361056e-07,-7.444007792400953e-07,-3.079014641116373e-05,0.000945535022765398,1.6581376791000366,-0.2075645476579666,0.011975044384598732,0.013099880889058113,-0.02678033523261547,0.04514608532190323,0.009431458078324795,-0.007420993410050869,0.05389628931879997
46,-0.0012166183441877365,-0.005646303296089172,-0.011837112717330456,-0.01541187334805727,-0.016649866476655006,-0.010864205658435822,-0.002642985200509429,0.005180785432457924,0.01133271586149931,0.014003446325659752,0.008348160423338413,0.0018800186226144433,-0.002819634974002838,-0.008831641636788845,-0.01255581621080637,-0.016527246683835983,-0.018444819375872612,-0.015402291901409626,-0.02074068784713745,-0.02607732266187668,-0.0344097726047039,-0.045013178139925,-0.03381219506263733,-0.03708669915795326,-0.038818445056676865,-0.02169577218592167,-0.029997525736689568,-0.020169541239738464,-0.023990444839000702,-0.027812113985419273,-0.05367235094308853,-0.04774131625890732,-0.030361779034137726,-6.974593998165801e-05,0.06157321855425835,0.19997306168079376,0.38793131709098816,0.4015437662601471,0.301483690738678,0.14515359699726105,0.11472126841545105,0.10976201295852661,0.11067581176757812,0.05685906484723091,0.05520566925406456,0.01311370451003313,0.020910857245326042,0.02112239971756935,0.0062698302790522575,-0.012139739468693733,-0.04973926395177841,-0.048431046307086945,-0.044114526361227036,-0.03802213817834854,-0.05252042040228844,-0.02264462225139141,-0.0356488898396492,-0.021473078057169914,-0.03025764785706997,-0.046709515154361725,-0.007466482929885387,-0.033528778702020645,-0.0651940181851387,0.014003200456500053,-0.02602526731789112,-0.05629119277000427,0.051357995718717575,-0.0009659120696596801,-0.06336072832345963,0.019624553620815277,0.0005943988217040896,-0.009821395389735699,-0.006930334959179163,0.030699292197823524,-0.0001519303914392367,-0.04293176159262657,-0.15308783948421478,-0.012918694876134396,0.008327960968017578,-0.06820344179868698,-0.08671047538518906,0.0173714030534029,-0.04810614511370659,-0.06508952379226685,-0.09633682668209076,0.02522924728691578,-0.042541101574897766,-0.013657583855092525,-0.024740513414144516,-0.09749124944210052,-0.024048857390880585,0.004876142367720604,0.060718800872564316,-0.07112681865692139,-0.06533322483301163,0.08150520920753479,-0.0702425017952919,0.2761516273021698,0.06728681176900864,0.03544013202190399,-0.25905805826187134,0.17033787071704865,0.07035818696022034,-0.10772106796503067,-0.017019934952259064,0.37156257033348083,-0.2203284353017807,0.13993017375469208,-0.1054130494594574,0.3472806215286255,-0.4435257017612457,0.15958526730537415,-0.2192937433719635,-0.031224850565195084,0.21263772249221802,0.1069801077246666,-0.21107424795627594,0.5245460867881775,-0.43477579951286316,0.07455457746982574,-0.010066650807857513,0.2610793709754944,-0.018026091158390045,-0.18466949462890625,-0.055217232555150986,0.06307417154312134,0.17744724452495575,-0.37230539321899414,0.5164191722869873,-0.12791971862316132,-0.09860999882221222,-0.04458585008978844,0.2158217430114746,-0.40952733159065247,0.1506567746400833,0.48089852929115295,-0.4655289649963379,0.21698269248008728,0.06040317937731743,0.06153674051165581,0.05813852325081825,-9.018694413498451e-07,0.015853051096200943,-6.199231575010344e-05,1.71864132880728e-06,-1.5704093812018982e-06,-2.7997992219752632e-05,0.00016634337953291833,1.290040135383606,-0.21913045644760132,-0.1667994111776352,-0.012853807769715786,-0.007808963302522898,-0.20360811054706573,-0.1686619222164154,-0.09886911511421204,-0.21101261675357819
47,0.0007299719727598131,0.004694836679846048,0.011992325074970722,0.018901169300079346,0.024960123002529144,0.022769780829548836,0.013766646385192871,0.006728656589984894,-0.00011752951832022518,-0.005477068945765495,-0.006562135182321072,-0.00604206882417202,-0.007842968218028545,-0.011104417964816093,-0.01255086064338684,-0.01491729635745287,-0.013782935217022896,-0.008008742704987526,-0.005747255403548479,-0.0015484592877328396,-0.0001907805126393214,-0.003930469509214163,-0.011628872714936733,-0.022180071100592613,-0.02749108523130417,-0.011167964898049831,0.003844664664939046,0.02224099449813366,0.05559243634343147,0.07740940898656845,0.11915551126003265,0.05961751192808151,0.01156447734683752,-0.010752054862678051,-0.017237167805433273,-0.018079407513141632,-0.006055744830518961,0.00951219629496336,0.018354449421167374,0.012835726141929626,0.01736169122159481,0.030467478558421135,0.060797564685344696,0.059070147573947906,0.12611661851406097,0.05887855216860771,0.04677540436387062,0.030778605490922928,0.03973782807588577,0.051952313631772995,0.10267262160778046,0.05562679469585419,0.012971796095371246,-0.009004700928926468,-0.034582868218421936,-0.018767960369586945,-0.03259562328457832,-0.013758685439825058,-0.015290078707039356,-0.01602991670370102,-0.0037501154001802206,-0.013674861751496792,-0.021969705820083618,-0.013322227634489536,-0.0015602906933054328,0.031998489052057266,-0.040014635771512985,-0.02416394092142582,-0.022252552211284637,-0.02632710337638855,-0.0161814596503973,-0.016694040969014168,0.0002896152436733246,0.047180257737636566,0.00636465847492218,-0.03876669704914093,-0.1118505597114563,-0.009180234745144844,0.020779605954885483,-0.03578425943851471,-0.05229411646723747,0.0260769072920084,-0.06591926515102386,-0.14071126282215118,-0.1286865621805191,0.0202967319637537,-0.05476339906454086,-0.0074197095818817616,-0.09872236847877502,-0.053099196404218674,-0.0314851813018322,0.002004011766985059,0.020108351483941078,-0.059891533106565475,-0.013335746712982655,-0.053632184863090515,0.03322368115186691,-0.26620352268218994,-0.16160137951374054,-0.04362271726131439,-0.10509296506643295,0.1090187281370163,0.03864651173353195,-0.08368930965662003,-0.016801618039608,0.3554818630218506,-0.19087998569011688,0.12241677939891815,-0.05729864165186882,0.4011782109737396,-0.39129534363746643,0.1727496236562729,-0.26111501455307007,0.03668363392353058,0.26334044337272644,0.15799398720264435,-0.15302428603172302,0.563369870185852,-0.42459946870803833,0.10874403268098831,0.017362715676426888,0.19861651957035065,0.055225811898708344,-0.2087867707014084,-0.054957084357738495,0.001430076314136386,0.15643665194511414,-0.3957079350948334,0.523502767086029,-0.10688893496990204,-0.06379126757383347,-0.08342196047306061,0.20958301424980164,-0.4562445878982544,0.20776645839214325,0.4966333210468292,-0.3326984643936157,0.23993730545043945,0.0540727898478508,0.115348681807518,0.05914289876818657,-7.21135393177974e-07,-0.026720112189650536,-0.00036268727853894234,-1.5873407619437785e-06,-9.370266980113229e-07,-2.8095852030673996e-05,-0.0003388650366105139,0.462637722492218,-0.13002066314220428,-0.1468653529882431,-0.008272694423794746,-0.026725230738520622,-0.18575377762317657,-0.16814900934696198,-0.11059602349996567,-0.1688234806060791
48,-0.0009081117459572852,-0.003049009246751666,-0.0046159434132277966,-0.0033590036910027266,-0.00120028224773705,0.002695065690204501,0.004271802958101034,0.0040173777379095554,0.002575444523245096,0.0008283431525342166,0.001384122297167778,0.004918370395898819,0.020795291289687157,0.04962664470076561,0.07353907823562622,0.09406673163175583,0.0901423990726471,0.037013500928878784,0.020695677027106285,0.00028791153454221785,-0.012112926691770554,-0.02075808309018612,-0.015802377834916115,-0.018185891211032867,-0.019514236599206924,-0.012123060412704945,-0.014654673635959625,-0.011607591062784195,-0.011872499249875546,-0.013755278661847115,-0.018797628581523895,-0.012540165334939957,-0.009630979970097542,-0.01248131599277258,-0.021641213446855545,-0.03592774644494057,-0.06053021177649498,-0.05718488246202469,-0.05316729471087456,-0.03198767080903053,0.001894670887850225,0.08616986870765686,0.2606543004512787,0.43096044659614563,0.9752965569496155,0.7102999687194824,0.4869016706943512,0.2367279827594757,0.1003936305642128,0.010851232334971428,-0.016427332535386086,-0.01164345070719719,-0.009539511054754257,-0.004824100062251091,-0.006591469515115023,-0.007417292334139347,-0.014489488676190376,-0.008850661106407642,0.0021946036722511053,0.04335733503103256,0.03499891608953476,0.06671185046434402,0.10358025878667831,0.007013196591287851,0.018397752195596695,0.00695414375513792,-0.007703715935349464,0.05681491270661354,0.2774646282196045,-0.005367988254874945,0.21018154919147491,0.32337817549705505,0.23337943851947784,0.16290798783302307,-0.00025534513406455517,-0.014470604248344898,-0.02482212893664837,-0.17464207112789154,-0.12254424393177032,-0.004722371231764555,0.28722840547561646,-0.07702838629484177,0.15927793085575104,0.09473685920238495,0.0211297906935215,-0.033021990209817886,-0.012237248942255974,0.01483741495758295,-0.15561899542808533,0.06458327174186707,0.03823133185505867,-0.35405266284942627,-0.30432596802711487,0.08868719637393951,-0.019800778478384018,-0.019530925899744034,0.106276735663414,-0.8696341514587402,0.8431392908096313,1.3861627578735352,1.8857080936431885,-1.0329039096832275,-0.0332588367164135,0.05292430892586708,-0.03926483169198036,-0.12406540662050247,0.13759540021419525,-0.1311170607805252,-0.0036365874111652374,-0.3244432806968689,0.10241389274597168,0.00488303555175662,-0.0892992690205574,0.002054029842838645,-0.05897453427314758,0.004719933494925499,0.48055633902549744,-0.7138236165046692,0.49487215280532837,0.02360754832625389,-0.08101056516170502,-0.012485552579164505,0.0963905081152916,0.8330408930778503,-0.17486512660980225,-0.9474102854728699,-0.9708468317985535,3.636752128601074,-4.545551776885986,0.9357633590698242,0.927864670753479,-0.2069748491048813,0.05287836119532585,-0.8392589688301086,-0.40764397382736206,-0.014219311065971851,-1.8341397047042847,-0.08089026808738708,0.052870336920022964,0.08190292865037918,-0.1003374457359314,-7.198709539579795e-08,-0.006495931185781956,-3.036290581803769e-05,-5.436161245597759e-07,1.8383753186412832e-08,-5.999066161166411e-06,0.00013291166396811604,-1.0434623956680298,0.2128061056137085,0.03433135151863098,-0.004396290052682161,-0.006701061502099037,0.017064079642295837,0.033143285661935806,0.038176655769348145,0.027095656841993332
49,0.0012859090929850936,0.011824151501059532,0.031216353178024292,0.03522929176688194,0.04526751488447189,0.029783660545945168,0.010993288829922676,0.001486905966885388,-0.003617912530899048,-0.006639732979238033,-0.005734841804951429,-0.005133247468620539,-0.007082558237016201,-0.01135858241468668,-0.013430925086140633,-0.017154362052679062,-0.018624892458319664,-0.017851125448942184,-0.023656152188777924,-0.02745380811393261,-0.0366545133292675,-0.04881127178668976,-0.034375328570604324,-0.036709513515233994,-0.038728274405002594,-0.02191130816936493,-0.027346303686499596,-0.0159925390034914,-0.01154971495270729,-0.006823549047112465,-0.006006023846566677,-0.005369232967495918,-0.0009290504967793822,0.016798993572592735,0.05410009250044823,0.11793257296085358,0.183958500623703,0.1448947936296463,0.09028936922550201,0.04805668815970421,0.06537891924381256,0.0959465503692627,0.11463368684053421,0.111803337931633,0.2450791448354721,0.22001928091049194,0.2670585811138153,0.24033689498901367,0.1899522840976715,0.07056830823421478,0.006927866023033857,-0.03384975343942642,-0.05369690805673599,-0.044878460466861725,-0.06864294409751892,-0.04004300385713577,-0.05978277698159218,-0.043084390461444855,-0.05293817073106766,-0.059660281985998154,-0.020800702273845673,-0.04728437215089798,-0.06254033744335175,-0.004519675858318806,-0.00030577107099816203,-0.02907092683017254,0.06582406163215637,-0.016915662214159966,-0.07221897691488266,0.00640337448567152,-0.015048721805214882,-0.008750231005251408,0.028785038739442825,0.1871456801891327,0.040474969893693924,0.054607994854450226,-0.11017704755067825,0.04721643775701523,0.0857122540473938,-0.1401192992925644,-0.22214384377002716,0.02159755490720272,-0.0010114592732861638,-0.054972510784864426,-0.05564114823937416,0.11792688071727753,-0.05277027562260628,0.0577370785176754,-0.10727716237306595,-0.00831425841897726,-0.0311367679387331,-0.05105915665626526,0.004576436709612608,-0.06027813255786896,-0.059806838631629944,0.0941631942987442,-0.019579360261559486,0.2870774269104004,0.015366459265351295,0.03385099396109581,-0.2683170437812805,0.18157394230365753,0.055703140795230865,-0.12032541632652283,0.03348394110798836,0.20068630576133728,-0.21106386184692383,0.03275724872946739,-0.07899081707000732,0.13430656492710114,-0.005163625814020634,-0.09221777319908142,0.0625460296869278,-0.04134097322821617,-0.21086536347866058,-0.26286017894744873,0.4180871248245239,-1.6642887592315674,0.6679345965385437,-0.17728625237941742,-0.14499486982822418,-0.6114068031311035,0.2843727767467499,0.29879042506217957,0.3324155807495117,-0.11135084182024002,-0.1853768527507782,0.01947859115898609,-0.029228156432509422,0.0031219380907714367,0.13833583891391754,0.09615333378314972,0.18147937953472137,0.07112257927656174,0.09415486454963684,0.08941207826137543,-0.2766778767108917,0.09791926294565201,0.08151322603225708,-0.055325672030448914,0.13859891891479492,2.8005903374150876e-08,0.011634760536253452,-0.00022004118363838643,-9.75221325916209e-09,1.3396838483004103e-07,-2.2827525754109956e-05,-0.0005231888499110937,0.45275723934173584,0.1418738067150116,0.028211666271090508,-0.004013081546872854,-0.023731546476483345,0.03234428912401199,0.021146496757864952,0.07201418280601501,0.004821311216801405
50,0.0005715620936825871,0.005802744533866644,0.017712892964482307,0.02921414189040661,0.03421790152788162,0.022666601464152336,0.007638140581548214,-0.0009521414758637547,-0.005536182317882776,-0.008301159366965294,-0.007086627651005983,-0.00590865733101964,-0.007539358455687761,-0.011212264187633991,-0.013080026023089886,-0.016292179003357887,-0.01798310875892639,-0.014786602929234505,-0.01968500204384327,-0.02534993179142475,-0.03339989483356476,-0.04344900697469711,-0.03334745764732361,-0.03627466782927513,-0.03779999166727066,-0.020740075036883354,-0.02703879401087761,-0.015821227803826332,-0.013029183261096478,-0.008624887093901634,-0.007415990810841322,-0.007503269240260124,-0.0030236358288675547,0.015262323431670666,0.05878330022096634,0.15285693109035492,0.26300033926963806,0.2443285584449768,0.17309169471263885,0.0846383348107338,0.08233031630516052,0.09890541434288025,0.11198686808347702,0.07334805279970169,0.1222807839512825,0.08558251708745956,0.12757182121276855,0.1196398138999939,0.09045689553022385,0.04237520694732666,-0.004438281059265137,-0.034646641463041306,-0.0413520522415638,-0.03958398103713989,-0.05807311832904816,-0.03013499639928341,-0.0528714545071125,-0.03233986720442772,-0.044980086386203766,-0.060112204402685165,-0.007847050204873085,-0.036952003836631775,-0.06551539152860641,0.010877333581447601,-0.024248601868748665,-0.05553622171282768,0.048585399985313416,-0.0021734233014285564,-0.05752967298030853,0.015095923095941544,-0.007491894531995058,-0.014211072586476803,0.004488735925406218,0.0923607125878334,-0.006890560500323772,-0.03652992099523544,-0.17891502380371094,-0.02475140616297722,0.029582902789115906,-0.19966387748718262,-0.24212810397148132,-0.0059612165205180645,-0.09440015256404877,-0.10649096220731735,-0.10406912863254547,0.04630555585026741,-0.04915807023644447,-0.00022713527141604573,-0.07858873158693314,-0.07641714066267014,-0.05135335400700569,-0.03300203010439873,0.022355977445840836,-0.06350155919790268,-0.06399203836917877,0.10138880461454391,-0.08105549216270447,0.33159488439559937,0.092595174908638,0.02686898224055767,-0.2604367434978485,0.15972575545310974,0.06413843482732773,-0.12573692202568054,-0.012499857693910599,0.3534304201602936,-0.24442091584205627,0.128571555018425,-0.12396945804357529,0.30803602933883667,-0.47251471877098083,0.1974164992570877,-0.22783373296260834,-0.03386986255645752,0.22971749305725098,0.09355846792459488,-0.21695014834403992,0.4841153025627136,-0.4098662734031677,0.0819699764251709,-0.012770666740834713,0.2397020012140274,-0.023499837145209312,-0.17473022639751434,-0.05806289240717888,0.047353729605674744,0.15720127522945404,-0.3651098608970642,0.48793408274650574,-0.132243350148201,-0.10547211021184921,-0.08430508524179459,0.20357415080070496,-0.4070858657360077,0.17803020775318146,0.42900800704956055,-0.48403868079185486,0.22458069026470184,0.038610462099313736,0.05415593460202217,0.037282392382621765,-7.3225686492151e-07,0.013449938967823982,9.272089664591476e-05,2.874990059353877e-06,-5.726304266318039e-07,-2.19449484575307e-05,0.0001644072326598689,1.0649038553237915,-0.1670648157596588,-0.15838487446308136,-0.012709843926131725,-0.023313844576478004,-0.22426234185695648,-0.1650744080543518,-0.07653801888227463,-0.20590555667877197
51,5.316638635122217e-06,0.0014487499138340354,0.00502699613571167,0.0078582176938653,0.007715085055679083,0.005079553462564945,0.004328461363911629,0.008068204857409,0.012158676981925964,0.014074905775487423,0.008235775865614414,0.0018302957760170102,-0.0027281807269901037,-0.008684452623128891,-0.012217017821967602,-0.016105813905596733,-0.017975274473428726,-0.014760415069758892,-0.019735561683773994,-0.02529010735452175,-0.03352302312850952,-0.043545328080654144,-0.03341767191886902,-0.036557264626026154,-0.038156528025865555,-0.02136150375008583,-0.029591791331768036,-0.019950568675994873,-0.02354308031499386,-0.02731427550315857,-0.05276300013065338,-0.04668266326189041,-0.02995503507554531,-0.002233317820355296,0.05345096066594124,0.17421595752239227,0.33034151792526245,0.33222922682762146,0.24893058836460114,0.12656281888484955,0.10783861577510834,0.10921570658683777,0.11472883820533752,0.06629036366939545,0.09498360753059387,0.051169056445360184,0.06460285186767578,0.050041794776916504,0.025460990145802498,0.003938115201890469,-0.020522460341453552,-0.02204618975520134,-0.023124728351831436,-0.02274431474506855,-0.03855655714869499,-0.020702417939901352,-0.0343661829829216,-0.02018195390701294,-0.029557297006249428,-0.0436568409204483,-0.004396738950163126,-0.03205583989620209,-0.06402578204870224,0.013846782967448235,-0.02265504188835621,-0.056427981704473495,0.053869981318712234,0.0005792974843643606,-0.05705887824296951,0.020487789064645767,-0.0044967010617256165,-0.01148852240294218,-0.005128920078277588,0.030843790620565414,-0.0020227166824042797,-0.037782855331897736,-0.17752325534820557,-0.021262699738144875,0.02356914058327675,-0.15526828169822693,-0.17226122319698334,0.003554878057911992,-0.0814623311161995,-0.12202365696430206,-0.13004601001739502,0.07527504116296768,-0.06984762102365494,0.005387576296925545,-0.11074422299861908,-0.07901456207036972,-0.05022130534052849,-0.02051015943288803,0.03679252043366432,-0.06313035637140274,-0.05855057016015053,0.07417217642068863,-0.06268496811389923,0.2632724642753601,0.07487551122903824,0.02708079293370247,-0.2523958086967468,0.16657567024230957,0.067551389336586,-0.1158236488699913,-0.012868530116975307,0.3610035479068756,-0.23579257726669312,0.1329922080039978,-0.11986009776592255,0.32991525530815125,-0.4650864601135254,0.18359380960464478,-0.22168421745300293,-0.02858750894665718,0.24596503376960754,0.0982029139995575,-0.20919136703014374,0.4946613907814026,-0.41050419211387634,0.07888946682214737,-0.007486571092158556,0.23627404868602753,-0.011218979954719543,-0.18346905708312988,-0.0558728389441967,0.049226243048906326,0.16801565885543823,-0.36433109641075134,0.49302801489830017,-0.12490252405405045,-0.09542925655841827,-0.06952718645334244,0.20757345855236053,-0.41356492042541504,0.16266921162605286,0.45854678750038147,-0.45567676424980164,0.23099392652511597,0.03511615842580795,0.07439673691987991,0.04320405423641205,-8.608523103248444e-07,0.014202931895852089,-0.00033356607309542596,5.515326861882386e-08,-1.4979772231527022e-06,-2.7935968319070525e-05,-0.0005870011518709362,1.0730646848678589,-0.18534818291664124,-0.15836302936077118,-0.011158455163240433,-0.024790657684206963,-0.19891387224197388,-0.16621489822864532,-0.09543836116790771,-0.20687080919742584
52,-0.0007064908859319985,-0.0027408641763031483,-0.005320191849023104,-0.006503803189843893,-0.006808968260884285,-0.0053674629889428616,-0.0020264815539121628,0.0009458926506340504,0.004421139135956764,0.007398218382149935,0.008172319270670414,0.0074746087193489075,0.008827343583106995,0.008449872024357319,0.004749871790409088,-0.0006454414688050747,-0.005982460919767618,-0.00834618043154478,-0.011945723555982113,-0.015139108523726463,-0.017509298399090767,-0.02117754891514778,-0.0060185217298567295,0.01509969774633646,0.05040113627910614,0.05644901469349861,0.09603795409202576,0.06379944831132889,0.06310203671455383,0.03030281700193882,0.005521219223737717,-0.020155539736151695,-0.025723055005073547,-0.031539443880319595,-0.03446138650178909,-0.053714122623205185,-0.07148332893848419,-0.05778712406754494,-0.020461395382881165,0.04947619512677193,0.16309548914432526,0.42645543813705444,0.6074841618537903,0.6796104311943054,1.0578458309173584,0.6257079243659973,0.4226226806640625,0.2612724006175995,0.18570218980312347,0.08207415789365768,0.05385877192020416,0.009078006260097027,-0.006653248332440853,-0.012889773584902287,-0.022658878937363625,-0.019139140844345093,-0.01942133903503418,-0.012407809495925903,-0.009458002634346485,-0.012536663562059402,-0.00983890425413847,-0.014250569976866245,-0.027754468843340874,-0.0014801931101828814,-0.018043408170342445,-0.022518347948789597,0.01000479981303215,-0.012865487486124039,-0.09412316977977753,-0.03722982853651047,-0.058316320180892944,-0.03539641574025154,0.015331815928220749,0.1313319057226181,0.044322941452264786,0.07870454341173172,-0.04447184130549431,0.013468366116285324,-0.09945785254240036,0.13115613162517548,0.31086844205856323,0.05257955566048622,0.19023579359054565,-0.022837407886981964,0.12318415939807892,-0.15586219727993011,0.04607607424259186,-0.032883498817682266,0.00956906471401453,0.013401320204138756,-0.0476560965180397,-0.24783118069171906,-0.6681663990020752,0.2759072482585907,-0.31705114245414734,0.0220955703407526,-0.0880611315369606,-0.28032445907592773,-0.008669587783515453,-0.0021408030297607183,-0.04182508587837219,0.028931381180882454,-0.026457246392965317,-0.044082142412662506,-0.004279081244021654,-0.13969208300113678,0.0468854159116745,0.17009715735912323,-0.235518679022789,-1.0127222537994385,1.2441679239273071,-1.0947959423065186,0.8683459162712097,-0.11734463274478912,-0.1062597706913948,-0.0564291775226593,0.015435785055160522,0.05576770007610321,-0.18158011138439178,-0.025522511452436447,-0.008523411117494106,-0.1951277256011963,-0.0919162854552269,0.9201393723487854,0.7521963715553284,-1.9409480094909668,-1.1863417625427246,2.435631513595581,-3.7907538414001465,1.4993443489074707,-0.7288452386856079,-0.0442679300904274,0.279573917388916,-0.06041758880019188,-0.03268618509173393,-0.015126943588256836,-0.0076239705085754395,0.050943583250045776,0.042355846613645554,0.04996931925415993,0.025654584169387817,-2.154644249685589e-07,-0.011710645630955696,-0.00013267160102259368,-1.8687103420234052e-06,-2.050579439583089e-07,-1.6764484826126136e-05,-0.00016297536785714328,-0.65193110704422,0.22405758500099182,0.035908617079257965,-0.005760928615927696,-0.0030229391995817423,0.02155918814241886,0.035350020974874496,0.04554794356226921,0.019266296178102493
53,-0.001405191607773304,-0.00598899507895112,-0.01157326903194189,-0.015716761350631714,-0.018243733793497086,-0.01534836832433939,-0.010906007140874863,-0.009517502970993519,-0.008366607129573822,-0.009378599002957344,-0.0077821542508900166,-0.006339540239423513,-0.007913055829703808,-0.009204109199345112,-0.006537597626447678,-0.000441225478425622,0.006806943099945784,0.007594587747007608,0.003970347810536623,-0.006505864672362804,-0.021335838362574577,-0.03796708583831787,-0.030371662229299545,-0.029359910637140274,-0.023990944027900696,-0.00730882678180933,-0.0016301424475386739,0.000945309700910002,0.0010151210008189082,-0.001339827780611813,-0.005197352264076471,-0.011364102363586426,-0.019630422815680504,-0.033180221915245056,-0.05373314395546913,-0.0935484990477562,-0.14166921377182007,-0.14208050072193146,-0.13860800862312317,-0.09800727665424347,-0.09669190645217896,-0.1080513447523117,-0.11674347519874573,-0.10751760005950928,-0.19695864617824554,-0.12934531271457672,-0.11830040067434311,-0.08420918881893158,-0.07745366543531418,-0.05642544850707054,-0.08906400948762894,-0.05885573476552963,-0.05210774391889572,-0.04746255278587341,-0.061894338577985764,-0.03286726027727127,-0.053332772105932236,-0.03830812871456146,-0.030824361369013786,-0.025226769968867302,-0.004834533203393221,-0.0057632215321063995,-0.020568663254380226,-0.005733692552894354,-0.02948186919093132,-0.05896543711423874,0.024163778871297836,-0.013270605355501175,-0.11808556318283081,0.014749147929251194,-0.00280718132853508,-0.03670761361718178,-0.05313415825366974,-0.17431887984275818,-0.018490254878997803,-0.01603480614721775,0.06621713936328888,-0.04671380668878555,-0.011167505756020546,0.02483108453452587,0.0032467590644955635,0.02438466250896454,-0.002284487709403038,0.01874724216759205,0.00903614703565836,-0.07040232419967651,0.023296117782592773,-0.03932899609208107,0.06958608329296112,-0.11739150434732437,0.009171662852168083,0.03270026296377182,0.10326787829399109,-0.08353924751281738,-0.06063295528292656,0.06021779030561447,-0.06356549263000488,0.21820424497127533,-0.02951202355325222,0.012700965628027916,-0.2558651566505432,0.13055060803890228,0.03265983983874321,-0.11140946298837662,-0.02243555150926113,0.36291176080703735,-0.22838258743286133,0.11882670223712921,-0.08656247705221176,0.3870629668235779,-0.3518470823764801,0.25080734491348267,-0.3135996460914612,0.009635228663682938,0.11221052706241608,0.13430854678153992,-0.21706457436084747,0.4942404627799988,-0.37657055258750916,0.12093497812747955,0.04829391837120056,0.2375602126121521,-0.028953872621059418,-0.18410733342170715,-0.04979345574975014,0.01209157332777977,0.18571531772613525,-0.23083221912384033,0.36201491951942444,-0.08055934309959412,0.012099537067115307,-0.0006948714726604521,0.22211851179599762,-0.280642032623291,0.15369628369808197,0.3376171290874481,-0.45966988801956177,0.1778854876756668,0.15888401865959167,-0.0021238867193460464,0.08003026247024536,-7.293950829989626e-07,0.020331228151917458,-2.0579598185577197e-06,1.1810381010946003e-06,-5.790955697193567e-07,-7.553084287792444e-06,7.952438318170607e-05,2.37324595451355,-0.2643435597419739,0.008363298140466213,0.006585215218365192,0.019319001585245132,0.029737329110503197,0.004215908702462912,-0.006915138103067875,0.04064277932047844
54,-0.0012615431332960725,-0.005726492963731289,-0.011869517154991627,-0.016499824821949005,-0.018700944259762764,-0.0157474335283041,-0.011114642024040222,-0.010111980140209198,-0.00878866482526064,-0.00957647617906332,-0.007563505321741104,-0.006363308522850275,-0.008436241187155247,-0.011568048037588596,-0.013959746807813644,-0.017307313159108162,-0.018823513761162758,-0.016557738184928894,-0.022362099960446358,-0.027948027476668358,-0.035417843610048294,-0.04712621867656708,-0.034285467118024826,-0.03669461980462074,-0.039107587188482285,-0.021219080314040184,-0.0271108690649271,-0.015405296348035336,-0.012158622033894062,-0.0073396279476583,-0.005287723150104284,-0.0037346535827964544,0.00753093371167779,0.03858349844813347,0.10065878182649612,0.23723939061164856,0.3878190517425537,0.35389992594718933,0.23846253752708435,0.09909747540950775,0.0868665799498558,0.09840530902147293,0.10455749183893204,0.05723617598414421,0.05020489916205406,0.0046547953970730305,0.012017344124615192,0.021905286237597466,0.016504405066370964,-0.0018828074680641294,-0.03780380263924599,-0.04455602914094925,-0.042631059885025024,-0.040215153247117996,-0.05732818320393562,-0.02655170112848282,-0.050038911402225494,-0.03503039851784706,-0.048129189759492874,-0.07183889299631119,-0.015610551461577415,-0.04062776267528534,-0.0693892315030098,0.012074153870344162,-0.030472517013549805,-0.05838928744196892,0.044987935572862625,-0.005068563856184483,-0.06811730563640594,0.015204601921141148,0.003832634538412094,-0.010052146390080452,0.004293609410524368,0.07757046818733215,-0.0028435848653316498,-0.038474712520837784,-0.12403049319982529,-0.022132711485028267,-0.00989809725433588,-0.06689608842134476,-0.09264865517616272,0.02243989147245884,-0.0380840040743351,-0.010138751938939095,-0.007681090384721756,-0.06769680976867676,0.035191264003515244,-0.04663723707199097,0.11355756968259811,-0.12178877741098404,0.016486117616295815,0.03964346647262573,0.11231033504009247,-0.07787806540727615,-0.06835218518972397,0.10497242957353592,-0.08515580743551254,0.3460961580276489,0.058621399104595184,0.04247324913740158,-0.28575029969215393,0.16293995082378387,0.06852826476097107,-0.11547312140464783,-0.03316029906272888,0.36527007818222046,-0.20880842208862305,0.1416940540075302,-0.10881654918193817,0.3297295570373535,-0.4401305913925171,0.1543336808681488,-0.23453614115715027,-0.02807825244963169,0.15053211152553558,0.12823304533958435,-0.2252410352230072,0.5407851934432983,-0.4569334387779236,0.07217562943696976,-0.01864488236606121,0.299641489982605,-0.031956084072589874,-0.1806650012731552,-0.06365653872489929,0.06426098197698593,0.1848381757736206,-0.3811454176902771,0.5499009490013123,-0.13034115731716156,-0.148349329829216,-0.04597561061382294,0.22790974378585815,-0.4136431813240051,0.15242210030555725,0.4951300024986267,-0.5031905174255371,0.22423602640628815,0.09529457986354828,0.012248994782567024,0.05829539895057678,-1.0044174132417538e-06,-0.0050367992371320724,-9.900028817355633e-05,6.307273565653304e-07,-1.52351663018635e-06,-2.4621196644147858e-05,0.00023470721498597413,1.5911449193954468,-0.274498850107193,-0.1958196759223938,-0.01579239033162594,0.05932943522930145,-0.2371380776166916,-0.20417845249176025,-0.22132733464241028,-0.24682891368865967
55,-0.0007367729558609426,-0.0025052325800061226,-0.005542703438550234,-0.004720096476376057,-0.006608097814023495,-0.006075592711567879,-0.00415086979046464,-0.003223201958462596,-0.0037017709109932184,-0.0038363044150173664,-0.002900351770222187,-0.001810945919714868,-0.0008600829169154167,0.0015875184908509254,0.005200098734349012,0.006683616433292627,0.0041893403977155685,-0.00031559786293655634,-0.0016455933218821883,0.006551738362759352,0.03878452628850937,0.1060081198811531,0.10919110476970673,0.1408184915781021,0.11970958113670349,0.0467333123087883,0.02226630412042141,0.0008164001628756523,-0.009066629223525524,-0.014935784041881561,-0.029476022347807884,-0.028949854895472527,-0.02759440988302231,-0.027921877801418304,-0.034442637115716934,-0.05124358832836151,-0.06829886883497238,-0.060097672045230865,-0.048299890011548996,-0.015020899474620819,0.03805402293801308,0.18516819179058075,0.3836645483970642,0.6387105584144592,1.270452857017517,0.9241688251495361,0.72029048204422,0.3792455792427063,0.2736979126930237,0.08729618787765503,0.027221815660595894,-0.011345564387738705,-0.02563663385808468,-0.03030824474990368,-0.04027819260954857,-0.031184442341327667,-0.034859661012887955,-0.022783739492297173,-0.021786045283079147,-0.03340156748890877,-0.014047696255147457,-0.02294277213513851,-0.04125894233584404,-0.00708962045609951,-0.039990998804569244,-0.047128744423389435,0.005982222501188517,-0.021552082151174545,-0.08348684012889862,-0.02521335333585739,-0.015299963764846325,-0.002756744157522917,0.01334183756262064,0.03992518037557602,0.03586637228727341,0.05004705861210823,0.024766815826296806,0.0459427684545517,-0.07458598911762238,-0.009296199306845665,0.1987115442752838,0.1042071208357811,0.1580154299736023,0.05704382061958313,-0.028345193713903427,0.08509979397058487,-0.12142793834209442,-0.007948916405439377,-0.05159987136721611,-0.032758813351392746,-0.005127830896526575,0.0013200959656387568,-0.07591122388839722,0.05314801633358002,0.0074846260249614716,-0.06268224865198135,0.09726181626319885,-0.1224629357457161,0.04771653190255165,0.19522719085216522,0.10266632586717606,-0.034435953944921494,0.01396552287042141,0.09950140863656998,-0.09372210502624512,-0.9805166125297546,1.8454158306121826,0.7555452585220337,1.2015182971954346,-1.3784363269805908,0.8051950335502625,-0.9801148772239685,0.4235128164291382,0.04361103102564812,0.011696187779307365,-0.00311111519113183,-0.1343594342470169,0.11007488518953323,-0.17087721824645996,0.04543086513876915,0.019181663170456886,0.03019043616950512,0.007556285243481398,0.11324311047792435,0.0031386883929371834,-0.20090137422084808,-1.4259997606277466,3.00472354888916,-6.243344306945801,2.155717372894287,0.07696947455406189,-1.2953972816467285,-0.7604780197143555,-0.514155924320221,0.327254980802536,0.13474446535110474,0.221675306558609,-0.37486469745635986,-0.1719050109386444,0.16656051576137543,-0.08559858053922653,4.841682610390308e-08,-0.005956518463790417,-0.0001577893999638036,-1.8635846572578885e-06,3.34623024400571e-07,-1.897356560220942e-05,-0.00022960008936934173,-1.310206413269043,0.22770167887210846,0.03769544139504433,-0.004901411943137646,0.005494663957506418,0.01893467642366886,0.03606962785124779,0.04040922969579697,0.020747508853673935
56,-0.0012019702699035406,-0.005893453489989042,-0.011252415366470814,-0.01473737321794033,-0.01784232072532177,-0.014975976198911667,-0.010529478080570698,-0.009278974495828152,-0.00801253505051136,-0.009186574257910252,-0.006950559560209513,-0.006274914834648371,-0.007667732425034046,-0.009829100221395493,-0.00808269064873457,-0.002461458556354046,0.0052401479333639145,0.00789050105959177,0.007061839569360018,0.003098607063293457,-0.0016914866864681244,0.001412996556609869,0.00442412169650197,0.0028876352589577436,-0.008538835681974888,-0.012261656112968922,-0.024563966318964958,-0.01959286257624626,-0.022988641634583473,-0.02293136902153492,-0.02928568795323372,-0.010001827031373978,0.004862792789936066,0.007028577383607626,-0.007039857562631369,-0.04368903860449791,-0.10320049524307251,-0.1273362785577774,-0.12960901856422424,-0.09516853094100952,-0.10174956917762756,-0.11034411191940308,-0.10640887171030045,-0.08702858537435532,-0.12102490663528442,-0.04065653309226036,0.0011039553210139275,0.026946313679218292,0.03708476945757866,0.025609733536839485,0.006638397928327322,-0.0130541380494833,-0.02212614379823208,-0.021662922576069832,-0.033586081117391586,-0.021305406466126442,-0.04188944026827812,-0.035693421959877014,-0.04519302770495415,-0.0547809973359108,-0.015605801716446877,-0.024777129292488098,-0.03922991827130318,-0.0036109043285250664,-0.025060858577489853,-0.047685656696558,0.04919634759426117,0.0013407656224444509,-0.09440263360738754,0.029065942391753197,0.011860903352499008,-0.01188381016254425,-0.03833207115530968,-0.1563364416360855,-0.018350668251514435,-0.01281415019184351,0.02226642519235611,-0.0204708743840456,-0.0060011716559529305,-0.022750675678253174,-0.04042321443557739,0.032569125294685364,-0.02796822227537632,-0.004124087281525135,-0.00598878413438797,-0.06870106607675552,0.029904458671808243,-0.047399215400218964,0.09345885366201401,-0.1162010207772255,0.00642519211396575,0.02690940722823143,0.08257988840341568,-0.07342298328876495,-0.05111024156212807,0.07983382791280746,-0.04753351956605911,0.2802235186100006,0.04077764227986336,0.05165491998195648,-0.2755526602268219,0.16198188066482544,0.07642461359500885,-0.10735218226909637,-0.0005766261601820588,0.18700158596038818,-0.20017556846141815,0.027507591992616653,-0.11195949465036392,0.25626900792121887,-0.2839723825454712,0.24653129279613495,-0.1933220773935318,-0.022126147523522377,0.07640964537858963,0.10815146565437317,-0.23202818632125854,0.3768846094608307,-0.34685784578323364,0.09540420770645142,0.03285888209939003,0.16500358283519745,-0.05546342208981514,-0.10322979837656021,-0.02694876119494438,0.0023022363893687725,0.20342887938022614,-0.29854124784469604,0.5319807529449463,-0.08418640494346619,-0.10585051774978638,0.008950436487793922,0.1834709197282791,-0.19527201354503632,0.11107589304447174,0.17453862726688385,-0.3489561676979065,0.112650565803051,0.17701517045497894,-0.05638362467288971,0.06123799458146095,-1.0566547636869927e-08,-0.032213371247053146,0.00012399943079799414,-6.385598112501611e-07,-2.9510283638956025e-07,1.710229662421625e-05,0.00043716601794585586,1.9976956844329834,-0.20128409564495087,0.014582467265427113,0.00964064709842205,0.019312642514705658,0.030176352709531784,0.00525743467733264,0.010097099468111992,0.05818869173526764
57,-0.0005804711254313588,-0.0024371587205678225,-0.005178170744329691,-0.006099722348153591,-0.007128343917429447,-0.006683866027742624,-0.004607417620718479,-0.0032441250514239073,-0.0031420241575688124,-0.0023631432559341192,-0.00028117437614127994,0.001794589450582862,0.0049391924403607845,0.006538160145282745,0.004723566584289074,-0.00015254222671501338,-0.005515738856047392,-0.008562064729630947,-0.011762888170778751,-0.015212645754218102,-0.017598778009414673,-0.020343823358416557,-0.0034664601553231478,0.020682113245129585,0.05758071690797806,0.06041350215673447,0.09791569411754608,0.06285256147384644,0.06526067852973938,0.03707652911543846,0.026252608746290207,0.002046925714239478,-0.011549149639904499,-0.02190866507589817,-0.029931556433439255,-0.05002954974770546,-0.0686538890004158,-0.05488428473472595,-0.01814580149948597,0.056467778980731964,0.17369773983955383,0.44784000515937805,0.589451253414154,0.6911031007766724,1.0464973449707031,0.6237426996231079,0.4287708103656769,0.2593638598918915,0.18687587976455688,0.080247662961483,0.04783659428358078,0.006873101927340031,-0.008509262464940548,-0.014829885214567184,-0.026021815836429596,-0.025083230808377266,-0.03012056089937687,-0.02538047730922699,-0.022033004090189934,-0.028709497302770615,-0.016154948621988297,-0.02402281016111374,-0.040966328233480453,-0.003106925403699279,-0.016261892393231392,-0.018111111596226692,0.0167512446641922,-0.012571051716804504,-0.09367242455482483,-0.04332132264971733,-0.06504837423563004,-0.043862853199243546,0.0036847968585789204,0.07203664630651474,0.03433283045887947,0.0429445281624794,-0.030737286433577538,-0.0012285681441426277,-0.09322082996368408,0.1866217702627182,0.35774049162864685,0.08225701004266739,0.19597765803337097,-0.008412565104663372,0.1374916285276413,-0.13578586280345917,0.058120258152484894,-0.031694334000349045,0.028958089649677277,-0.02996641770005226,-0.033590756356716156,-0.1550632268190384,-0.43776175379753113,0.10709469765424728,-0.2615009546279907,0.011990619823336601,-0.04662415757775307,-0.2582916021347046,-0.028412532061338425,0.012551817111670971,-0.04120202362537384,0.030118921771645546,-0.015501316636800766,-0.042545899748802185,-0.0094187306240201,-0.17397640645503998,0.1268112063407898,0.3147030472755432,-0.06278080493211746,-0.8082461953163147,1.1933377981185913,-1.2210735082626343,1.137709140777588,-0.08688963204622269,-0.000250372540904209,-0.06855590641498566,0.11677559465169907,-0.01680818200111389,-0.08800886571407318,-0.007777227554470301,0.027821384370326996,-0.2348785251379013,-0.15919263660907745,0.9430034160614014,1.082476258277893,-1.9144233465194702,-1.923766016960144,2.1708667278289795,-4.5103583335876465,1.7849398851394653,-0.9270463585853577,0.004102716688066721,0.33371126651763916,-0.1073438972234726,-0.012337197549641132,-0.008918535895645618,-0.03974837437272072,0.04959321767091751,0.017361486330628395,0.06039327010512352,0.03497201204299927,-1.858087870232339e-07,-0.013985304161906242,-0.00012833255459554493,-1.921393277370953e-06,-2.089514907765988e-07,-1.3975750334793702e-05,-0.0001883367367554456,-0.3797869086265564,0.2211230993270874,0.0360453762114048,-0.005969501566141844,0.0027548843063414097,0.02262500301003456,0.03520626947283745,0.04561225324869156,0.02036871761083603
58,-0.0007560342783108354,-0.002545936731621623,-0.005769646726548672,-0.0044715129770338535,-0.006662821862846613,-0.006159088108688593,-0.004142785910516977,-0.003324048360809684,-0.003290580352768302,-0.002809004858136177,-0.0007323416066356003,0.0011398023925721645,0.0033824159763753414,0.006194546818733215,0.00506218895316124,0.0008522722637280822,-0.004733069334179163,-0.0071648950688540936,-0.010574080981314182,-0.0068133920431137085,0.009379732422530651,0.057809267193078995,0.08270221948623657,0.13497386872768402,0.14267948269844055,0.06940159946680069,0.05008137598633766,0.014079864136874676,-0.0012476352276280522,-0.012107216753065586,-0.028583772480487823,-0.029888806864619255,-0.02785821445286274,-0.028239548206329346,-0.036007653921842575,-0.052933648228645325,-0.06814616173505783,-0.05747145414352417,-0.042699769139289856,-0.005947152618318796,0.04984311759471893,0.20047079026699066,0.39019232988357544,0.6107639670372009,1.2362297773361206,0.8518946170806885,0.6700776815414429,0.3779342770576477,0.3022799491882324,0.11753968894481659,0.06963581591844559,0.00872606411576271,-0.012052216567099094,-0.02166575752198696,-0.035007309168577194,-0.027739392593503,-0.03056914545595646,-0.020258881151676178,-0.0207683015614748,-0.032997976988554,-0.01645626872777939,-0.023099692538380623,-0.04071332886815071,-0.004391286056488752,-0.03227456286549568,-0.03717982769012451,0.009784807451069355,-0.015926772728562355,-0.0850733146071434,-0.034420792013406754,-0.023748788982629776,-0.01091452781111002,0.020579589530825615,0.08352061361074448,0.05740201100707054,0.07798489928245544,0.03178677707910538,0.023159202188253403,-0.11953841894865036,-0.03356790915131569,0.16965726017951965,0.06901176273822784,0.13690386712551117,0.06954437494277954,0.048209868371486664,-0.010224164463579655,-0.06672073900699615,0.0005204968620091677,-0.11060427129268646,0.00047546453424729407,0.031042926013469696,-0.01533583551645279,-0.12432638555765152,0.09857044368982315,0.012511804699897766,-0.08930511772632599,0.18498949706554413,-0.17985305190086365,0.03017714060842991,0.08287163078784943,-0.021337056532502174,0.02756674587726593,-0.01053816732019186,0.01651119999587536,-0.05432887375354767,-0.5458895564079285,1.0928146839141846,0.5070400834083557,1.1530847549438477,-1.7383928298950195,1.0073215961456299,-1.4725171327590942,0.772780179977417,0.012083598412573338,0.0007112253806553781,0.005608383100479841,-0.0857020765542984,0.09431677311658859,-0.16877569258213043,0.04583318904042244,0.006595764774829149,0.02822374552488327,0.00806335173547268,0.16372640430927277,0.09034658968448639,-0.008296568877995014,-1.1977847814559937,3.1820664405822754,-5.940329074859619,2.215852737426758,-0.09679650515317917,-0.8489097356796265,-0.5368397235870361,-0.429399698972702,0.27985039353370667,0.16107578575611115,0.6059551239013672,-0.7328805923461914,-0.14623025059700012,0.051947448402643204,-0.09143037348985672,3.472004550530983e-08,-0.00880616158246994,-0.00014832700253464282,-1.9712438188435044e-06,2.9880726515330025e-07,-1.6353471437469125e-05,-0.00022824059124104679,-1.867506504058838,0.22976592183113098,0.03820735216140747,-0.00511717377230525,0.0027725957334041595,0.02079261839389801,0.03657352924346924,0.04245606064796448,0.023220840841531754
59,-0.0009728320292197168,-0.005415926221758127,-0.00903161708265543,-0.010797355324029922,-0.012210126034915447,-0.007955252192914486,-0.00024272561131510884,0.010976528748869896,0.025457199662923813,0.04639439657330513,0.03702661022543907,0.028084898367524147,0.019270189106464386,0.00859727431088686,-0.004267245065420866,-0.01329156942665577,-0.01660611294209957,-0.013948268257081509,-0.015003402717411518,-0.00916207768023014,-0.0010034877341240644,0.016083767637610435,0.022187747061252594,0.03380388766527176,0.04582047089934349,0.024435779079794884,0.022217540070414543,0.0028608469292521477,-0.009851483628153801,-0.020751165226101875,-0.03970836102962494,-0.02561165764927864,0.0008970092167146504,0.030089255422353745,0.0588458888232708,0.07605518400669098,0.050813816487789154,-0.008140429854393005,-0.0450463630259037,-0.0477612279355526,-0.05293095484375954,-0.06723475456237793,-0.07168242335319519,-0.06671307981014252,-0.0985516607761383,-0.039434563368558884,-0.00921961385756731,0.01882018893957138,0.0374416820704937,0.03521972894668579,0.052106089890003204,0.015555879101157188,-0.010608192533254623,-0.024776965379714966,-0.04761020839214325,-0.022384826093912125,-0.00326974387280643,0.03797988221049309,0.11448867619037628,0.18269436061382294,0.06866252422332764,0.09761539101600647,0.030572017654776573,-0.0025483702775090933,-0.01574716717004776,-0.035038530826568604,0.042060486972332,0.0015153107233345509,-0.07163229584693909,-0.0044298190623521805,0.013800982385873795,0.023055510595440865,0.03382789343595505,0.1447637528181076,0.033608004450798035,0.009437899105250835,-0.029693396762013435,-0.006716967094689608,-0.014675644226372242,0.013367729261517525,-0.0029113502241671085,0.03209562227129936,-0.022017117589712143,-0.021068386733531952,-0.09443396329879761,0.16361795365810394,-0.08693832159042358,0.013140195980668068,-0.041251011192798615,-0.057751163840293884,0.0005060596158728004,0.016780996695160866,0.05172586441040039,-0.04523857682943344,-0.020414384081959724,-0.05451374500989914,-0.008364847861230373,-0.26672860980033875,-0.0865086168050766,-0.08762384951114655,0.10279663652181625,0.0024692178703844547,0.022260138764977455,-0.11828883737325668,0.09280241280794144,0.3955022990703583,-0.23790742456912994,-0.03043481893837452,-0.003579661948606372,0.025302516296505928,0.4367309808731079,-0.11909792572259903,0.09444783627986908,0.006523313000798225,0.017176581546664238,0.09486695379018784,-0.19199678301811218,0.2347743809223175,-0.09136020392179489,0.10572440177202225,0.1673029363155365,-0.4359133839607239,0.19047105312347412,0.49861860275268555,0.423814982175827,-0.17264778912067413,0.051829829812049866,-0.135688915848732,0.5471987128257751,-0.14609403908252716,-0.06492859125137329,-0.04058414325118065,0.15620802342891693,0.421444296836853,-0.22912992537021637,-0.9314137101173401,0.6560631990432739,-0.13232557475566864,-0.2572380602359772,-0.027531830593943596,0.08277493715286255,7.744560548417212e-08,-0.031038546934723854,-3.604715675464831e-05,-2.03571926249424e-06,-1.410055290307355e-07,-3.20999220093654e-06,-7.158034713938832e-05,-1.30118727684021,0.1825786828994751,0.058367498219013214,-0.003742931177839637,-0.004122331738471985,0.034673359245061874,0.051551785320043564,0.07706353068351746,0.06602221727371216
60,0.00016405350470449775,0.0008164991158992052,0.0020588263869285583,0.001379214460030198,0.00038211344508454204,-0.000996085349470377,-0.0016354566905647516,-0.00175619893707335,-0.0016969748539850116,0.0004560371453408152,0.005493592470884323,0.01003875583410263,0.02498585917055607,0.05413300171494484,0.05573273450136185,0.057141974568367004,0.034638792276382446,0.00911320187151432,-0.00027547209174372256,-0.005971764214336872,-0.01052040234208107,-0.013107246719300747,-0.007215434219688177,-0.004912983160465956,-0.0018463426968082786,-0.00013949480489827693,-0.0013244854053482413,-0.0025781081058084965,-0.005425536539405584,-0.0075959875248372555,-0.01311793178319931,-0.0027630110271275043,0.023653121665120125,0.08036366105079651,0.1808130294084549,0.39945822954177856,0.6283960938453674,0.621106743812561,0.4606911838054657,0.22336998581886292,0.08806947618722916,0.01623881794512272,-0.015380089171230793,-0.02600574493408203,-0.04524162784218788,-0.03240884467959404,-0.029778271913528442,-0.024477338418364525,-0.024738788604736328,-0.01878046803176403,-0.02661166340112686,-0.015102650038897991,-0.011179531924426556,0.0018083694158121943,0.02399905025959015,0.025838201865553856,0.039538197219371796,0.024041468277573586,0.01213085651397705,-0.003729220712557435,-0.00437397975474596,-0.009860447607934475,-0.01806294359266758,0.0004892623401246965,0.00022599505609832704,0.022014303132891655,-0.07748907804489136,0.08673883974552155,0.14239345490932465,0.048292115330696106,0.04703254997730255,0.015644123777747154,0.0012184919323772192,0.00954741332679987,-0.0009352010674774647,0.0012350579490885139,0.003683670423924923,0.002680490491911769,-0.0013957727933302522,0.030628442764282227,0.1011466458439827,-0.07926755398511887,0.03767049312591553,0.03362434357404709,-0.018410664051771164,0.09372840821743011,-0.24046459794044495,0.31019315123558044,-0.732720136642456,0.5734343528747559,-0.0885670855641365,-1.1775208711624146,-0.6386237144470215,0.22666245698928833,0.08870095014572144,-0.042098529636859894,-0.01156695932149887,0.002247285097837448,0.012368923053145409,0.057543616741895676,0.33622366189956665,-0.22873537242412567,-0.005650596227496862,0.2349177896976471,-0.03212384134531021,-0.2911107540130615,0.06339681893587112,-0.06070004403591156,0.17327074706554413,-0.4333910346031189,0.635352373123169,-1.2407042980194092,2.7610552310943604,-0.7225165963172913,-2.240436315536499,-0.37258294224739075,0.4867260754108429,-0.4848858118057251,0.34851986169815063,0.3113098740577698,-0.041974980384111404,-0.23649370670318604,0.0983031839132309,0.1782504916191101,0.03245340660214424,-0.012962937355041504,-0.04862932860851288,0.30767425894737244,-0.2963845729827881,0.08016906678676605,0.08832327276468277,0.013844478875398636,0.0016878474270924926,-0.185322567820549,-0.959245502948761,0.917333722114563,-0.45953553915023804,0.21451808512210846,0.09365446120500565,-0.05080746114253998,-0.17395517230033875,-1.6175606276647159e-07,-0.010399488732218742,-0.00011766187526518479,-7.492554345844837e-07,-2.6269205477547075e-07,-9.008760571305174e-06,-0.00017293669225182384,0.24391089379787445,0.15396547317504883,0.015786828473210335,-0.0027930685319006443,-0.007795336656272411,0.012033998034894466,0.0014012905303388834,0.030732790008187294,0.01634603552520275
61,0.0006030269432812929,0.002832267666235566,0.0022047755774110556,-0.0006748564774170518,-0.003973603248596191,-0.005780891980975866,-0.004345649853348732,-0.0038631658535450697,-0.0038521247915923595,-0.004305879585444927,-0.003668778808787465,-0.0032799202017486095,-0.004514474421739578,-0.005809163674712181,-0.0034323609434068203,0.005083420313894749,0.02429659105837345,0.047039784491062164,0.07835610955953598,0.10573308914899826,0.10844839364290237,0.12383069843053818,0.07055163383483887,0.04202243685722351,0.021174058318138123,0.0016816791612654924,-0.009258289821445942,-0.011334383860230446,-0.014796244911849499,-0.018202176317572594,-0.034593258053064346,-0.03436910733580589,-0.02928578294813633,-0.03214099630713463,-0.035776536911726,-0.03665138781070709,-0.00033581219031475484,0.09242849797010422,0.25306814908981323,0.33334189653396606,0.43333950638771057,0.5688626766204834,0.48964226245880127,0.4419137239456177,0.5543068051338196,0.2701212167739868,0.19045975804328918,0.09663043916225433,0.05218379572033882,0.005193967837840319,-0.02111372910439968,-0.028217146173119545,-0.0313507616519928,-0.026360120624303818,-0.0309811532497406,-0.017962433397769928,-0.013755232095718384,0.00029584139701910317,0.009102199226617813,0.023859595879912376,0.017128881067037582,0.022003483027219772,0.02527284249663353,0.00032801521592773497,-0.0030359472148120403,-0.003863754216581583,0.00044019712368026376,-0.00044982301187701523,-0.004036852158606052,3.93883055949118e-05,0.012213819660246372,0.02224341593682766,0.05767054483294487,0.14135678112506866,0.009152144193649292,0.026159897446632385,-0.006958395708352327,0.03413770720362663,0.012325949966907501,-0.014321533031761646,-0.029859863221645355,0.006213434971868992,-0.038232892751693726,-0.030112143605947495,-0.06501805782318115,0.06111615523695946,-0.04989133030176163,0.011019161902368069,-0.08778299391269684,0.034975308924913406,-0.013858780264854431,-0.08531027287244797,-0.10187551379203796,0.004180688876658678,-0.0013398831943050027,0.019795894622802734,0.07878418266773224,-0.6475474238395691,0.3483770191669464,0.15115955471992493,1.4938206672668457,-0.942124605178833,0.2036592811346054,0.5842583775520325,-0.33533331751823425,-0.9515612125396729,0.5920271873474121,-0.28556185960769653,-0.20460616052150726,-0.24459105730056763,0.0833195373415947,0.026215089485049248,-0.07449912279844284,-0.027568789198994637,-0.0204856488853693,0.002699745586141944,0.006705995183438063,-0.5176500082015991,0.9122940897941589,0.07406911998987198,-0.6263445615768433,-1.384104609489441,0.3792693316936493,1.5028104782104492,0.37164852023124695,0.02422436699271202,-1.4647960662841797,1.568259835243225,-0.5332646369934082,0.6596604585647583,-0.29548951983451843,0.14052054286003113,-0.4024500846862793,0.7438742518424988,0.019892018288373947,-0.1924436092376709,0.0285126194357872,0.1445460468530655,0.242331400513649,-0.29884400963783264,0.2892962694168091,3.263882319970435e-08,-0.007634316571056843,-0.00013941746146883816,-1.4811400887992932e-06,1.452221596309755e-07,-1.6324922398780473e-05,-0.00027036937535740435,-4.795929431915283,0.25397825241088867,0.03953724354505539,-0.0053919097408652306,-0.017617540434002876,0.021978091448545456,0.032653070986270905,0.04149206727743149,0.026885781437158585
62,-0.0010896055027842522,-0.0024278229102492332,0.0020043421536684036,0.015657050535082817,0.03436771035194397,0.03860774636268616,0.026820117607712746,0.015727302059531212,0.004322368651628494,-0.0037528325337916613,-0.006300962530076504,-0.006392363924533129,-0.008436786942183971,-0.011876721866428852,-0.014184604398906231,-0.017269199714064598,-0.01930401474237442,-0.017864178866147995,-0.025517087429761887,-0.029796497896313667,-0.03840203210711479,-0.05015883967280388,-0.03537594899535179,-0.03727932274341583,-0.040214043110609055,-0.022778239101171494,-0.03159799426794052,-0.021673239767551422,-0.02523866668343544,-0.028772367164492607,-0.051914166659116745,-0.04376363754272461,-0.029508017003536224,-0.015698831528425217,-0.00745813176035881,-0.010227399878203869,-0.04067397490143776,-0.08076830953359604,-0.11139850318431854,-0.09491345286369324,-0.10284976661205292,-0.11530472338199615,-0.11946260184049606,-0.11019747704267502,-0.20297349989414215,-0.13047155737876892,-0.09864576160907745,-0.046411771327257156,-0.005182123742997646,0.023734355345368385,0.042128898203372955,0.015067358501255512,-0.012715596705675125,-0.027439141646027565,-0.05269462615251541,-0.03273661434650421,-0.05882430821657181,-0.04865897446870804,-0.06011444702744484,-0.08979926258325577,-0.03645724803209305,-0.05158080533146858,-0.08382875472307205,-0.007085377350449562,-0.04329031705856323,-0.072821706533432,0.034519538283348083,-0.014950674027204514,-0.10678058862686157,0.018239473924040794,-0.0006030946387909353,-0.02398712933063507,-0.06278115510940552,-0.2091047316789627,-0.042560040950775146,-0.032881975173950195,0.06496737152338028,-0.03940938040614128,-0.006314627826213837,0.018559100106358528,-0.014701971784234047,0.033193714916706085,-0.010952964425086975,0.019014205783605576,0.020547369495034218,-0.11629684269428253,0.026787705719470978,-0.072430819272995,0.1332060545682907,-0.14044266939163208,0.03112604096531868,0.049532726407051086,0.1517852246761322,-0.07877849042415619,-0.07256317883729935,0.07973147183656693,-0.05564766377210617,0.2733267843723297,0.007168794050812721,0.03141766041517258,-0.2579685151576996,0.13709934055805206,0.040743160992860794,-0.1270182579755783,-0.04586802423000336,0.3887362778186798,-0.16034922003746033,0.10856492817401886,-0.10975334793329239,0.28032124042510986,-0.16683396697044373,0.24816526472568512,-0.19822975993156433,-0.02663082256913185,0.049072057008743286,0.11466558277606964,-0.23700319230556488,0.44626423716545105,-0.4956488609313965,0.06258814036846161,0.006535109598189592,0.3157369792461395,-0.02969423308968544,-0.24480482935905457,-0.17619718611240387,0.08515732735395432,0.20613548159599304,-0.40440019965171814,0.6048593521118164,-0.04621771723031998,-0.1550401747226715,0.068136066198349,0.2691913843154907,-0.36276423931121826,0.08153799921274185,0.3942159414291382,-0.4005238115787506,0.22691206634044647,0.18667350709438324,-0.06467805802822113,0.07366453856229782,-1.0575403166512842e-06,0.02464553713798523,0.00016819198208395392,5.1113252084178384e-06,-2.2147546587802935e-06,-3.0386470825760625e-05,0.0015053683891892433,3.2093024253845215,-0.3786412179470062,-0.043492402881383896,0.021251168102025986,-0.02143372781574726,0.04482623562216759,-0.015742933377623558,-0.0512097142636776,-0.00985026452690363
63,0.002415281254798174,0.012017281726002693,0.024297287687659264,0.02872910536825657,0.02344883792102337,0.010025987401604652,-0.0002994816459249705,-0.005540681537240744,-0.007346804253757,-0.009168503805994987,-0.007565457373857498,-0.0065471213310956955,-0.00849232543259859,-0.011612691916525364,-0.013844558037817478,-0.015910152345895767,-0.014677286148071289,-0.009242137894034386,-0.006331589538604021,-0.0003239650104660541,0.000925684638787061,-0.0037752173375338316,-0.012363030575215816,-0.023975111544132233,-0.034183911979198456,-0.021169213578104973,-0.030647240579128265,-0.021106308326125145,-0.024806078523397446,-0.02942134067416191,-0.05715459957718849,-0.05613992363214493,-0.05317397788167,-0.05613343417644501,-0.06565343588590622,-0.10145868360996246,-0.13568706810474396,-0.12316235154867172,-0.0987122654914856,-0.060517147183418274,-0.05437736213207245,-0.054884765297174454,-0.04748242348432541,-0.030673647299408913,-0.028564242646098137,-0.012316987849771976,-0.01590649224817753,-0.022312019020318985,-0.037694502621889114,-0.041923146694898605,-0.0748712420463562,-0.05318013206124306,-0.041766442358493805,-0.03136369585990906,-0.03721487894654274,-0.01873869076371193,-0.03510670363903046,-0.03248503431677818,-0.04595133289694786,-0.07131834328174591,-0.02219713106751442,-0.03941098973155022,-0.061952054500579834,-0.00047367572551593184,-0.028348946943879128,-0.056152116507291794,0.04102987423539162,-0.00451470585539937,-0.08986552059650421,0.031747736036777496,0.015379542484879494,-0.010929923504590988,-0.039405934512615204,-0.17817148566246033,-0.024454010650515556,-0.009286222979426384,0.06534767895936966,-0.025991329923272133,-0.00722731975838542,-0.0009679881623014808,-0.03351001441478729,0.02076445333659649,-0.029766926541924477,-0.010982141830027103,-0.0072905514389276505,-0.06509057432413101,0.0255042165517807,-0.04029923304915428,0.09059979021549225,-0.11780907213687897,0.0249200277030468,0.0512203685939312,0.14563706517219543,-0.08102615177631378,-0.07450652867555618,0.09690725803375244,-0.057818520814180374,0.26007965207099915,0.0016269333427771926,0.024607306346297264,-0.23687857389450073,0.14376240968704224,0.07138075679540634,-0.11024242639541626,-0.042001426219940186,0.37229859828948975,-0.20878377556800842,0.12234369665384293,-0.14473837614059448,0.34335818886756897,-0.3635234534740448,0.17868483066558838,-0.21768036484718323,-0.02613590843975544,0.09985093027353287,0.10855589061975479,-0.20752324163913727,0.397070974111557,-0.3773574233055115,0.10208601504564285,0.03214988484978676,0.31173640489578247,-0.02903377078473568,-0.2288479506969452,-0.10684389621019363,0.052464503794908524,0.2054659128189087,-0.3184967041015625,0.4957101047039032,-0.07357136160135269,-0.0829806700348854,0.01888703554868698,0.23327037692070007,-0.3132723271846771,0.13349859416484833,0.362862765789032,-0.41782644391059875,0.16255271434783936,0.1511286348104477,-0.03533891215920448,0.07027469575405121,-1.0270484835928073e-06,-0.011482009664177895,-0.00016381779278162867,-4.114987817160909e-08,-1.3362034678721102e-06,-4.764911864185706e-06,-0.0003359323018230498,2.350337505340576,-0.3105505704879761,-0.027803663164377213,0.021728472784161568,-0.030827727168798447,0.04409383237361908,-0.014053359627723694,-0.04171889275312424,0.01865631341934204
64,-0.0009402839350514114,-0.0053537702187895775,-0.0092760706320405,-0.010637499392032623,-0.012403367087244987,-0.007934722118079662,-0.0003194137243553996,0.010891363024711609,0.025321347638964653,0.04603423923254013,0.03752918541431427,0.029850658029317856,0.025133756920695305,0.02337452955543995,0.021443119272589684,0.019530486315488815,0.011400671675801277,0.0016082311049103737,-0.004660601262003183,-0.004668136592954397,4.182279735687189e-05,0.010185761377215385,0.010137242265045643,0.011343546211719513,0.010319793596863747,0.002709410386160016,-0.003781147999688983,-0.009184346534311771,-0.017569715157151222,-0.024386562407016754,-0.04274296015501022,-0.02700657770037651,-0.00022575406183023006,0.029053032398223877,0.05757671222090721,0.07521609216928482,0.05280296504497528,-0.005488671362400055,-0.04285816475749016,-0.04668720066547394,-0.05245426669716835,-0.0667157843708992,-0.0705908015370369,-0.06551804393529892,-0.09423020482063293,-0.03721991181373596,-0.009483720175921917,0.01591063104569912,0.034451596438884735,0.034509554505348206,0.052357111126184464,0.015092257410287857,-0.010181275196373463,-0.02491624467074871,-0.04750915616750717,-0.021824249997735023,-0.00400171335786581,0.03433837741613388,0.10590943694114685,0.17346777021884918,0.07070013135671616,0.09642298519611359,0.047603312879800797,-0.006979287602007389,-0.010722136124968529,-0.018175426870584488,0.02237592451274395,-0.0060379523783922195,-0.05482662469148636,-0.010223130695521832,0.018016086891293526,0.027512740343809128,0.028206979855895042,0.09675174206495285,0.023359419777989388,0.004869614262133837,-0.018047409132122993,-0.008181664161384106,-0.009497550316154957,0.01210165023803711,-0.006810535676777363,0.03726860135793686,-0.02174723707139492,-0.020790891721844673,-0.09702719748020172,0.154067724943161,-0.09079258143901825,0.010879644192755222,-0.06053818017244339,-0.04551487788558006,-0.0032851211726665497,0.00429617241024971,0.038858771324157715,-0.04265478998422623,-0.019822511821985245,-0.08101177215576172,-0.030568694695830345,-0.2557542324066162,-0.07902663201093674,-0.07265481352806091,0.06812825798988342,0.0066940877586603165,0.01825905032455921,-0.10707870870828629,0.08603499084711075,0.36406034231185913,-0.23026791214942932,-0.038460973650217056,0.0031200889497995377,0.02198033779859543,0.42193228006362915,-0.12287209928035736,0.09615334123373032,0.040730368345975876,-0.0010570414597168565,0.021591275930404663,-0.10166288912296295,0.10372243821620941,-0.020729228854179382,0.05393598601222038,0.1595923900604248,-0.45980536937713623,0.15544922649860382,0.4790598452091217,0.4294334053993225,-0.16909530758857727,0.009487703442573547,-0.07481101900339127,0.47660332918167114,-0.08879049122333527,-0.04522526264190674,-0.012783242389559746,0.14154590666294098,0.4202750325202942,-0.11853308230638504,-0.9572703838348389,0.7841053009033203,-0.06675885617733002,-0.2822982668876648,-0.01149260625243187,0.04485953226685524,2.1626073021252523e-07,-0.03603503853082657,-0.000325392815284431,-3.0079331736487802e-06,5.739162247664353e-07,-2.6955829525832087e-05,-0.0006984513602219522,-1.1597884893417358,0.18342556059360504,0.05728212371468544,-0.0032368977554142475,-0.0046727899461984634,0.03629186376929283,0.05212095007300377,0.07795722782611847,0.06480223685503006
65,-0.0011874118354171515,-0.005905156023800373,-0.01247620489448309,-0.016041770577430725,-0.018679862841963768,-0.015446875244379044,-0.01099866721779108,-0.00983929168432951,-0.008589785546064377,-0.009484203532338142,-0.007359824143350124,-0.006428086198866367,-0.008129235357046127,-0.010496729053556919,-0.009623479098081589,-0.005145837087184191,0.0026192236691713333,0.007100364658981562,0.00901864655315876,0.007475352380424738,0.005394453648477793,0.009252799674868584,0.006419971585273743,0.0017096231458708644,-0.012092986144125462,-0.014194195158779621,-0.026539979502558708,-0.02064097672700882,-0.025429194793105125,-0.029402952641248703,-0.05736449733376503,-0.05595645308494568,-0.04925879091024399,-0.04456698149442673,-0.03919596970081329,-0.03684472292661667,-0.026627905666828156,-0.020613325759768486,-0.03234519436955452,-0.0389544777572155,-0.049222610890865326,-0.06263678520917892,-0.07445551455020905,-0.07796966284513474,-0.1530284285545349,-0.0919833704829216,-0.07164286822080612,-0.04137713462114334,-0.028227731585502625,-0.0097964471206069,-0.0006338662933558226,0.004284752998501062,-0.0031929381657391787,-0.009142102673649788,-0.022152839228510857,-0.015432242304086685,-0.030620425939559937,-0.028628461062908173,-0.04151543229818344,-0.06829321384429932,-0.022254666313529015,-0.04049075394868851,-0.06655567139387131,0.005646633915603161,-0.021595548838377,-0.04386165365576744,0.046466946601867676,-0.0004663729923777282,-0.09165328741073608,0.016613135114312172,0.00897265411913395,-0.021846208721399307,-0.03684999421238899,-0.1644105464220047,-0.018835918977856636,-0.007784135174006224,0.042908068746328354,-0.0239372868090868,-0.007163432892411947,-0.025593090802431107,-0.04371340945363045,0.03131578862667084,-0.03598075360059738,-0.019823500886559486,-0.019692040979862213,-0.06257570534944534,0.030940571799874306,-0.049569111317396164,0.13083970546722412,-0.12883904576301575,0.032244615256786346,0.04230250045657158,0.14301331341266632,-0.07896525412797928,-0.06040680781006813,0.08439300209283829,-0.04766267165541649,0.2139880210161209,-0.009664632380008698,0.012964919209480286,-0.21579623222351074,0.1358748823404312,0.061644189059734344,-0.10444457828998566,-0.010326333343982697,0.2854844629764557,-0.2293591946363449,0.06792858988046646,-0.10692289471626282,0.28349342942237854,-0.25604239106178284,0.22445730865001678,-0.14989528059959412,0.0020069857127964497,0.06565379351377487,0.10237760096788406,-0.21004177629947662,0.39334338903427124,-0.378445565700531,0.10113458335399628,0.02516629546880722,0.23982463777065277,-0.06108640134334564,-0.13355833292007446,-0.04700937867164612,0.002647473243996501,0.18287710845470428,-0.22512203454971313,0.41108742356300354,-0.07067690789699554,-0.018690716475248337,0.0054258969612419605,0.17038597166538239,-0.23159879446029663,0.11141839623451233,0.297926127910614,-0.44419315457344055,0.17204713821411133,0.17899422347545624,-0.06095670163631439,0.06335504353046417,-3.8157540416250413e-07,-0.029899071902036667,8.395169425057247e-05,-1.1396072068237117e-06,-1.3658790010140365e-07,5.560712088481523e-05,3.9300422940868884e-05,1.9196184873580933,-0.2264198511838913,0.009179774671792984,0.009414246305823326,0.02137214131653309,0.033491410315036774,0.004198204260319471,0.021594764664769173,0.03219711408019066
66,0.003028642851859331,0.014840718358755112,0.027046216651797295,0.026279572397470474,0.01569978892803192,0.0019012222765013576,-0.005138441454619169,-0.008135175332427025,-0.00829634815454483,-0.009469411335885525,-0.00756522873416543,-0.00649274792522192,-0.00848434492945671,-0.01162309292703867,-0.013894776813685894,-0.016109652817249298,-0.014640983194112778,-0.009211587719619274,-0.006358075886964798,-0.00041563084232620895,0.0009110525716096163,-0.0038892754819244146,-0.012334126979112625,-0.02398323081433773,-0.03418416157364845,-0.02099251002073288,-0.030090589076280594,-0.020083334296941757,-0.021754806861281395,-0.02091209404170513,-0.028251875191926956,-0.02048281766474247,-0.019316591322422028,-0.028102001175284386,-0.04644538462162018,-0.08868582546710968,-0.1385384351015091,-0.14540617167949677,-0.1375138908624649,-0.09399887919425964,-0.08550189435482025,-0.07050836831331253,-0.039015065878629684,-0.008605899289250374,0.010691829957067966,-0.010640761815011501,-0.038849979639053345,-0.05008542537689209,-0.06156090646982193,-0.05528314411640167,-0.08466517180204391,-0.057082321494817734,-0.045416202396154404,-0.03559764102101326,-0.04315852373838425,-0.018015729263424873,-0.030757350847125053,-0.025194045156240463,-0.034156765788793564,-0.049464136362075806,-0.012733551673591137,-0.023525187745690346,-0.04073316603899002,-5.594537651631981e-05,-0.021636448800563812,-0.05144510418176651,0.04888339340686798,-0.0004958247300237417,-0.08816719800233841,0.03779130056500435,0.022278577089309692,-0.00786946713924408,-0.02772543765604496,-0.13682541251182556,-0.009950514882802963,-7.450144767062739e-05,0.06432101130485535,-0.022634154185652733,-0.007152441423386335,-0.0016113509191200137,-0.031798284500837326,0.024271050468087196,-0.021640779450535774,0.0011970809428021312,-0.006962719839066267,-0.05478483811020851,0.020262468606233597,-0.035679686814546585,0.1027904748916626,-0.12083648145198822,0.03386103734374046,0.049460988491773605,0.13412871956825256,-0.07266370952129364,-0.07408274710178375,0.10517778247594833,-0.05799086391925812,0.29917317628860474,0.01830834336578846,0.04672227427363396,-0.2522108256816864,0.15057183802127838,0.07308121025562286,-0.09711597114801407,-0.02559765800833702,0.31695717573165894,-0.2088393270969391,0.11371558159589767,-0.12241271138191223,0.3514046370983124,-0.3764955699443817,0.16505873203277588,-0.19736552238464355,-0.012125334702432156,0.11134107410907745,0.10656437277793884,-0.1921786367893219,0.37636709213256836,-0.37069153785705566,0.10225935280323029,0.019573194906115532,0.3052678108215332,-0.015394994057714939,-0.20016887784004211,-0.09619896113872528,0.047693196684122086,0.19330286979675293,-0.2876550257205963,0.4729478359222412,-0.07360903173685074,-0.07694371789693832,0.016549013555049896,0.2201281636953354,-0.32964637875556946,0.13209429383277893,0.4104054272174835,-0.45001232624053955,0.19554735720157623,0.1349976509809494,-0.014198234304785728,0.0773981362581253,2.238935167042655e-06,-0.017210066318511963,0.0007195049547590315,-3.8228353105296264e-07,1.1350746262905886e-06,8.836913912091404e-05,0.0017765332013368607,2.0192747116088867,-0.34157857298851013,-0.057224273681640625,0.02400800585746765,-0.030175382271409035,0.010624625720083714,-0.04599839448928833,-0.07989256829023361,-0.0028044236823916435
67,9.446470357943326e-05,0.0007374650449492037,0.0026457638014107943,0.0024443583097308874,0.0015234253369271755,-0.0005515514640137553,-0.0017643659375607967,-0.0023926326539367437,-0.00287692085839808,-0.003212773473933339,-0.0026601168792694807,-0.002253130078315735,-0.0018249077256768942,0.0005077190580777824,0.008540097624063492,0.026559125632047653,0.046442314982414246,0.04282129928469658,0.05338342860341072,0.04817428067326546,0.06110558658838272,0.07090486586093903,0.043569374829530716,0.03170240670442581,0.013917653821408749,-0.00086230254964903,-0.007789766415953636,-0.0068848151713609695,-0.009573274292051792,-0.005699662491679192,0.01453968696296215,0.07549537718296051,0.1604047566652298,0.29933199286460876,0.3960564434528351,0.6069172620773315,0.7820988297462463,0.5904994606971741,0.35836416482925415,0.13718585669994354,0.05799928307533264,0.003847111715003848,-0.02254161238670349,-0.035524990409612656,-0.06228544935584068,-0.04408539831638336,-0.03404681384563446,-0.02859749272465706,-0.03161029890179634,-0.024012546986341476,-0.03946752846240997,-0.02429400198161602,-0.024053988978266716,-0.01823905110359192,-0.02474384754896164,-0.014842122793197632,-0.016988826915621758,-0.006533711217343807,0.0010365868220105767,0.010707130655646324,0.006337369792163372,0.006708038039505482,0.007779632229357958,-0.0022452371194958687,-0.004286933224648237,-0.01111679058521986,0.011681796051561832,-0.01959403045475483,-0.044881731271743774,-0.026651859283447266,-0.03833719342947006,-0.026864035055041313,0.0050288233906030655,0.06635180860757828,0.028034348040819168,0.06074373051524162,0.04699821025133133,0.10383406281471252,0.039673469960689545,-0.0018138171872124076,0.04633207246661186,-0.07137898355722427,-0.0009469942888244987,-0.0029118801467120647,-0.01875751093029976,0.10012577474117279,-0.10196900367736816,0.17591919004917145,-0.08928044885396957,0.19511379301548004,0.040370989590883255,-0.3442130386829376,-1.339798092842102,0.6359143257141113,0.722265362739563,-0.5785071849822998,0.36513158679008484,-0.35589951276779175,0.08927414566278458,0.3365483283996582,0.5374689698219299,-0.3729085624217987,0.3506706655025482,0.36270833015441895,-0.03258378431200981,-0.538163959980011,0.709923505783081,-0.22029826045036316,1.543715238571167,-2.4969232082366943,3.81424880027771,-1.103163242340088,1.3851603269577026,-0.4363410472869873,-0.7046954035758972,-0.4425920248031616,0.3896103501319885,-0.22612300515174866,0.772973358631134,0.2997063100337982,0.13529257476329803,-0.052100393921136856,-0.017760425806045532,-0.19609926640987396,-0.16002972424030304,-0.020934173837304115,0.10823364555835724,-0.0893426164984703,0.013968977145850658,-0.02709926664829254,0.07499013841152191,-0.01388084888458252,0.12073538452386856,0.2440798133611679,0.38506487011909485,-0.0695921927690506,-0.12082809954881668,0.5952851176261902,-0.3281038999557495,-0.3263669013977051,-0.18335436284542084,-2.3432593820871261e-07,-0.00977320782840252,-0.000197322791791521,-1.646449277359352e-06,-5.906066391503373e-08,-1.2046929441567045e-05,-0.0002344981476198882,-6.9642415046691895,0.19340987503528595,0.014671802520751953,-0.004045591223984957,-0.009848342277109623,0.01564023457467556,-0.004128097556531429,0.02055530995130539,0.0025920604821294546
68,-0.0007766871713101864,-0.0027668552938848734,-0.0057205138728022575,-0.005854692310094833,-0.006829155143350363,-0.006398501805961132,-0.003933312371373177,-0.0016432123957201838,0.00175021355971694,0.008942408487200737,0.015819020569324493,0.01695850118994713,0.024109873920679092,0.023058269172906876,0.011614748276770115,0.0018179985927417874,-0.005894121248275042,-0.0078568821772933,-0.011421308852732182,-0.014549298211932182,-0.018443338572978973,-0.02364659123122692,-0.015220951288938522,-0.011411194689571857,0.0017118621617555618,0.016487952321767807,0.04247293621301651,0.04640720784664154,0.06102441996335983,0.05241888016462326,0.051833126693964005,0.01764754392206669,-0.00390736386179924,-0.01679432950913906,-0.02827196568250656,-0.04761659353971481,-0.06669969111680984,-0.0527849979698658,-0.02078968659043312,0.045465681701898575,0.1326718032360077,0.35892364382743835,0.5517683029174805,0.6156446933746338,1.0954865217208862,0.685125470161438,0.5038485527038574,0.27639856934547424,0.15649469196796417,0.05373460054397583,0.022553633898496628,-0.006770792882889509,-0.020029131323099136,-0.02279677800834179,-0.032029785215854645,-0.022353433072566986,-0.024643775075674057,-0.020137250423431396,-0.016576439142227173,-0.021466122940182686,-0.0049757519736886024,0.0011468613520264626,0.011896916665136814,-0.00027912826044484973,0.0035577856469899416,-0.009626819752156734,0.011755521409213543,-0.011011200957000256,-0.08661121129989624,-0.02194073796272278,-0.04786700755357742,-0.04507289081811905,0.0056365313939750195,0.06469949334859848,0.02249125950038433,0.030330143868923187,-0.018913643434643745,0.021381713449954987,-0.04038051888346672,0.06187962740659714,0.184080570936203,0.04659265652298927,0.17108899354934692,0.053996454924345016,0.10893344134092331,-0.09220010042190552,0.04243605583906174,-0.021339360624551773,0.02536437101662159,-0.034302663058042526,-0.013700890354812145,-0.1347322165966034,-0.3604925572872162,0.20919445157051086,-0.4162572920322418,-0.07911255955696106,-0.013409620150923729,-0.6599850654602051,0.004914652090519667,0.10808510333299637,0.03304784744977951,0.012284967117011547,-0.015918880701065063,-0.04049112647771835,0.021670663729310036,0.04308281093835831,-0.0059147910214960575,0.04817601665854454,-0.0659799799323082,-0.5418947339057922,0.5794423222541809,-1.123133897781372,1.068528175354004,-0.44941556453704834,-0.3626883029937744,-0.021275900304317474,0.12746311724185944,-0.06317786127328873,-0.08398213982582092,-0.011182552203536034,0.01725779101252556,-0.06996762752532959,-0.18557149171829224,1.081104040145874,-0.08255098760128021,-1.0793535709381104,-1.9764227867126465,2.91363525390625,-5.046663761138916,1.5169199705123901,-0.9888996481895447,0.015422451309859753,0.09240978211164474,0.03056144528090954,0.14227096736431122,0.06064103543758392,-0.13143078982830048,0.037247952073812485,-0.010823102667927742,0.08622796088457108,0.03577788546681404,-2.0224497632170824e-07,-0.009513020515441895,-0.00014155852841213346,-1.6956820445557241e-06,-1.7967037990729295e-07,-1.77408401214052e-05,-0.00024277543707285076,0.7544761300086975,0.21538220345973969,0.03543843701481819,-0.005777196492999792,0.0007379149901680648,0.01973005011677742,0.034606218338012695,0.04683471843600273,0.017397016286849976
69,-5.0406983064021915e-05,0.00019711934146471322,0.0012017827248200774,0.0015575068537145853,0.00144341925624758,0.00040317437378689647,-0.0006302217370830476,-0.001011886983178556,-4.6841967559885234e-05,0.003931098151952028,0.010279649868607521,0.01592309959232807,0.03292345255613327,0.060574017465114594,0.05988296493887901,0.04906908795237541,0.022827399894595146,0.004066806752234697,-0.0033151947427541018,-0.006788231432437897,-0.010770450346171856,-0.01454795803874731,-0.009717070497572422,-0.010902409441769123,-0.011383031494915485,-0.006578509230166674,-0.008590335957705975,-0.0060955798253417015,-0.007577149197459221,-0.008652351796627045,-0.014926651492714882,-0.008051246404647827,0.011680020950734615,0.05258839577436447,0.15243034064769745,0.35437697172164917,0.5998985171318054,0.5958632826805115,0.4666757583618164,0.23208880424499512,0.09429310262203217,0.01931859739124775,-0.01684357412159443,-0.029222683981060982,-0.04975796490907669,-0.03155294433236122,-0.02498668059706688,-0.01854104921221733,-0.01825651153922081,-0.015198073349893093,-0.022957751527428627,-0.01429054420441389,-0.010448158718645573,0.002926182234659791,0.02571171149611473,0.02847820520401001,0.041978687047958374,0.026780689135193825,0.018438950181007385,0.00048512895591557026,-0.003036399371922016,-0.00869015697389841,0.002654122654348612,-0.005356485489755869,-0.003969242330640554,0.04311671108007431,-0.12694893777370453,0.027058469131588936,0.10822413861751556,0.008052541874349117,0.007629623636603355,-0.0012455435935407877,0.000563747133128345,0.00442914105951786,-0.0012730296002700925,-0.006453467532992363,-0.0007925581303425133,-0.017840547487139702,-0.006325824651867151,0.043226100504398346,0.08074137568473816,-0.02512149140238762,0.008922725915908813,0.0018267546547576785,-0.03418701887130737,0.11557275801897049,-0.3020239472389221,0.20911240577697754,-0.7591629028320312,0.9154981374740601,-0.24873022735118866,-0.6557353138923645,-0.39796048402786255,0.029564809054136276,0.047862909734249115,0.00011614058894338086,-0.01962009072303772,0.03731615096330643,-0.00978881400078535,-0.0024168738164007664,0.19618067145347595,-0.06870923191308975,-0.144438698887825,0.16049011051654816,0.0867680162191391,-0.1668843924999237,0.07223320007324219,-0.04023332521319389,0.11034378409385681,-0.15751928091049194,0.2674115300178528,-0.8986009955406189,1.658963680267334,-0.6532225608825684,-2.504444122314453,0.038058482110500336,1.2442810535430908,-0.7113137245178223,0.5438182950019836,0.42567160725593567,-0.05325530469417572,-0.3169982135295868,0.12199140340089798,0.020499631762504578,0.005308916792273521,-0.01835830882191658,-0.05202758312225342,0.17819315195083618,-0.11638293415307999,-0.03306381031870842,-0.12572066485881805,0.037465330213308334,-0.021149219945073128,-0.6741080284118652,-0.8026772737503052,0.3564334809780121,-0.24053236842155457,-0.14755557477474213,0.033078908920288086,0.07783982157707214,-0.6860231757164001,-3.562887540553561e-09,0.0007036328315734863,-9.0564921265468e-05,-2.2788341880186636e-07,-3.3764063545049794e-08,-8.690883078088518e-06,-0.00011204608745174482,1.6093168258666992,0.14147190749645233,0.013971317559480667,-0.002571677789092064,-0.00660447683185339,0.010725971311330795,0.000991141889244318,0.02403014712035656,0.01562489289790392
70,0.0018406049348413944,0.009846045635640621,0.01692473515868187,0.01452439371496439,0.015616793185472488,0.008686958812177181,0.0017464071279391646,-0.002560763619840145,-0.004821508191525936,-0.007166779134422541,-0.005877805408090353,-0.005515476688742638,-0.007324643433094025,-0.011467570438981056,-0.013782463036477566,-0.017354680225253105,-0.01883404329419136,-0.018225010484457016,-0.024567002430558205,-0.02754775620996952,-0.035995759069919586,-0.048406556248664856,-0.03380421921610832,-0.03608528524637222,-0.03896711394190788,-0.022464148700237274,-0.03117527812719345,-0.022715670987963676,-0.025014735758304596,-0.027867134660482407,-0.05094162002205849,-0.04222399741411209,-0.026166440919041634,-0.012958072125911713,0.0037244316190481186,0.026128889992833138,0.06420450657606125,0.08078698068857193,0.09183038771152496,0.08172693103551865,0.10267028957605362,0.1376662403345108,0.15273414552211761,0.13545960187911987,0.2462349832057953,0.14063958823680878,0.11580861359834671,0.09576492011547089,0.08700025081634521,0.04732994735240936,0.040382884442806244,0.010833940468728542,0.0008760502096265554,-0.0028201891109347343,-0.012126331217586994,-0.014148756861686707,-0.029812032356858253,-0.026421062648296356,-0.03770450875163078,-0.0439164936542511,-0.018852753564715385,-0.025807451456785202,-0.040299803018569946,-0.004197994247078896,-0.012912735342979431,-0.02437005005776882,0.0354473777115345,-0.010288317687809467,-0.08219817280769348,-0.0015704459510743618,-0.022224899381399155,-0.03649520501494408,-0.015535625629127026,-0.04633490368723869,0.005299873184412718,0.005316725000739098,-0.0336613692343235,0.04746922850608826,0.0784788504242897,-0.034293077886104584,-0.06858526170253754,0.04410325735807419,-0.01735718920826912,-0.056913264095783234,-0.07824453711509705,0.1097954735159874,-0.05281080678105354,0.032154589891433716,-0.07384884357452393,-0.026972178369760513,-0.030478542670607567,0.010167505592107773,0.015930911526083946,-0.052495501935482025,-0.05241933465003967,0.0614098496735096,-0.029556605964899063,0.23039449751377106,-0.0012888475321233273,0.0462195947766304,-0.23526379466056824,0.1484246402978897,0.038974739611148834,-0.08734466135501862,0.02217024564743042,0.17175550758838654,-0.20153693854808807,0.012564175762236118,-0.08724307268857956,0.18345771729946136,-0.1512809544801712,0.18999163806438446,-0.08340980857610703,0.027272948995232582,-0.044064711779356,-0.05489127337932587,0.07220036536455154,-0.2748012840747833,0.1619570553302765,-0.03846261277794838,0.03507891669869423,-0.2804708778858185,0.12999990582466125,0.09092045575380325,0.1683279424905777,-0.0794660672545433,-0.20268811285495758,0.1090201586484909,-0.32445305585861206,-0.11807455122470856,0.14752498269081116,0.015891486778855324,0.09946151822805405,0.12371334433555603,0.0877295657992363,-0.02395661361515522,-0.07134098559617996,0.005024967715144157,0.14998120069503784,0.0026528877206146717,0.05565202236175537,2.5353291022156554e-08,0.02185007929801941,-0.0003506989451125264,-1.6184756077564089e-06,5.764190404988767e-07,-2.3669101210543886e-05,-0.0006875658873468637,0.12003659456968307,0.10138586908578873,0.039226677268743515,-0.0013177647488191724,-0.0288334172219038,0.036707229912281036,0.03924460709095001,0.0642949715256691,0.03630013018846512
71,-0.0012268137652426958,-0.005684932693839073,-0.011293837800621986,-0.01403751689940691,-0.01743554137647152,-0.01440548524260521,-0.008746895007789135,-0.004692956805229187,0.0011302840430289507,0.008294656872749329,0.010072204284369946,0.008527212776243687,0.005922242067754269,-0.0003817982506006956,-0.007705587428063154,-0.014571680687367916,-0.01791786402463913,-0.0170705895870924,-0.024003926664590836,-0.027268800884485245,-0.035848792642354965,-0.04526978358626366,-0.02961822599172592,-0.02389402687549591,-0.013385996222496033,0.0008674985147081316,0.01287132129073143,0.014241646975278854,0.023189852014183998,0.03035663440823555,0.0616176500916481,0.05029292404651642,0.024931950494647026,-0.0028502745553851128,-0.032846275717020035,-0.07824057340621948,-0.132237046957016,-0.13280898332595825,-0.12962982058525085,-0.09136319905519485,-0.0944928228855133,-0.10588740557432175,-0.11065662652254105,-0.10280245542526245,-0.17353901267051697,-0.09384807199239731,-0.07618266344070435,-0.04702796787023544,-0.0465710274875164,-0.038553427904844284,-0.07453865557909012,-0.05454437434673309,-0.044828835874795914,-0.04532762989401817,-0.061683379113674164,-0.028640780597925186,-0.04559933766722679,-0.027840571478009224,-0.02709590457379818,-0.021253816783428192,-0.00677990959957242,-0.004727084655314684,-0.0017806233372539282,-0.009656314738094807,-0.014292748644948006,-0.031266577541828156,0.02126205340027809,-0.006012304220348597,-0.09155108779668808,0.004783364478498697,0.0026956386864185333,-0.016276458278298378,-0.026621902361512184,-0.13115869462490082,-0.006558689754456282,-0.005319025367498398,0.05298185348510742,-0.03278105705976486,-0.020178401842713356,0.019974643364548683,-0.007908371277153492,0.01889660954475403,-0.020725715905427933,0.024565160274505615,0.035755813121795654,-0.07905872166156769,0.049263954162597656,-0.039972078055143356,0.12538298964500427,-0.14376094937324524,0.031195027753710747,0.03670602664351463,0.11159428209066391,-0.07066526263952255,-0.04272615909576416,0.023962080478668213,-0.018354762345552444,-0.03788149729371071,-0.08514583110809326,-0.07291256636381149,-0.08608945459127426,0.03720139339566231,-0.007305200211703777,-0.07979393005371094,0.0032304394990205765,0.22634479403495789,-0.23962955176830292,0.03685764968395233,-0.08093816041946411,0.3077623248100281,-0.27850106358528137,0.2805827558040619,-0.2054872065782547,0.008809469640254974,0.12710833549499512,0.1233743280172348,-0.1915358453989029,0.48372682929039,-0.4030126631259918,0.1148509606719017,0.052647750824689865,0.23547117412090302,-0.006843761540949345,-0.1735638529062271,-0.04134922847151756,-0.025032661855220795,0.1765739768743515,-0.24825386703014374,0.3955128490924835,-0.0597296841442585,0.029497895389795303,-0.01898156851530075,0.09533174335956573,0.014633317478001118,0.10923877358436584,0.04377206787467003,-0.282772421836853,0.01969284936785698,0.17403531074523926,-0.07336745411157608,0.058318786323070526,-2.4488977601322404e-07,-0.023290708661079407,-0.0003125829389318824,-9.677175967226503e-07,-7.572927529508888e-08,-2.2041233023628592e-05,-0.0005718269385397434,1.2573680877685547,-0.11801674962043762,0.029447147622704506,0.0065195513889193535,-0.0022401686292141676,0.042590364813804626,0.008983048610389233,0.034188512712717056,0.06536459922790527
72,-0.0011897905496880412,-0.0060096560046076775,-0.012648049741983414,-0.016461368650197983,-0.018589183688163757,-0.01560644805431366,-0.011425546370446682,-0.009962755255401134,-0.008915658108890057,-0.009656933136284351,-0.007596554234623909,-0.006498991511762142,-0.008591805584728718,-0.011821565218269825,-0.01401691697537899,-0.016282740980386734,-0.014767363667488098,-0.009269136004149914,-0.005902581382542849,-0.000737896072678268,0.0014839749783277512,-0.0030725079122930765,-0.011931035667657852,-0.023829543963074684,-0.03433294594287872,-0.021616801619529724,-0.031324584037065506,-0.022104982286691666,-0.026242980733513832,-0.030805088579654694,-0.05795314535498619,-0.055042240768671036,-0.04480341449379921,-0.031881626695394516,-0.010784919373691082,0.0320986807346344,0.09781862050294876,0.10848548263311386,0.07438340783119202,0.01142421830445528,-0.024437563493847847,-0.05831965059041977,-0.08626943081617355,-0.09506432712078094,-0.19118699431419373,-0.12852972745895386,-0.1130429282784462,-0.07417014241218567,-0.057883720844984055,-0.03289109095931053,-0.04532809183001518,-0.03441201150417328,-0.03803044557571411,-0.038478028029203415,-0.05794616788625717,-0.026616396382451057,-0.05136435478925705,-0.03884175047278404,-0.047761764377355576,-0.07168779522180557,-0.022730443626642227,-0.041571035981178284,-0.06752190738916397,0.002353150397539139,-0.021889016032218933,-0.03042527288198471,0.01152044627815485,-0.013013677671551704,-0.07863537222146988,-0.001331397914327681,-0.003196458565071225,-0.02882223203778267,-0.026458213105797768,-0.10215672850608826,-0.003223999636247754,0.0033060195855796337,0.06322891265153885,-0.03174411132931709,-0.01621946692466736,0.03272480517625809,-0.00493609718978405,0.018425123766064644,-0.012939855456352234,0.02475634589791298,0.04550645500421524,-0.10715154558420181,0.04543451964855194,-0.049241915345191956,0.13911165297031403,-0.1394570916891098,0.04523889720439911,0.04569300636649132,0.1535855233669281,-0.06801497936248779,-0.05420714244246483,0.027336454018950462,-0.04607624188065529,-0.012909751385450363,-0.05711543187499046,-0.01870640553534031,-0.1989925056695938,0.10307066142559052,0.03969026729464531,-0.08994199335575104,-0.014761594124138355,0.259473979473114,-0.22842463850975037,0.06675103306770325,-0.11485183984041214,0.36151251196861267,-0.24612285196781158,0.21228773891925812,-0.11742116510868073,0.011403503827750683,-0.010664836503565311,0.0326860286295414,-0.18225622177124023,0.32714492082595825,-0.3611237704753876,0.0953686311841011,0.029159754514694214,0.2938879430294037,-0.011357276700437069,-0.1872558742761612,-0.05474698543548584,-0.02054673619568348,0.16346535086631775,-0.20439718663692474,0.37569180130958557,-0.056840669363737106,-0.020717361941933632,-0.002701124409213662,0.1598111093044281,-0.18345454335212708,0.139109268784523,0.2889164686203003,-0.40078648924827576,0.19872957468032837,0.15483161807060242,-0.009941955097019672,0.07214194536209106,-7.44948522424238e-07,-0.022375283762812614,0.0001177183585241437,6.563547572113748e-07,-3.256201352996868e-07,1.443887140339939e-05,0.00015922549937386066,1.352221965789795,-0.16268612444400787,0.00848916731774807,0.000591889547649771,0.029173187911510468,0.02232963964343071,0.005278605502098799,0.034408289939165115,0.02672494761645794
73,-0.0008118310361169279,-0.005147989373654127,-0.01041255984455347,-0.011278153397142887,-0.013374052941799164,-0.012438868172466755,-0.009065904654562473,-0.007180481217801571,-0.006413683295249939,-0.005437118466943502,-0.0012301596580073237,0.002679293742403388,0.008042327128350735,0.011176840402185917,0.01074176374822855,0.002384826308116317,-0.007779411971569061,-0.013127033598721027,-0.022267455235123634,-0.025337381288409233,-0.030205806717276573,-0.031263258308172226,-0.013272757641971111,-0.0030656426679342985,0.0015680433716624975,-0.0010998075595125556,-0.009405780583620071,-0.013225901871919632,-0.020736072212457657,-0.028097957372665405,-0.05520934611558914,-0.052135493606328964,-0.04854128137230873,-0.05151139199733734,-0.06257617473602295,-0.09017716348171234,-0.1303606480360031,-0.12085827440023422,-0.11878412216901779,-0.08830059319734573,-0.08470069617033005,-0.0952867865562439,-0.10825575143098831,-0.1002412810921669,-0.1872546225786209,-0.12129634618759155,-0.1121089905500412,-0.07730212807655334,-0.08072517067193985,-0.052786946296691895,-0.08334130048751831,-0.05560704320669174,-0.05187530443072319,-0.045226048678159714,-0.058617327362298965,-0.028774114325642586,-0.04160354286432266,-0.028987377882003784,-0.031986892223358154,-0.050926949828863144,-0.021770022809505463,-0.02906578779220581,-0.03615335002541542,-0.005818245001137257,0.024874242022633553,0.06955450773239136,-0.0466536246240139,0.00869287271052599,0.04283851757645607,-0.011301638558506966,-0.0036818613298237324,-0.01890631578862667,-0.00803809892386198,0.04522063210606575,0.04601103812456131,0.042944472283124924,-0.07763591408729553,0.09272352606058121,0.014506487175822258,0.01330193318426609,0.005954497028142214,0.001247427542693913,-0.004061197862029076,0.030352458357810974,0.012080726213753223,-0.07002163678407669,0.016679104417562485,-0.02234816364943981,0.085953488945961,-0.10584728419780731,0.019763363525271416,0.05609773471951485,0.14457650482654572,-0.12994536757469177,-0.09642501920461655,0.09793504327535629,-0.032871149480342865,0.26258912682533264,-0.03967863321304321,0.016775084659457207,-0.25336694717407227,0.1471676230430603,0.05885951966047287,-0.06916055083274841,0.00652294559404254,0.3427445590496063,-0.27388790249824524,0.04454275220632553,-0.10990016907453537,0.334734171628952,-0.24203358590602875,0.3521493375301361,-0.19618988037109375,-0.03029790148139,0.09102202951908112,0.10910522192716599,-0.1923498809337616,0.16325810551643372,-0.10764430463314056,-0.010845723561942577,-0.05276557803153992,-0.03676601126790047,-0.04325298219919205,-0.042788565158843994,0.019421037286520004,-0.02844807133078575,0.0677793025970459,0.24394531548023224,-0.40310341119766235,0.04103006795048714,0.23532402515411377,0.05840495601296425,0.05448592081665993,-0.10720193386077881,0.1273360699415207,0.25737205147743225,-0.2665616273880005,-0.001299165771342814,0.042536962777376175,-0.06478241831064224,-0.048261500895023346,-1.1364214458353672e-07,0.03085428476333618,-0.00016737323312554508,7.894795999163762e-07,-1.269019946903427e-07,-1.6910547856241465e-05,-0.00047468673437833786,-0.08308490365743637,0.07049833983182907,0.06844595819711685,-0.002283182693645358,0.005026267375797033,0.036679066717624664,0.07203594595193863,0.12380117923021317,0.053321417421102524
74,-0.0012746666325256228,-0.006028035655617714,-0.011860323138535023,-0.015181389637291431,-0.018174337223172188,-0.015237897634506226,-0.010537308640778065,-0.009178759530186653,-0.008221756666898727,-0.009315337054431438,-0.007193263154476881,-0.006469655781984329,-0.00824650377035141,-0.011658894829452038,-0.014308040030300617,-0.017413083463907242,-0.018884526565670967,-0.017435608431696892,-0.02294302172958851,-0.022613316774368286,-0.02128537930548191,-0.012493518181145191,0.0006498450529761612,0.003178817918524146,-0.0052572935819625854,-0.009447873570024967,-0.017361870035529137,-0.009296364150941372,0.0005909018800593913,0.014455475844442844,0.04104151576757431,0.02963780052959919,0.008955701254308224,-0.0036276057362556458,-0.006924019660800695,-0.008624343201518059,-0.021813830360770226,-0.0497877262532711,-0.08067580312490463,-0.07825413346290588,-0.09104551374912262,-0.10841669142246246,-0.11442354321479797,-0.10902304202318192,-0.19751326739788055,-0.11809965968132019,-0.09894590824842453,-0.058584872633218765,-0.0448395200073719,-0.027524275705218315,-0.047387704253196716,-0.03487538546323776,-0.03076056018471718,-0.025388766080141068,-0.03410781919956207,-0.02047162503004074,-0.04060612618923187,-0.03442978113889694,-0.042752232402563095,-0.05269109457731247,-0.01541527546942234,-0.023557011038064957,-0.038882918655872345,-0.005274137016385794,-0.02590802311897278,-0.04437671974301338,0.025614995509386063,-0.006613561883568764,-0.0907125473022461,0.0026531426701694727,0.004721235018223524,-0.026253867894411087,-0.037566084414720535,-0.17406785488128662,-0.02032618783414364,-0.004349585622549057,0.07429860532283783,-0.04537275806069374,-0.021697355434298515,0.016220588237047195,-0.016478704288601875,0.0191029142588377,-0.020897723734378815,0.012948724441230297,0.019777609035372734,-0.08588327467441559,0.03669363260269165,-0.042052220553159714,0.11090847849845886,-0.1418793946504593,0.017859026789665222,0.025966156274080276,0.08308334648609161,-0.06849375367164612,-0.046983178704977036,0.06232447922229767,-0.05756792053580284,0.14819855988025665,-0.04163677990436554,-0.02529255300760269,-0.14267805218696594,0.07056566327810287,0.024603961035609245,-0.10095269232988358,-0.01006405707448721,0.2079382985830307,-0.22233101725578308,0.028795607388019562,-0.10393766313791275,0.3225693106651306,-0.26617151498794556,0.2574874460697174,-0.19211702048778534,-0.0033257941249758005,0.07038751989603043,0.12099256366491318,-0.2219972461462021,0.4310886263847351,-0.40605494379997253,0.1007455438375473,0.058538831770420074,0.23564951121807098,-0.039973631501197815,-0.1209467202425003,-0.015711097046732903,-0.021526115015149117,0.18207770586013794,-0.25431808829307556,0.4398277699947357,-0.06807424128055573,0.018365075811743736,-0.006135120056569576,0.14662063121795654,-0.18934156000614166,0.12950390577316284,0.20240436494350433,-0.35173678398132324,0.06477781385183334,0.1838797926902771,-0.08406955003738403,0.0576842725276947,-6.198426945047686e-07,-0.03300924226641655,9.382187272422016e-05,-9.626106702853576e-07,-2.9205557439127006e-07,1.3401358046394307e-05,0.00038926341221667826,1.540585994720459,-0.17311273515224457,0.03070632554590702,0.006707758642733097,0.03623593598604202,0.04335779324173927,0.013909037224948406,0.03921648487448692,0.05618244409561157
75,-0.000856410653796047,-0.00550617091357708,-0.010526767000555992,-0.011523699387907982,-0.014267783612012863,-0.012141174636781216,-0.008819005452096462,-0.00764892203733325,-0.006991347763687372,-0.008349193260073662,-0.0063486467115581036,-0.005401930771768093,-0.0075143324211239815,-0.01083667017519474,-0.012301770970225334,-0.0113766398280859,-0.00463119987398386,0.005698284134268761,0.01896457001566887,0.02736794762313366,0.03390421345829964,0.027951333671808243,0.0019416417926549911,-0.01533779501914978,-0.029294274747371674,-0.01985597237944603,-0.029138147830963135,-0.02162867970764637,-0.024379156529903412,-0.028885798528790474,-0.055865634232759476,-0.054505713284015656,-0.04951139912009239,-0.051769450306892395,-0.06520547717809677,-0.09485290199518204,-0.13482435047626495,-0.1256428211927414,-0.1206076517701149,-0.09146034717559814,-0.09476613253355026,-0.10376792401075363,-0.11011451482772827,-0.10371402651071548,-0.18824055790901184,-0.11818312853574753,-0.1005701869726181,-0.06273450702428818,-0.04826851189136505,-0.028360603377223015,-0.04615607485175133,-0.03609471395611763,-0.036925505846738815,-0.02713918313384056,-0.026396755129098892,-0.009731199592351913,-0.007704517338424921,-0.002305749338120222,0.0018664884846657515,0.026041928678750992,0.015888351947069168,0.023703105747699738,0.020430708304047585,-0.004927632864564657,-0.017665589228272438,-0.039330217987298965,0.04055504500865936,-0.0171212088316679,-0.07197602093219757,-0.004670620430260897,0.0015491864178329706,0.0378570519387722,0.053004469722509384,0.14413803815841675,0.058434609323740005,0.021349556744098663,-0.0737050399184227,0.0733296275138855,0.008328287862241268,0.005553875584155321,-0.01973613351583481,-0.040256183594465256,-0.04541250690817833,-0.012413814663887024,-0.03835469111800194,-0.002863306552171707,-0.0035121014807373285,-0.02028028666973114,0.05966004729270935,-0.11553797870874405,0.019506903365254402,0.047275010496377945,0.133405402302742,-0.10935982316732407,-0.1165909692645073,0.13561274111270905,-0.07630098611116409,0.3498845398426056,0.0027565136551856995,0.04675871133804321,-0.24244870245456696,0.15996478497982025,0.10368181765079498,-0.08980464190244675,0.01642688177525997,0.3269731104373932,-0.2994968593120575,0.04342653974890709,-0.08457611501216888,0.20013079047203064,-0.160557359457016,0.21854811906814575,-0.08014097064733505,0.023103132843971252,-0.03345237299799919,0.019323017448186874,-0.1577141135931015,0.21302129328250885,-0.22224940359592438,0.07166408747434616,0.059973929077386856,0.015554100275039673,-0.00871887244284153,0.01200643740594387,0.033471912145614624,-0.03394243121147156,0.14814448356628418,0.06918274611234665,-0.09429537504911423,-0.06269598752260208,0.06792276352643967,-0.024803526699543,0.0655549019575119,0.09940408170223236,0.11404398083686829,-0.3176182806491852,-0.007099715527147055,-0.06731320172548294,0.14427438378334045,-0.03662166744470596,0.08703949302434921,-7.053255046685081e-08,0.017655376344919205,-0.00026061548851430416,-5.276123147268663e-07,1.0376177250748242e-08,-2.4405513613601215e-05,-0.0006816239329054952,-0.1767495721578598,0.0715993344783783,0.052781712263822556,-0.0018837815150618553,0.022821655496954918,0.038580622524023056,0.07283564656972885,0.02400030568242073,0.06715963780879974
76,-0.0010137349599972367,-0.005697592627257109,-0.01076593715697527,-0.013667315244674683,-0.016577789559960365,-0.014070825651288033,-0.009178961627185345,-0.005637200083583593,-0.0007565536652691662,0.005764220375567675,0.008707212284207344,0.00901232473552227,0.008149788714945316,0.0042742895893752575,0.0012727822177112103,0.0027840537950396538,0.0074634128250181675,0.008470658212900162,0.005654862150549889,-0.0028853639960289,-0.013137543573975563,-0.01796036958694458,-0.006256178021430969,0.0020000499207526445,0.0024455375969409943,-0.003596371738240123,-0.014258554205298424,-0.016240304335951805,-0.02313021942973137,-0.028820578008890152,-0.054494861513376236,-0.04915165156126022,-0.036041706800460815,-0.023657210171222687,-0.013339272700250149,-0.010913727805018425,-0.028662994503974915,-0.05961502343416214,-0.08815275132656097,-0.08042328804731369,-0.09393633902072906,-0.1080959215760231,-0.11343273520469666,-0.1068003848195076,-0.19125117361545563,-0.11144635081291199,-0.09111402928829193,-0.05360036715865135,-0.042668551206588745,-0.030498521402478218,-0.055545251816511154,-0.038957372307777405,-0.030294297263026237,-0.013855609111487865,0.002183064352720976,0.006048436742275953,0.019286055117845535,0.007947586476802826,-0.001928425277583301,-0.011114844121038914,-0.009445774368941784,-0.01850612834095955,-0.03794928640127182,-0.003544711973518133,-0.028977874666452408,-0.046910807490348816,0.03862142190337181,-0.0055061341263353825,-0.0927930474281311,0.0019571755547076464,-0.003286616178229451,-0.029667764902114868,-0.028024988248944283,-0.13776828348636627,-0.01461705844849348,-0.011581715196371078,0.05365369841456413,-0.04023006185889244,-0.022483309730887413,0.023960063233971596,-0.01429087296128273,0.02127637341618538,-0.03100096434354782,-0.01997433602809906,-0.03604592755436897,-0.02352442778646946,-0.005565059836953878,-0.022141646593809128,0.003718084190040827,-0.10891998559236526,-0.0006829454796388745,0.02712135948240757,0.08262353390455246,-0.07686235010623932,-0.06600439548492432,0.07779234647750854,-0.05762762203812599,0.17852462828159332,-0.03756290674209595,-0.01424982026219368,-0.15025946497917175,0.07147157937288284,0.009847537614405155,-0.0983300730586052,0.004673591814935207,0.19813796877861023,-0.2300567924976349,0.04815180227160454,-0.12350776046514511,0.26474517583847046,-0.29995930194854736,0.24105970561504364,-0.16487541794776917,-0.027001066133379936,0.06328403204679489,0.09322891384363174,-0.220623180270195,0.29538482427597046,-0.27747973799705505,0.07811611890792847,0.0416935496032238,0.10999621450901031,-0.057745449244976044,-0.09163670986890793,-0.008147117681801319,-0.03518294915556908,0.17445696890354156,-0.2761918902397156,0.4716220796108246,-0.08108466118574142,-0.018655944615602493,0.003680309047922492,0.15195472538471222,-0.07431963086128235,0.11737371236085892,0.1249418631196022,-0.32409730553627014,0.08399108797311783,0.16072827577590942,-0.05698537081480026,0.0698532909154892,-2.0821123314362922e-07,-0.03292182832956314,-0.0003032043168786913,-1.4715238876306103e-06,7.695773263094452e-08,-2.7766318453359418e-05,-0.0004819921450689435,1.2419089078903198,-0.08233282715082169,0.029177458956837654,0.003861124161630869,-0.0012791247572749853,0.036230701953172684,0.031246431171894073,0.01088576577603817,0.05732389912009239
77,-0.0009678460191935301,-0.005693292710930109,-0.010177042335271835,-0.012789410538971424,-0.0150980269536376,-0.013314067386090755,-0.009494091384112835,-0.008148275315761566,-0.007239142898470163,-0.008334807120263577,-0.006914289202541113,-0.00584434112533927,-0.007258391473442316,-0.008479097858071327,-0.004862667061388493,0.002178202848881483,0.010162691585719585,0.012224004603922367,0.01613609865307808,0.02296813391149044,0.0453743115067482,0.09218623489141464,0.08022519946098328,0.07208936661481857,0.048941440880298615,0.015280029736459255,0.011072993278503418,0.0038617125246673822,-0.002309726784005761,-0.013393904082477093,-0.042113155126571655,-0.05182834714651108,-0.05000749230384827,-0.056034401059150696,-0.06701088696718216,-0.09991670399904251,-0.1353360265493393,-0.11379962414503098,-0.09660828113555908,-0.062042251229286194,-0.05799921229481697,-0.06979281455278397,-0.08810914307832718,-0.09223756194114685,-0.18429209291934967,-0.1280522644519806,-0.11377757042646408,-0.0849229022860527,-0.07833483815193176,-0.05548078939318657,-0.08378899842500687,-0.04295172542333603,-0.02318027801811695,0.010805831290781498,0.05949770286679268,0.04684370011091232,0.07531840354204178,0.03886942192912102,0.006223825737833977,-0.007775283418595791,-0.00717698410153389,-0.005603572819381952,-0.0026580223347991705,-0.00899237859994173,-0.01647939160466194,-0.033874038606882095,0.029191361740231514,-0.011279386468231678,-0.10685943067073822,0.014429312199354172,-0.021952539682388306,-0.05925246700644493,-0.03999578207731247,-0.16717658936977386,-0.01620650663971901,-0.015430621802806854,0.05061270296573639,-0.040264248847961426,-0.025880707427859306,0.012030534446239471,-0.013358690775930882,0.006116864271461964,-0.04874759539961815,-0.08170504868030548,-0.15200410783290863,0.12252941727638245,-0.060534827411174774,-0.004464602563530207,-0.05618179962038994,-0.07567954063415527,-0.008640638552606106,0.029362991452217102,0.06995359063148499,-0.07479587197303772,-0.051317524164915085,0.015589993447065353,-0.04183331876993179,0.024284033104777336,-0.04047767445445061,-0.013119523413479328,-0.16186225414276123,0.08856256306171417,0.0067507303319871426,-0.08855386823415756,0.0242015291005373,0.3082088530063629,-0.2825798988342285,0.105458565056324,-0.09609007835388184,0.41062745451927185,-0.4419640898704529,0.2884098291397095,-0.23381264507770538,-0.0028736083768308163,0.10763495415449142,0.10643059760332108,-0.1479681134223938,-0.035174109041690826,-0.08282102644443512,0.02971077896654606,0.018661756068468094,0.048271823674440384,-0.05001465603709221,0.10141996294260025,0.0959988608956337,-0.15659987926483154,0.07191397249698639,0.11048735678195953,0.07772284001111984,-0.04528503492474556,0.03354974463582039,0.009548082947731018,0.20374399423599243,-0.195626363158226,0.14313271641731262,0.19998489320278168,-0.322042316198349,0.11555812507867813,0.11396600306034088,0.0190893467515707,0.11262069642543793,-1.8946157354093884e-07,-0.024292631074786186,-0.00028224120615050197,-1.858564246504102e-06,-1.9444946985913703e-07,-2.0135839804424904e-05,-0.0006198458722792566,0.5616958141326904,-0.0033179116435348988,0.02681894600391388,-0.0016324409516528249,0.017453474923968315,0.03784491494297981,0.025181839242577553,0.021004458889365196,0.020490117371082306
78,0.0004740029980894178,0.00457761948928237,0.013833853416144848,0.018987517803907394,0.04097825288772583,0.045827820897102356,0.03601565212011337,0.028209233656525612,0.015447381883859634,0.006563505157828331,-0.001166669768281281,-0.0035058490466326475,-0.00530158169567585,-0.009262495674192905,-0.011702637188136578,-0.013955565169453621,-0.014865580946207047,-0.012721073813736439,-0.012675289064645767,-0.0018174238502979279,0.02685394324362278,0.0914275273680687,0.11230601370334625,0.15363363921642303,0.1740671843290329,0.08018217235803604,0.07618974149227142,0.02839812822639942,0.010910901241004467,0.007585765793919563,0.04917260259389877,0.10934917628765106,0.14768032729625702,0.1794411540031433,0.2112245261669159,0.20186194777488708,0.1817961186170578,0.09927020221948624,0.057093020528554916,0.015554108656942844,-0.01219414547085762,-0.04055190458893776,-0.05789949372410774,-0.05830366164445877,-0.08299354463815689,-0.027057938277721405,0.010116295889019966,0.047162022441625595,0.09678821265697479,0.09260646253824234,0.19481493532657623,0.13963302969932556,0.11562488973140717,0.08963067829608917,0.08573184162378311,0.03470620885491371,0.03933374583721161,0.03027360700070858,0.06923115253448486,0.1167873665690422,0.09718305617570877,0.14547646045684814,0.19804511964321136,0.031971052289009094,0.04145028069615364,0.05659804493188858,-0.04113396629691124,-0.005485293921083212,0.13767780363559723,-0.00037602486554533243,0.03621872141957283,0.09435506910085678,0.05419689416885376,0.09244690090417862,0.03482945263385773,0.03101663663983345,-0.03373314067721367,0.11571507900953293,0.08300472795963287,0.02112450823187828,-0.024335568770766258,0.018692057579755783,-0.011731429025530815,-0.061831243336200714,-0.07905100286006927,0.2214641273021698,-0.060311831533908844,0.06851136684417725,-0.15393273532390594,0.2715744376182556,-0.08624384552240372,-0.024992462247610092,-0.14143140614032745,0.15068060159683228,0.22431731224060059,-0.14047177135944366,0.27303019165992737,-0.6795094609260559,0.10978175699710846,-0.1694660186767578,0.5492796897888184,-0.2922702133655548,-0.15443918108940125,0.2094893455505371,-0.2034555822610855,-0.8375956416130066,0.7960096001625061,-0.10683780163526535,0.05017811059951782,-0.33557838201522827,0.19391682744026184,-0.14556849002838135,0.00987697672098875,-0.08268840610980988,-0.13750728964805603,-0.14373694360256195,0.1691332906484604,-0.7297845482826233,0.4484846591949463,-0.1956924945116043,-0.22379744052886963,-0.5585862398147583,-0.10302887856960297,0.40741831064224243,0.2824264168739319,0.17891228199005127,-0.2689629793167114,0.5868483185768127,-0.7738315463066101,-0.007455138489603996,0.07816049456596375,0.07148832827806473,-0.857824444770813,1.6433645486831665,-0.25003501772880554,-1.503604531288147,1.5064916610717773,-0.6490578055381775,-0.4082472622394562,0.3115081191062927,-0.08626619726419449,2.401825724973605e-07,-0.01662297733128071,-0.0003591632121242583,-3.850628218060592e-06,9.195391044158896e-07,-2.670512185432017e-05,-0.000778284331317991,-4.1353864669799805,0.2957683503627777,0.04917538911104202,-0.0041946955025196075,-0.021610258147120476,0.03325043246150017,0.043308719992637634,0.05657482519745827,0.049597639590501785
79,-0.0012074267724528909,-0.00350496219471097,-0.00160876230802387,0.0104069197550416,0.034018322825431824,0.05095783248543739,0.049624715000391006,0.04573308303952217,0.031541936099529266,0.016301598399877548,0.0019552893936634064,-0.003582596778869629,-0.0072725797072052956,-0.011278074234724045,-0.0138202840462327,-0.017053665593266487,-0.01860584132373333,-0.016731560230255127,-0.02331691049039364,-0.02837522141635418,-0.03679004684090614,-0.048549797385931015,-0.03442198783159256,-0.03668924793601036,-0.03949375078082085,-0.021925626322627068,-0.030445510521531105,-0.020586328580975533,-0.023836666718125343,-0.0262127835303545,-0.04386721923947334,-0.034825097769498825,-0.02567300945520401,-0.02383578196167946,-0.033802397549152374,-0.0680970624089241,-0.11897189915180206,-0.1381601244211197,-0.13800185918807983,-0.09657137840986252,-0.10227585583925247,-0.11126123368740082,-0.1152660921216011,-0.10646811872720718,-0.1980481594800949,-0.12406918406486511,-0.10132374614477158,-0.058224909007549286,-0.028105931356549263,0.010140501894056797,0.06024598702788353,0.06615059077739716,0.04628896713256836,0.036733563989400864,0.03087393194437027,-0.00430526165291667,-0.026653334498405457,-0.02878394164144993,-0.04605772718787193,-0.07033052295446396,-0.021280325949192047,-0.04043857380747795,-0.0720210000872612,0.0009551606490276754,-0.03010660596191883,-0.06403268873691559,0.0403476357460022,-0.007617183029651642,-0.08181146532297134,0.0022457726299762726,-0.006136381532996893,-0.016729775816202164,-0.015058227814733982,-0.10405483841896057,-0.009691384620964527,-0.0028377403505146503,0.0676257535815239,-0.026376208290457726,-0.013240192085504532,0.010291259735822678,-0.027913259342312813,0.021635469049215317,-0.016751158982515335,0.01837984286248684,0.024767475202679634,-0.09872548282146454,0.04117749258875847,-0.0648723766207695,0.1453123539686203,-0.13629883527755737,0.03050548955798149,0.05029584839940071,0.1685326099395752,-0.05301779508590698,-0.07429730147123337,0.07450538128614426,-0.05182596296072006,0.15823541581630707,-0.02570374868810177,-0.0075517818331718445,-0.1853466033935547,0.1116025373339653,0.04563962668180466,-0.11693870276212692,-0.0458097904920578,0.22842873632907867,-0.2041826993227005,-0.011226641945540905,-0.09072304517030716,0.22565652430057526,-0.22819072008132935,0.20436140894889832,-0.21280714869499207,-0.04757034033536911,0.04199724271893501,0.06888950616121292,-0.1968529224395752,0.3596203625202179,-0.4092113971710205,0.07292772829532623,0.01165752299129963,0.25016316771507263,-0.021449564024806023,-0.20688937604427338,-0.14643439650535583,0.04682810604572296,0.14232583343982697,-0.48472559452056885,0.6427363753318787,-0.10247385501861572,-0.17795562744140625,0.03477150946855545,0.2250560075044632,-0.37977883219718933,0.1327434629201889,0.4108276963233948,-0.44081634283065796,0.22538988292217255,0.15582211315631866,-0.05199192464351654,0.05839602276682854,-6.370211735884368e-08,0.01391666941344738,0.00025542237563058734,2.3286795567400986e-06,-1.1236954833293566e-06,4.9245327318203636e-06,0.0005350327701307833,2.018198013305664,-0.2583070397377014,-0.05178447440266609,0.011134359054267406,-0.021383019164204597,0.0398939847946167,-0.03027276135981083,-0.07420295476913452,-0.04485988989472389
80,-0.0015149401733651757,-0.006130822002887726,-0.011680717580020428,-0.014672128483653069,-0.017872776836156845,-0.015271278098225594,-0.010378324426710606,-0.00907296035438776,-0.008227423764765263,-0.009381239302456379,-0.007233485579490662,-0.0062433579005301,-0.007849857211112976,-0.011347194202244282,-0.013917841017246246,-0.016619691625237465,-0.018460460007190704,-0.01671394146978855,-0.02420354261994362,-0.0268973708152771,-0.0359884649515152,-0.0454016774892807,-0.030848821625113487,-0.026314662769436836,-0.014987478964030743,0.0038198884576559067,0.02731139026582241,0.03336714953184128,0.05158105865120888,0.061272162944078445,0.09938498586416245,0.06825172156095505,0.030953682959079742,-0.0014628359349444509,-0.03326210007071495,-0.07936542481184006,-0.13376469910144806,-0.1336907148361206,-0.1301131397485733,-0.09135914593935013,-0.09424888342618942,-0.10423610359430313,-0.11161018908023834,-0.1023108959197998,-0.17002332210540771,-0.09173119068145752,-0.07477523386478424,-0.04723799228668213,-0.04810648038983345,-0.03975692763924599,-0.07656814903020859,-0.055033326148986816,-0.04443517327308655,-0.04573497176170349,-0.06226959824562073,-0.031590785831213,-0.04993210360407829,-0.0327640175819397,-0.03395586833357811,-0.03305282071232796,-0.0096558453515172,-0.011614806018769741,-0.014678804203867912,-0.007326366379857063,-0.01731431856751442,-0.03685292974114418,0.018547367304563522,-0.007506248075515032,-0.08934874832630157,0.00323355570435524,0.002453690394759178,-0.013355416245758533,-0.02996274083852768,-0.1347019076347351,-0.009330889210104942,-0.010889919474720955,0.06857937574386597,-0.052694302052259445,-0.033488549292087555,0.026165125891566277,0.006488840561360121,0.017369993031024933,-0.01529295090585947,0.05078435316681862,0.04670223966240883,-0.0931544378399849,0.04147958755493164,-0.043553274124860764,0.12123866379261017,-0.15059900283813477,0.037094589322805405,0.034397199749946594,0.10900115966796875,-0.06535487622022629,-0.030613424256443977,0.0031413466203957796,0.01761387661099434,-0.09634590148925781,-0.07421304285526276,-0.08840722590684891,-0.05159340053796768,0.030431481078267097,-0.006390548776835203,-0.07600948214530945,-0.0003485815250314772,0.22590070962905884,-0.2354363203048706,0.035325318574905396,-0.07569100707769394,0.3546328544616699,-0.29096269607543945,0.3291298747062683,-0.2414964884519577,0.021428197622299194,0.15442092716693878,0.10866990685462952,-0.18475376069545746,0.5027932524681091,-0.4278827905654907,0.11380457133054733,0.08292385190725327,0.249869704246521,0.008192004635930061,-0.20953844487667084,-0.050974320620298386,-0.021396856755018234,0.1678130030632019,-0.2383408099412918,0.35003891587257385,-0.04688604548573494,0.06460876762866974,-0.02058436907827854,0.03483041748404503,0.08280197530984879,0.09719491750001907,0.03344474360346794,-0.27712276577949524,-0.012012996710836887,0.16360703110694885,-0.08396537601947784,0.04961464926600456,-2.2310892688892636e-07,-0.024098414927721024,-9.800344560062513e-05,-1.001485202323238e-06,-3.064454006107553e-07,6.299533197307028e-06,-5.46753617527429e-05,1.1917212009429932,-0.09141889214515686,0.040852006524801254,0.002879416337236762,0.04722265899181366,0.03627033531665802,0.06540289521217346,0.033005356788635254,0.0631270706653595
81,-0.0013970809523016214,-0.0052440534345805645,-0.009148267097771168,-0.009859836660325527,-0.012375805526971817,-0.010321923531591892,-0.0069532813504338264,-0.0050416383892297745,-0.0015572337433695793,0.005708235315978527,0.013616329990327358,0.021387169137597084,0.034552913159132004,0.04778147488832474,0.038878582417964935,0.022557871416211128,0.0035427133552730083,-0.008003261871635914,-0.01654253527522087,-0.019353987649083138,-0.018546512350440025,0.006032941862940788,0.05733293667435646,0.15222379565238953,0.27876976132392883,0.2066376954317093,0.3102639615535736,0.19758321344852448,0.1639953851699829,0.0928521528840065,0.049509283155202866,-0.012133725918829441,-0.03486277163028717,-0.04443353787064552,-0.060398876667022705,-0.08337265998125076,-0.11629855632781982,-0.10465390980243683,-0.0932227298617363,-0.053742021322250366,-0.01679627038538456,0.04686255380511284,0.13803043961524963,0.1874093860387802,0.3847915530204773,0.20806649327278137,0.10718974471092224,0.02119705267250538,-0.0253150574862957,-0.03620927035808563,-0.07220913469791412,-0.047109294682741165,-0.04959457367658615,-0.03922373801469803,-0.04904809594154358,-0.02139793150126934,-0.003733471967279911,0.02872481383383274,0.05694787949323654,0.12032371759414673,0.047682985663414,0.05965008586645126,0.04824059456586838,-0.004893850535154343,0.0012608009856194258,0.001419544336386025,-0.0025924977380782366,-0.010266149416565895,-0.0013074222952127457,0.001485486631281674,0.03748588263988495,0.07242495566606522,0.04183885455131531,0.07007317990064621,0.009914244525134563,-0.007112039718776941,-0.06606999784708023,0.22189918160438538,0.17495381832122803,-0.003871985012665391,-0.03552037104964256,-0.01246791984885931,-0.0009416493121534586,-0.0008632701355963945,0.019359121099114418,-0.09321388602256775,0.006829615216702223,0.002973992843180895,-0.09323634952306747,0.3136480152606964,0.033811844885349274,-0.022454116493463516,-0.8212697505950928,0.49961382150650024,0.07318108528852463,-0.2544599175453186,0.17536941170692444,-0.3584216833114624,-0.0810730829834938,-0.03171514719724655,0.01664106547832489,-0.03120938315987587,-0.02431105449795723,0.029216472059488297,-0.04364122077822685,-0.07891703397035599,0.001438300358131528,-0.09220603853464127,-0.32767289876937866,-0.8149327039718628,0.6306567788124084,-0.5678681135177612,0.20298056304454803,-0.09111528843641281,0.02716539427638054,0.10003773868083954,-0.25382840633392334,0.2835770547389984,-0.22018937766551971,0.02742132544517517,0.04757941886782646,-0.1517360359430313,-0.14166390895843506,0.696079671382904,-0.0007658418617211282,-0.7230340242385864,-0.29214581847190857,1.7103146314620972,-1.733232021331787,0.18885990977287292,-0.0075737182050943375,0.17312288284301758,0.059171389788389206,0.11187666654586792,0.05176665261387825,-0.36329635977745056,0.6528423428535461,-0.7474666833877563,0.044132839888334274,-0.08207772672176361,0.0983981341123581,-2.1916951808975682e-08,-0.019791236147284508,-0.0002947422908619046,-3.220809503545752e-06,3.8983094441391586e-07,-2.828262950060889e-05,-0.0005856135976500809,-2.1657040119171143,0.26682227849960327,0.04466143622994423,-0.004208660684525967,0.0008280894835479558,0.03323040157556534,0.04810433089733124,0.04884804040193558,0.04032785817980766
82,-0.00031258686794899404,0.00048043971764855087,0.003980603069067001,0.0066110617481172085,0.007239838596433401,0.002590019255876541,-0.0023987488821148872,-0.005614879075437784,-0.0069519635289907455,-0.008890284225344658,-0.0068634310737252235,-0.006364656612277031,-0.008027333766222,-0.01149448286741972,-0.013963141478598118,-0.016939716413617134,-0.01849188655614853,-0.016498640179634094,-0.021412767469882965,-0.01977664791047573,-0.016529904678463936,-0.006310035474598408,0.0025397464632987976,0.0011613740352913737,-0.010371264070272446,-0.012529299594461918,-0.02169879712164402,-0.012991760857403278,-0.0051460242830216885,0.008213845081627369,0.03460805490612984,0.02888881415128708,0.006430715788155794,-0.015621029771864414,-0.03418371453881264,-0.05756017938256264,-0.08100540190935135,-0.08455649763345718,-0.09374095499515533,-0.0787905752658844,-0.09001805633306503,-0.10644522309303284,-0.10904531180858612,-0.09497310221195221,-0.14127783477306366,-0.062257442623376846,-0.03400366008281708,-0.014982922002673149,-0.020070243626832962,-0.025524074211716652,-0.05613723397254944,-0.0394502654671669,-0.03047930635511875,-0.02486066147685051,-0.03589547798037529,-0.023029711097478867,-0.04530371353030205,-0.03536985069513321,-0.04306697100400925,-0.053855087608098984,-0.01710280403494835,-0.023548055440187454,-0.034836333245038986,-0.007804473862051964,-0.02405083365738392,-0.03684726357460022,0.016614168882369995,-0.010447154752910137,-0.08252038806676865,-0.00022059775074012578,0.00401250459253788,-0.025514166802167892,-0.03194676339626312,-0.13502995669841766,-0.008052075281739235,-0.006718225311487913,0.0432356595993042,-0.03837822005152702,-0.013730892911553383,0.01019893866032362,-0.016837339848279953,0.02441662922501564,-0.026036404073238373,0.002633216092363,0.007389508653432131,-0.08564981073141098,0.036590054631233215,-0.0454196035861969,0.09792672842741013,-0.12761376798152924,0.007443793583661318,0.02352084405720234,0.06784320622682571,-0.06909217685461044,-0.048087846487760544,0.059408999979496,-0.055792152881622314,0.16510994732379913,-0.03690801560878754,-0.021039489656686783,-0.14672785997390747,0.06698735803365707,0.01381866354495287,-0.09246407449245453,-0.0011168231721967459,0.21669116616249084,-0.22286486625671387,0.014625183306634426,-0.10564231872558594,0.27264124155044556,-0.2278198003768921,0.257956862449646,-0.17370136082172394,-0.011201377958059311,0.06970176845788956,0.08916863799095154,-0.21027661859989166,0.36285632848739624,-0.37832340598106384,0.10532711446285248,0.05713380500674248,0.2457754909992218,-0.030267383903265,-0.1654052734375,-0.034476280212402344,-0.02303297258913517,0.18075677752494812,-0.28974470496177673,0.44803586602211,-0.06943303346633911,0.008312501944601536,-0.01102318987250328,0.14589132368564606,-0.14199300110340118,0.12414763122797012,0.16668079793453217,-0.3261792063713074,0.05374233052134514,0.16893742978572845,-0.0638466328382492,0.06699769198894501,-3.319620986985683e-07,-0.012568836100399494,-0.00035914257750846446,-1.483675760027836e-06,-1.5603080782966572e-07,-2.891743315558415e-05,-0.0005707661039195955,1.2579728364944458,-0.09434178471565247,0.03256630524992943,0.004479067865759134,-0.02458016574382782,0.04362005367875099,0.024089151993393898,0.04010884463787079,0.05631541460752487
83,-0.0011338058393448591,-0.0056870728731155396,-0.011206788010895252,-0.014203792437911034,-0.014475875534117222,-0.0067853769287467,0.00221122894436121,0.009616920724511147,0.012184491381049156,0.011154728010296822,0.0035730921663343906,-0.0013074979651719332,-0.005539417266845703,-0.010465167462825775,-0.013502907939255238,-0.01589932106435299,-0.014451388269662857,-0.009081566706299782,-0.005985026713460684,-0.00020511883485596627,0.0013954311143606901,-0.003149990225210786,-0.011414608918130398,-0.02172982506453991,-0.028042377904057503,-0.01380454283207655,-0.011996968649327755,-0.003863706486299634,-0.0012504057958722115,-0.006436244584619999,-0.027645273134112358,-0.04277577996253967,-0.048313889652490616,-0.05411331355571747,-0.06468041241168976,-0.09857189655303955,-0.1292613297700882,-0.10607092827558517,-0.06922287493944168,-0.03185732290148735,-0.023741204291582108,-0.03758089989423752,-0.06261398643255234,-0.07827820628881454,-0.16210031509399414,-0.09246525168418884,-0.06264200806617737,-0.02297176793217659,-0.007345523685216904,-0.006531350780278444,-0.033573511987924576,-0.03683505579829216,-0.037779949605464935,-0.029038449749350548,-0.027578890323638916,-0.010317984968423843,-0.011630297638475895,-0.0147036612033844,-0.02858254499733448,-0.052302222698926926,-0.016336524859070778,-0.0416361428797245,-0.06809000670909882,0.0036172745749354362,-0.023824280127882957,-0.0428503081202507,0.035833392292261124,-0.00317368027754128,-0.07688480615615845,0.010821286588907242,0.006824000738561153,-0.014808161184191704,-0.029808923602104187,-0.15137498080730438,-0.01827990449965,-0.002866415772587061,0.047568876296281815,-0.02248736098408699,-0.009257413446903229,-0.016611773520708084,-0.036764875054359436,0.023441512137651443,-0.02712564915418625,0.0017832200974225998,0.009722037240862846,-0.07217742502689362,0.023840801790356636,-0.03308785706758499,0.03991153836250305,-0.11320594698190689,0.008759554475545883,0.035516101866960526,0.11468285322189331,-0.0681493878364563,-0.050849564373493195,0.059729188680648804,-0.052835892885923386,0.17558272182941437,0.011877688579261303,0.03339878097176552,-0.2505105435848236,0.14095021784305573,0.07128371298313141,-0.09693042933940887,-0.01035490445792675,0.255424439907074,-0.2288965880870819,0.06404923647642136,-0.11754705011844635,0.2855556905269623,-0.3361967206001282,0.22174720466136932,-0.18291683495044708,-0.01365133561193943,0.09109126776456833,0.09098470211029053,-0.18221572041511536,0.3002464175224304,-0.34909433126449585,0.10006208717823029,0.014152074232697487,0.23524557054042816,-0.04424996301531792,-0.13955473899841309,-0.047989506274461746,-0.015013650059700012,0.1725301444530487,-0.2616645395755768,0.4519464373588562,-0.07752113044261932,-0.06378048658370972,-0.012400447390973568,0.18516239523887634,-0.2961435914039612,0.12456527352333069,0.16597986221313477,-0.33427169919013977,0.08618362993001938,0.1658433973789215,-0.03273886814713478,0.06065477803349495,3.638525924998248e-07,-0.03689521551132202,0.0003092460974585265,-7.899880074546672e-07,-3.171233515786298e-07,4.677546166931279e-05,0.0008520136470906436,1.5315824747085571,-0.22372494637966156,0.006433329079300165,0.013042953796684742,-0.010205632075667381,0.02215489186346531,0.01782855950295925,-0.010218042880296707,0.05585753172636032
84,-0.0009798250393941998,-0.005653210449963808,-0.010905074886977673,-0.013510013930499554,-0.016590235754847527,-0.014390721917152405,-0.010279346257448196,-0.00876295194029808,-0.007998890243470669,-0.008965101093053818,-0.007054990157485008,-0.006252760998904705,-0.008048374205827713,-0.011569938622415066,-0.014009147882461548,-0.017286382615566254,-0.01842513307929039,-0.01654524728655815,-0.020753059536218643,-0.018293315544724464,-0.012425867840647697,0.00497403321787715,0.019334474578499794,0.03355725482106209,0.04173943027853966,0.023024888709187508,0.029203498736023903,0.012618744745850563,0.0037330198101699352,-0.010230578482151031,-0.03561319038271904,-0.03771180287003517,-0.026132943108677864,-0.014388940297067165,-0.006574580445885658,-0.011586443521082401,-0.041573818773031235,-0.07464590668678284,-0.09984459728002548,-0.08551975339651108,-0.09460560977458954,-0.10683748871088028,-0.11358946561813354,-0.10620488971471786,-0.18638470768928528,-0.1068858802318573,-0.0847330167889595,-0.050043802708387375,-0.043437883257865906,-0.03376219794154167,-0.06293287128210068,-0.0414518304169178,-0.028359074145555496,-0.007224133238196373,0.01583535596728325,0.013583360239863396,0.028179364278912544,0.011732956394553185,-0.002780152251943946,-0.01923438161611557,-0.012486985884606838,-0.032401859760284424,-0.06619437783956528,-0.0030778110958635807,-0.03441274166107178,-0.05297316610813141,0.03426748886704445,-0.008026372641324997,-0.09743445366621017,0.009218499064445496,-0.0016419829335063696,-0.03785732761025429,-0.0366203710436821,-0.19066846370697021,-0.030696995556354523,-0.02030899003148079,0.07567440718412399,-0.04714825376868248,-0.02024533413350582,0.01935160718858242,-0.016641540452837944,0.015831252560019493,-0.02664635330438614,-0.012582779861986637,-0.026107685640454292,-0.037678301334381104,-0.0012704216642305255,-0.023764388635754585,-0.030756037682294846,-0.08568860590457916,-0.016726965084671974,0.01867307536303997,0.08572883903980255,-0.0871698409318924,-0.08162573724985123,0.06662923842668533,-0.05927954986691475,0.11558133363723755,-0.05064951255917549,-0.033638566732406616,-0.0998968780040741,0.037107907235622406,-0.009722692891955376,-0.09938054531812668,0.003602629993110895,0.2843789756298065,-0.27197009325027466,0.08010248094797134,-0.11922675371170044,0.29484567046165466,-0.34864309430122375,0.251358300447464,-0.22020936012268066,-0.020442631095647812,0.06913019716739655,0.09997626394033432,-0.21956723928451538,0.27023327350616455,-0.24993687868118286,0.0600014328956604,0.03406830504536629,0.054233066737651825,-0.06833918392658234,-0.06877203285694122,-0.01513191219419241,-0.03686301410198212,0.18577440083026886,-0.2791205644607544,0.41343069076538086,-0.06793974339962006,0.03956075385212898,-0.008241376839578152,0.11347240209579468,-0.04824424907565117,0.11954223364591599,0.1748901605606079,-0.3748111128807068,0.11820880323648453,0.1605590581893921,-0.07299265265464783,0.08162642270326614,-2.736383635237871e-07,-0.034455087035894394,-0.0003544201026670635,-1.6721015754228574e-06,-5.770272792915421e-08,-2.383884202572517e-05,-0.0006617463077418506,1.354089379310608,-0.09563910961151123,0.02206549607217312,4.745770638692193e-05,0.03391638398170471,0.03240467235445976,0.029768362641334534,0.013579534366726875,0.03807143494486809
85,-0.0008831263403408229,-0.00536692701280117,-0.009555043652653694,-0.012170772068202496,-0.013739424757659435,-0.012430505827069283,-0.00863336119800806,-0.0073293233290314674,-0.006946221459656954,-0.00824611447751522,-0.0065202838741242886,-0.005250021815299988,-0.0071588498540222645,-0.007928933016955853,-0.0022953758016228676,0.011168069206178188,0.028543220832943916,0.03360654413700104,0.03351103886961937,0.019617578014731407,-3.180370185873471e-05,-0.023942511528730392,-0.027131404727697372,-0.03289778530597687,-0.03686074912548065,-0.02229144424200058,-0.030509838834404945,-0.022688573226332664,-0.0252781193703413,-0.030122829601168633,-0.05762672796845436,-0.05606802925467491,-0.05007783696055412,-0.05342359468340874,-0.06400026381015778,-0.09319964051246643,-0.13225391507148743,-0.12311972677707672,-0.12002082169055939,-0.08649230003356934,-0.09157650172710419,-0.10488822311162949,-0.10765744000673294,-0.10155773907899857,-0.1820097118616104,-0.1277143955230713,-0.1127258688211441,-0.08820284157991409,-0.08020097017288208,-0.054742246866226196,-0.08514085412025452,-0.052471838891506195,-0.046736668795347214,-0.026590857654809952,-0.015586339868605137,0.0029065595008432865,0.011693075299263,0.005418994929641485,-0.014556254260241985,-0.030343730002641678,-0.012641817331314087,-0.001358843524940312,0.01857786253094673,-0.001665565767325461,0.0022768969647586346,0.006894046440720558,-0.014101086184382439,0.009050981141626835,0.041623156517744064,-0.00660601444542408,0.00835769809782505,-0.001817320822738111,0.00837717019021511,0.10343324393033981,0.027798084542155266,-0.016384687274694443,-0.1027078777551651,0.013842628337442875,-0.02000686153769493,0.023413442075252533,0.05899466201663017,9.629175474401563e-05,0.001830234657973051,0.007579663768410683,-0.010030972771346569,-0.02725858986377716,-0.0029460277874022722,-0.024006778374314308,0.03370989114046097,-0.1293332874774933,0.02705119363963604,0.10248486697673798,0.18641281127929688,-0.10527881979942322,-0.05141598358750343,0.07864876836538315,-0.06142429634928703,0.3127453327178955,-0.02146044187247753,0.005273355171084404,-0.23906978964805603,0.1458568274974823,0.05410868674516678,-0.09082064777612686,0.010880899615585804,0.3362627923488617,-0.28134357929229736,0.05925295129418373,-0.007878044620156288,0.2143067717552185,-0.18523447215557098,0.21899273991584778,-0.04808296635746956,0.006158310454338789,-0.04832972586154938,-0.07324648648500443,-0.08503390848636627,0.21992652118206024,-0.2545486390590668,0.07207725942134857,0.03799733147025108,-0.05233057960867882,-0.022013863548636436,0.21953625977039337,0.12076187133789062,-0.3787614107131958,-0.26553016901016235,0.2702386975288391,0.07262790203094482,-0.05096408724784851,0.026416750624775887,0.06886947900056839,0.017329523339867592,0.16860657930374146,-0.007850399240851402,0.1500583291053772,-0.4943074584007263,0.022481808438897133,0.15150727331638336,0.05520673468708992,0.10013020783662796,-2.2116422826456983e-07,0.04742813482880592,0.0002976934483740479,4.5230281102703884e-06,1.6186959328479134e-08,2.566031616879627e-05,0.0004813818377442658,0.06026260182261467,0.08048059046268463,0.05601466819643974,-0.004069403279572725,0.01926332339644432,0.02710144780576229,0.06214327737689018,0.10380727797746658,0.05310574546456337
86,-0.0010892346035689116,-0.005695629864931107,-0.012006253004074097,-0.01605279929935932,-0.018376341089606285,-0.015554769895970821,-0.01103054080158472,-0.009847719222307205,-0.008692195639014244,-0.009538857266306877,-0.00746043911203742,-0.006159685552120209,-0.006697371602058411,-0.0049531287513673306,0.005314269568771124,0.024100065231323242,0.038348399102687836,0.03363474830985069,0.027332035824656487,0.010188981890678406,-0.012546648271381855,-0.035507798194885254,-0.03142451494932175,-0.0358867272734642,-0.038284264504909515,-0.019461164250969887,-0.021898984909057617,-0.010164447128772736,-0.004951822571456432,-0.00359175493940711,-0.013699706643819809,-0.028851673007011414,-0.036857280880212784,-0.041155070066452026,-0.04487046226859093,-0.06180286034941673,-0.08417753130197525,-0.0905967503786087,-0.09155631065368652,-0.06267336010932922,-0.05042266100645065,-0.03783351182937622,-0.03119479864835739,-0.041313569992780685,-0.1157858595252037,-0.09878905862569809,-0.10381866991519928,-0.08064825087785721,-0.07634635269641876,-0.05924950912594795,-0.08703558892011642,-0.0541481077671051,-0.04165348783135414,-0.030469559133052826,-0.036786921322345734,-0.017498593777418137,-0.032110363245010376,-0.0269110519438982,-0.03326810523867607,-0.04063419997692108,-0.011263269931077957,-0.021723663434386253,-0.042239487171173096,0.0023297432344406843,-0.02257816679775715,-0.04672257602214813,0.04426909238100052,-0.0009412869694642723,-0.08972908556461334,0.02489781752228737,0.013120499439537525,-0.016218271106481552,-0.025878239423036575,-0.102129265666008,-0.004748980980366468,-0.005194926168769598,0.039756692945957184,-0.02418784238398075,-0.00980544276535511,-0.023512113839387894,-0.04555947333574295,0.024197492748498917,-0.029443224892020226,-0.00273694540373981,-0.0007118901121430099,-0.06252145022153854,0.025669898837804794,-0.03996081277728081,0.10818453133106232,-0.1297248899936676,0.02607967145740986,0.04542930796742439,0.1311006247997284,-0.07788704335689545,-0.06579874455928802,0.1007533147931099,-0.05193699896335602,0.21266251802444458,-0.01905556581914425,0.002173506421968341,-0.19930681586265564,0.12993602454662323,0.06862888485193253,-0.09788384288549423,-0.003900351235643029,0.29661881923675537,-0.22341741621494293,0.10377459973096848,-0.11382101476192474,0.3132611811161041,-0.34918084740638733,0.20771417021751404,-0.19253197312355042,-0.02619604580104351,0.08782511204481125,0.1092725396156311,-0.19734089076519012,0.37010544538497925,-0.3390375077724457,0.10159243643283844,0.014591964893043041,0.21830791234970093,-0.059709321707487106,-0.12222658842802048,-0.034591931849718094,-0.004876927938312292,0.17427584528923035,-0.2907317578792572,0.48901599645614624,-0.08123140782117844,-0.018949070945382118,-0.0012567670783028007,0.17511507868766785,-0.30145660042762756,0.1365162581205368,0.3274134397506714,-0.43018245697021484,0.14582334458827972,0.17156542837619781,-0.052846744656562805,0.06498169898986816,-6.882391403451038e-07,-0.03553713113069534,0.0002249055978609249,-8.122122494569339e-07,4.733851994842553e-07,7.287185871973634e-05,0.00042638249578885734,2.0390284061431885,-0.24873241782188416,-0.0017527352320030332,0.012652305886149406,0.018718251958489418,0.02871178276836872,-0.002925969660282135,-0.019900701940059662,0.046254511922597885
87,0.0008518335525877774,0.008118881843984127,0.022914018481969833,0.027200156822800636,0.04341105371713638,0.038050904870033264,0.023921076208353043,0.018144458532333374,0.011834746226668358,0.007603512145578861,0.0009649014100432396,-0.0021645103115588427,-0.004524819552898407,-0.008643231354653835,-0.010962868109345436,-0.013266017660498619,-0.014264584518969059,-0.012184590101242065,-0.013928186148405075,-0.0018128111260011792,0.03124655969440937,0.11030615866184235,0.13373501598834991,0.1697021871805191,0.1684906780719757,0.06623741239309311,0.05491055175662041,0.021449867635965347,0.018150875344872475,0.034110840409994125,0.12713049352169037,0.19113746285438538,0.19596266746520996,0.1722412407398224,0.16092240810394287,0.13751308619976044,0.13434670865535736,0.08565854281187057,0.04481888562440872,-0.002643131185323,-0.03433212637901306,-0.06109055131673813,-0.06840663403272629,-0.052973970770835876,-0.03335016593337059,0.033230915665626526,0.0891709104180336,0.111338309943676,0.141529843211174,0.09140221029520035,0.13985656201839447,0.0816636011004448,0.05751660093665123,0.043911345303058624,0.05074220523238182,0.032834384590387344,0.053156837821006775,0.043155550956726074,0.09703923016786575,0.14864546060562134,0.09789351373910904,0.14644011855125427,0.20667143166065216,0.03899984061717987,0.04738345742225647,0.10523290932178497,-0.060166168957948685,-0.006749559193849564,0.12824606895446777,0.017303571105003357,0.004546438809484243,0.061957862228155136,0.04919421672821045,0.17977087199687958,0.09751919656991959,0.10135439038276672,-0.0703468918800354,0.15297546982765198,0.06662189960479736,-0.00039563453174196184,-0.015762576833367348,0.004797207657247782,-0.015169458463788033,-0.05176538601517677,-0.06856057792901993,0.19104371964931488,-0.09190715849399567,0.08624637126922607,-0.1349782943725586,0.3341519236564636,-0.10903453826904297,-0.032226480543613434,-0.19610513746738434,0.2756505012512207,0.3517782688140869,-0.14441172778606415,0.3067488670349121,-0.5360836982727051,0.10097801685333252,-0.21240030229091644,0.5490821599960327,-0.2652313709259033,-0.18354633450508118,0.2444331794977188,-0.18658378720283508,-0.9274603128433228,0.7843063473701477,-0.07526767253875732,0.11783389002084732,-0.2929801046848297,0.31180503964424133,-0.12033085525035858,-0.020989038050174713,-0.11503878980875015,-0.11690430343151093,-0.09602737426757812,0.27515989542007446,-0.7178030014038086,0.7698400020599365,-0.2233223021030426,-0.4034191370010376,-0.5295675992965698,-0.2986948788166046,0.530627965927124,0.09755450487136841,0.26093074679374695,-0.32412800192832947,0.5346350073814392,-1.0104179382324219,0.03872827813029289,0.37204450368881226,-0.16859093308448792,-0.8882932662963867,1.9829399585723877,-0.48761942982673645,-1.6322311162948608,0.9268769025802612,-0.9635840058326721,-0.2822372317314148,0.6278239488601685,-0.3601285219192505,2.612493972264929e-07,-0.017242439091205597,-0.0003381544374860823,-3.218430265405914e-06,9.879075832941453e-07,-2.6519990569795482e-05,-0.0007790392846800387,-4.1885457038879395,0.2994728684425354,0.05245635285973549,-0.00399652449414134,-0.0205184668302536,0.031157201156020164,0.04199814423918724,0.05221790447831154,0.04676227271556854
88,-0.000991273787803948,-0.005725484807044268,-0.011250274255871773,-0.014686595648527145,-0.016704028472304344,-0.014554791152477264,-0.010316157713532448,-0.008897325955331326,-0.008104533888399601,-0.008846861310303211,-0.007325423415750265,-0.006346622481942177,-0.00826666597276926,-0.011482871137559414,-0.013150832615792751,-0.015597452409565449,-0.014208860695362091,-0.008481062948703766,-0.004515222739428282,0.002869016956537962,0.011545705609023571,0.02601667493581772,0.025002911686897278,0.03306395560503006,0.03530590981245041,0.016293931752443314,0.013604176230728626,-0.0005666560609824955,-0.010971362702548504,-0.02237924188375473,-0.04949893057346344,-0.04669814929366112,-0.03386116772890091,-0.021618597209453583,-0.011506550945341587,-0.010240770876407623,-0.030651871114969254,-0.06306840479373932,-0.09217078238725662,-0.08386055380105972,-0.09427447617053986,-0.10425053536891937,-0.1156967431306839,-0.10152913630008698,-0.17950370907783508,-0.10349003970623016,-0.07912073284387589,-0.047631967812776566,-0.041937753558158875,-0.02954575978219509,-0.03531660512089729,-0.005656830035150051,0.014368576928973198,0.023561738431453705,0.03150223195552826,0.0043708039447665215,0.00026193505618721247,-0.008482670411467552,-0.019678791984915733,-0.03590761125087738,-0.01306214090436697,-0.032024022191762924,-0.06020674854516983,-0.004103189799934626,-0.0234014131128788,-0.03678707033395767,0.03155752643942833,-0.00791609100997448,-0.10290811955928802,0.015273413620889187,0.0027509902138262987,-0.04592367261648178,-0.045440033078193665,-0.17796087265014648,-0.023965587839484215,-0.015551518648862839,0.046648215502500534,-0.029789669439196587,-0.011048691347241402,0.011540639214217663,-0.017480408772826195,0.01266234740614891,-0.032384391874074936,-0.034489769488573074,-0.06660814583301544,0.010510321706533432,-0.014163954183459282,-0.026384349912405014,-0.0017701920587569475,-0.11108167469501495,-0.0008574163657613099,0.03526611998677254,0.10852222144603729,-0.08669041097164154,-0.06536238640546799,0.030624330043792725,-0.04430973529815674,-0.006376225035637617,-0.05928175896406174,-0.031532011926174164,-0.14694112539291382,0.09488127380609512,0.028816618025302887,-0.08744338899850845,-0.0003099718305747956,0.31222569942474365,-0.25706812739372253,0.06760510802268982,-0.1091761663556099,0.31457480788230896,-0.29556477069854736,0.22097498178482056,-0.180988609790802,-0.005196964368224144,0.08569321036338806,0.08470987528562546,-0.17858828604221344,0.0831073522567749,-0.16685368120670319,0.06411321461200714,0.04107438027858734,0.12836648523807526,-0.05101469159126282,-0.14392699301242828,-0.03587334230542183,-0.018039166927337646,0.17706796526908875,-0.14811033010482788,0.21012051403522491,-0.06431183218955994,0.07806535810232162,-0.015035366639494896,0.16406896710395813,-0.21570269763469696,0.12568305432796478,0.3224759101867676,-0.4058114290237427,0.15226894617080688,0.14338256418704987,-0.04257257282733917,0.09347499907016754,-4.5565246864498476e-07,-0.036811817437410355,-0.0002533614751882851,-1.223407366524043e-06,-5.775440854449698e-07,-2.4044606107054278e-05,-0.00037029574741609395,1.1974223852157593,-0.10321082919836044,0.007563020568341017,-4.154078851570375e-05,0.02708742953836918,0.0254397913813591,-0.004243969451636076,0.0062707108445465565,0.025726908817887306
89,0.0009251569281332195,0.007883980870246887,0.02155611477792263,0.025954056531190872,0.04391169920563698,0.04173070937395096,0.026767317205667496,0.017465608194470406,0.007938449271023273,0.0014466643333435059,-0.0023790167178958654,-0.0037668137811124325,-0.005061809439212084,-0.008453522808849812,-0.010429310612380505,-0.012350916862487793,-0.01323734037578106,-0.010948190465569496,-0.010248060338199139,0.003869199426844716,0.04205852374434471,0.1231134831905365,0.1367674469947815,0.15992245078086853,0.14861531555652618,0.05594340339303017,0.045384492725133896,0.018997110426425934,0.018657539039850235,0.03624875470995903,0.1257905811071396,0.17896351218223572,0.17956937849521637,0.1609838604927063,0.1498831957578659,0.12858442962169647,0.1190338134765625,0.07435478270053864,0.04522952437400818,0.0035753899719566107,-0.02379508502781391,-0.04670053347945213,-0.05269969254732132,-0.03794609010219574,-0.01683664321899414,0.034298207610845566,0.0834704339504242,0.11079883575439453,0.1590009480714798,0.10389439016580582,0.1572333127260208,0.08561868965625763,0.05702891945838928,0.040984489023685455,0.04598444700241089,0.03142910823225975,0.05854795500636101,0.059312619268894196,0.12665729224681854,0.18279191851615906,0.09377887099981308,0.13742715120315552,0.17079272866249084,0.04057426005601883,0.052432551980018616,0.11001355201005936,-0.061892129480838776,0.0025857507716864347,0.15954971313476562,0.010249190032482147,0.001928851124830544,0.05061008408665657,0.03410981222987175,0.15280582010746002,0.09119009971618652,0.09706269949674606,-0.05680389329791069,0.16553306579589844,0.06783237308263779,-0.0015901357401162386,-0.01667463406920433,0.0002499356050975621,-0.019367361441254616,-0.06949065625667572,-0.0924440324306488,0.20985253155231476,-0.08567088842391968,0.08038745075464249,-0.11571966111660004,0.29945820569992065,-0.09100542217493057,-0.02649388276040554,-0.21672366559505463,0.25635823607444763,0.3615601658821106,-0.13084684312343597,0.22737795114517212,-0.5267379283905029,0.07224372774362564,-0.17492802441120148,0.5460255742073059,-0.325316846370697,-0.16825394332408905,0.28836825489997864,-0.14610767364501953,-0.9257164597511292,0.8339575529098511,-0.060661666095256805,0.08435464650392532,-0.22529758512973785,0.19711612164974213,-0.11861071735620499,0.007412431295961142,-0.09313319623470306,-0.12228613346815109,-0.0857478529214859,0.3443852365016937,-0.8121338486671448,0.7197808623313904,-0.2683321237564087,-0.5210434794425964,-0.6445767879486084,-0.26955607533454895,0.6049395799636841,0.05465271323919296,0.1676369607448578,-0.2700824439525604,0.4893380403518677,-0.9924989342689514,0.11754050850868225,0.33397653698921204,-0.11262434720993042,-0.9862616658210754,2.007678985595703,-0.09828285127878189,-1.439355731010437,0.8738579750061035,-0.7007704973220825,-0.09717468917369843,0.6165930032730103,-0.18681491911411285,2.418287579075695e-07,-0.014186220243573189,-0.0003256227937527001,-3.3122882996394765e-06,8.807150493339577e-07,-2.545969073253218e-05,-0.000716778973583132,-5.281140327453613,0.2967926561832428,0.04890984296798706,-0.004633413162082434,-0.02048284374177456,0.03163721039891243,0.03991115838289261,0.05190477892756462,0.04359813407063484
90,0.005357704125344753,0.01788385957479477,0.018460562452673912,0.005199074279516935,-0.00120564887765795,-0.004567843861877918,-0.002898220205679536,-5.430592136690393e-05,0.0037887035869061947,0.008396349847316742,0.0062254355289042,0.0033421749249100685,0.0008947004098445177,-0.0026029618456959724,-0.002110707573592663,0.008515361696481705,0.03480019047856331,0.06360026448965073,0.10908318310976028,0.110481858253479,0.11812341213226318,0.09394185990095139,0.02595740742981434,-0.0030650135595351458,-0.019391264766454697,-0.0128799919039011,-0.011745821684598923,0.005395036656409502,0.035285912454128265,0.08351613581180573,0.22817586362361908,0.23519755899906158,0.1802937239408493,0.14072321355342865,0.13805529475212097,0.11936598271131516,0.10350552201271057,0.05720575153827667,0.060041192919015884,0.06543075293302536,0.08950681984424591,0.09674166142940521,0.06566808372735977,0.010698630474507809,-0.06325145810842514,-0.06534858793020248,-0.06194448098540306,-0.030565811321139336,-0.0007522610248997808,0.020920967683196068,0.06451445817947388,0.051735375076532364,0.04981642961502075,0.04577130079269409,0.0615798756480217,0.04093305394053459,0.08555161952972412,0.10375882685184479,0.17954230308532715,0.25295376777648926,0.14851514995098114,0.14599445462226868,0.19603657722473145,0.05319014936685562,0.11297394335269928,0.10034257173538208,-0.03525422140955925,0.008424689993262291,0.10318776965141296,0.01706549897789955,0.06347914040088654,0.15495234727859497,0.11092665791511536,0.3791457712650299,0.1089223325252533,0.08778795599937439,-0.032095033675432205,0.20305080711841583,0.08163949102163315,-0.008588312193751335,-0.031268104910850525,0.0021964670158922672,-0.013820048421621323,-0.03500870242714882,-0.03879384696483612,0.02877025306224823,-0.033367183059453964,-0.03420659154653549,-0.22921797633171082,0.3773724138736725,-0.12520942091941833,-0.13403476774692535,-0.4292587637901306,0.21945706009864807,0.26408788561820984,-0.17169995605945587,0.1327860951423645,-0.3369397819042206,0.05825740098953247,-0.09128760546445847,0.5095987319946289,-0.343659907579422,-0.2478637546300888,0.3597946763038635,-0.18113061785697937,-1.0672240257263184,0.8799967169761658,-0.11398360878229141,-0.0646740272641182,-0.2453925609588623,0.20228855311870575,-0.4171464145183563,0.23497091233730316,0.09188779443502426,-0.05178992077708244,-0.10128553211688995,0.29029542207717896,-0.9387617707252502,0.566589891910553,-0.308104932308197,-0.24629029631614685,-0.528905987739563,-0.08571299910545349,0.7934271693229675,0.2726176381111145,-0.09901711344718933,-0.4218229055404663,0.7951450943946838,-1.292582392692566,0.20382565259933472,0.34560197591781616,0.2233896553516388,-0.8966667056083679,1.016537070274353,-0.2132333666086197,-1.1706717014312744,1.7225545644760132,-0.441153347492218,-0.2882637679576874,0.15756425261497498,-0.0943211019039154,1.4724813013344829e-07,-0.02287784218788147,-0.00018356832151766866,-2.307234126419644e-06,4.605867331974878e-07,-1.7635753465583548e-05,-0.00036880315747112036,-4.304955959320068,0.30082541704177856,0.04818006604909897,-0.004395924508571625,-0.022788971662521362,0.028465554118156433,0.03312147408723831,0.05857611447572708,0.04573925957083702
91,-0.0014313694555312395,-0.004659275524318218,-0.005200982093811035,0.0016436135629191995,0.015525314956903458,0.025523124262690544,0.02572086825966835,0.024611474946141243,0.017922187224030495,0.009721655398607254,0.0005478537641465664,-0.003701084293425083,-0.00715335737913847,-0.011576518416404724,-0.014165976084768772,-0.017368745058774948,-0.019343648105859756,-0.018073199316859245,-0.025992801412940025,-0.02993404120206833,-0.03893057629466057,-0.051124557852745056,-0.035785309970378876,-0.037727151066064835,-0.0407499298453331,-0.02269834838807583,-0.03163790702819824,-0.021681195124983788,-0.025531655177474022,-0.028218338266015053,-0.05023994296789169,-0.04069143533706665,-0.022272968664765358,0.00042112008668482304,0.019662724807858467,0.040192507207393646,0.026888394728302956,-0.028007561340928078,-0.08219040185213089,-0.08419447392225266,-0.10092739015817642,-0.11579517275094986,-0.11932293325662613,-0.1146041601896286,-0.2090773582458496,-0.1409309357404709,-0.11374799907207489,-0.07332602143287659,-0.0539674274623394,-0.02323381043970585,-0.016470210626721382,-0.0033199330791831017,-0.0045316508039832115,-0.004702925216406584,-0.01476935762912035,-0.015448184683918953,-0.03761887922883034,-0.037673383951187134,-0.055231232196092606,-0.0850282832980156,-0.03912525624036789,-0.047128766775131226,-0.08188945800065994,-0.008631675504148006,-0.0354592390358448,-0.06982893496751785,0.03651176020503044,-0.019313529133796692,-0.11455093324184418,0.00920218974351883,-0.006133265793323517,-0.02771889977157116,-0.0587226003408432,-0.21281173825263977,-0.04475419595837593,-0.04305460304021835,0.05882709473371506,-0.0550544336438179,-0.02506224811077118,0.013700650073587894,-0.020690634846687317,0.012845358811318874,-0.028255756944417953,-0.004841519519686699,-0.0037362605798989534,-0.10543471574783325,0.022329675033688545,-0.08601029962301254,0.12252398580312729,-0.15004125237464905,0.021098613739013672,0.046301305294036865,0.17849332094192505,-0.08232419192790985,-0.1032743975520134,0.09241905063390732,-0.055419836193323135,0.254811555147171,0.004362129140645266,0.017779845744371414,-0.2212843894958496,0.12805677950382233,0.032876867800951004,-0.13716353476047516,-0.04440365731716156,0.24549642205238342,-0.20788966119289398,-0.08425754308700562,-0.0962708592414856,0.03841715678572655,-0.04654005542397499,0.23076680302619934,-0.11400453746318817,-0.029670350253582,0.0009535683784633875,0.09303607046604156,-0.23928558826446533,0.4099104106426239,-0.51424640417099,0.02464986778795719,0.006560361012816429,0.28530624508857727,-0.048470206558704376,-0.2167745679616928,-0.1972586065530777,0.05670755356550217,0.18359467387199402,-0.42330339550971985,0.6175664067268372,-0.04951997473835945,-0.15451665222644806,0.08081644028425217,0.23371554911136627,-0.33609485626220703,0.02514217048883438,0.3588521182537079,-0.4237830638885498,0.25510451197624207,0.16601140797138214,-0.11351703107357025,0.0556054450571537,-4.453738995380263e-07,0.01818932220339775,0.00047741265734657645,4.420354798639892e-06,-7.908841439530079e-07,1.5395704394904897e-05,0.0016282653668895364,2.962517261505127,-0.2718345522880554,-0.028863761574029922,0.007029455155134201,-0.02167864888906479,0.0454639308154583,-0.025311250239610672,-0.03861881047487259,-0.07416383922100067
92,-0.00137384666595608,-0.004414986819028854,-0.004195269662886858,0.00529863778501749,0.024566752836108208,0.0365494079887867,0.03198619559407234,0.02411073073744774,0.01176132820546627,0.0011752283899113536,-0.004330729134380817,-0.005749352741986513,-0.008099532686173916,-0.01155331265181303,-0.01391113642603159,-0.016997436061501503,-0.018671872094273567,-0.016926495358347893,-0.023532548919320107,-0.02833937481045723,-0.0367242656648159,-0.04865836724638939,-0.03458814322948456,-0.03660587593913078,-0.03948960080742836,-0.022052105516195297,-0.030619755387306213,-0.020822079852223396,-0.023042717948555946,-0.02320406772196293,-0.029842441901564598,-0.012423239648342133,0.0018352398183196783,0.006780363619327545,-0.005371855106204748,-0.037958212196826935,-0.0950852558016777,-0.12625697255134583,-0.1335611492395401,-0.09598938375711441,-0.10196425765752792,-0.11196274310350418,-0.1149977520108223,-0.10800439864397049,-0.19920870661735535,-0.12954169511795044,-0.11018986254930496,-0.07039344310760498,-0.045686591416597366,-0.007811922580003738,0.023819930851459503,0.027451708912849426,0.007437701802700758,-0.007299571298062801,-0.032013457268476486,-0.02430226095020771,-0.05060449615120888,-0.03919302672147751,-0.05128871649503708,-0.07508920133113861,-0.028111517429351807,-0.042938850820064545,-0.07399800419807434,1.2372092896839604e-05,-0.03149711340665817,-0.06417266279459,0.038641802966594696,-0.008696850389242172,-0.08644912391901016,-0.000791513710282743,-0.005701499525457621,-0.017417490482330322,-0.01304146833717823,-0.10203394293785095,-0.009784008376300335,-0.004010929260402918,0.055501941591501236,-0.025559473782777786,-0.009340035729110241,-8.772826549829915e-05,-0.030862808227539062,0.023363040760159492,-0.017085270956158638,0.016120150685310364,0.026412244886159897,-0.103997141122818,0.03750045225024223,-0.06728162616491318,0.1363142877817154,-0.13877129554748535,0.025464853271842003,0.050089895725250244,0.17872023582458496,-0.05869884416460991,-0.07297398895025253,0.08168928325176239,-0.057549044489860535,0.22345343232154846,0.009699655696749687,0.029299501329660416,-0.23956523835659027,0.1358836442232132,0.052541546523571014,-0.12347692996263504,-0.041270673274993896,0.19245213270187378,-0.21645264327526093,-0.04611378163099289,-0.08912168443202972,0.21362560987472534,-0.21109835803508759,0.2127929925918579,-0.22440892457962036,-0.04767030104994774,0.04127199947834015,0.08308074623346329,-0.2296905368566513,0.44778501987457275,-0.4970298707485199,0.04008994251489639,0.01633109152317047,0.2753850221633911,-0.028657440096139908,-0.17423614859580994,-0.10870741307735443,0.04335598275065422,0.16155095398426056,-0.4301447570323944,0.5908588767051697,-0.08899497985839844,-0.15790525078773499,0.034106578677892685,0.23145520687103271,-0.3717287480831146,0.11295537650585175,0.41235387325286865,-0.44938164949417114,0.23864635825157166,0.15686170756816864,-0.0521201454102993,0.05203576758503914,-7.342883350247575e-07,0.015639660879969597,8.831100421957672e-05,2.963830183944083e-06,-1.7258763591598836e-06,-1.7897653378895484e-05,0.0003808695182669908,2.148131847381592,-0.2794124186038971,-0.04814613610506058,0.00767950713634491,-0.018571913242340088,-0.0328872986137867,-0.02737143635749817,-0.05708203837275505,-0.044470250606536865
93,-0.0011554021621122956,-0.004953140392899513,-0.009165219031274319,-0.009953515604138374,-0.011248474940657616,-0.009620421566069126,-0.007164524868130684,-0.006085835862904787,-0.005955992266535759,-0.00628912216052413,-0.005055850371718407,-0.004945436026901007,-0.005385916214436293,-0.006630062125623226,-0.0029542564880102873,0.011190230958163738,0.04103773087263107,0.06667076051235199,0.1606508195400238,0.18027935922145844,0.22383980453014374,0.22692015767097473,0.09456496685743332,0.058263201266527176,0.012345345690846443,-0.0070458827540278435,-0.01717754825949669,-0.013575388118624687,-0.018991410732269287,-0.02176629938185215,-0.04243258386850357,-0.04030325263738632,-0.04252556711435318,-0.045110538601875305,-0.05071635916829109,-0.07489274442195892,-0.10608915239572525,-0.10721539705991745,-0.10150549560785294,-0.07531695812940598,-0.07582472264766693,-0.08473718911409378,-0.08184373378753662,-0.07922395318746567,-0.15041464567184448,-0.08708695322275162,-0.05062519758939743,0.016861099749803543,0.10159745812416077,0.1475612074136734,0.24669604003429413,0.1812949776649475,0.12788112461566925,0.08858368545770645,0.03988388180732727,-0.006260200869292021,-0.03369273617863655,-0.031677182763814926,-0.044046249240636826,-0.07173094153404236,-0.029051996767520905,-0.05076977238059044,-0.05123981833457947,0.0017006578855216503,-0.03298718482255936,-0.05069496110081673,0.029841845855116844,0.0066231791861355305,-0.08769380301237106,0.013514908030629158,0.009563502855598927,-0.00404031528159976,-0.058521371334791183,-0.11286097764968872,0.004057484678924084,0.028407176956534386,-0.036352548748254776,0.5267642736434937,0.3665318191051483,0.03953060880303383,-0.17861507833003998,0.15255114436149597,-0.2501356601715088,-0.23345832526683807,-0.10581480711698532,-0.015838371589779854,0.004338729195296764,-0.026174670085310936,0.11468402296304703,-0.054534099996089935,0.028156841173768044,0.04805092513561249,0.14755095541477203,-0.08279873430728912,-0.01902865432202816,0.1196846067905426,0.015482851304113865,0.21158550679683685,0.05413330718874931,-0.018646618351340294,-0.19460362195968628,0.05052972212433815,0.06873747706413269,-0.09286240488290787,0.007697416469454765,0.12823231518268585,-0.027456721290946007,-0.13320718705654144,0.5825930833816528,-0.4044630825519562,0.36893990635871887,-0.7924306392669678,0.1373586505651474,0.1447172462940216,-0.199431374669075,-0.0005574164097197354,-0.17106255888938904,0.15203799307346344,-0.2152589112520218,-0.04486546665430069,-0.057344645261764526,0.23772504925727844,-0.03250628337264061,-0.09784824401140213,-0.04130840674042702,0.039569251239299774,0.14983685314655304,-0.24755516648292542,0.4546777606010437,-0.06469821184873581,-0.15457773208618164,0.01565578021109104,0.22773228585720062,0.018220599740743637,0.1482573002576828,-0.41329771280288696,0.9170578122138977,-1.445969820022583,-1.208930492401123,0.21806494891643524,-1.6215510368347168,-9.216589802463204e-08,0.011802851222455502,-1.3316081094671972e-05,4.033191544294823e-06,1.1170999414389371e-07,-1.884232733573299e-05,-0.0004899302148260176,-0.24574312567710876,0.21469707787036896,0.06934911012649536,-0.002102542668581009,0.015270216390490532,0.028662867844104767,0.0914948359131813,0.06476722657680511,0.06905291229486465
94,-0.001003831042908132,-0.005139367189258337,-0.009112194180488586,-0.007410095538944006,-0.0007129302248358727,0.008217159658670425,0.010507959872484207,0.008633964695036411,0.003614117158576846,-0.002376130549237132,-0.005154488608241081,-0.005811805371195078,-0.00818629004061222,-0.0115257129073143,-0.013661296106874943,-0.01713223196566105,-0.018397748470306396,-0.015860944986343384,-0.018353141844272614,-0.013433953747153282,-0.0010453811846673489,0.02791924774646759,0.035804037004709244,0.03975054249167442,0.023059677332639694,-0.001168812275864184,-0.016698505729436874,-0.018358735367655754,-0.024633416905999184,-0.030020693317055702,-0.05547993630170822,-0.050315774977207184,-0.039551690220832825,-0.03113473393023014,-0.026171738281846046,-0.029004139825701714,-0.039019010961055756,-0.050491876900196075,-0.06936277449131012,-0.06968503445386887,-0.084235280752182,-0.10061196982860565,-0.11564334481954575,-0.10671313107013702,-0.19730839133262634,-0.12270806729793549,-0.103143610060215,-0.058569155633449554,-0.038446392863988876,-0.01167848240584135,0.005948550533503294,0.02071501687169075,0.03083622083067894,0.03306598588824272,0.03356185927987099,-0.0010946575785055757,-0.01803448051214218,-0.02624533884227276,-0.03924080356955528,-0.06628862023353577,-0.01863703690469265,-0.03854360058903694,-0.06352496892213821,-0.0024856377858668566,-0.021231789141893387,-0.02587006613612175,0.012154004536569118,-0.010989353992044926,-0.07925429940223694,0.0014307291712611914,-0.0007542592356912792,-0.040678586810827255,-0.040690865367650986,-0.17349141836166382,-0.020753957331180573,0.0015774279600009322,0.06159596145153046,-0.037831228226423264,-0.015640726312994957,0.007498173974454403,-0.023526636883616447,0.015908081084489822,-0.039858266711235046,-0.05324671044945717,-0.07784682512283325,0.004272859543561935,-0.004997781943529844,-0.03307640552520752,0.08463817834854126,-0.12763378024101257,0.024539541453123093,0.04436894506216049,0.14781951904296875,-0.08256235718727112,-0.07221121340990067,0.049584195017814636,-0.04283052682876587,-0.009965364821255207,-0.060604266822338104,-0.04524992033839226,-0.13416258990764618,0.08916720747947693,0.03016689419746399,-0.0875379890203476,-0.011328814551234245,0.3094366490840912,-0.2498982697725296,0.06092071905732155,-0.10454348474740982,0.3150207996368408,-0.2385178506374359,0.2226983606815338,-0.14196595549583435,0.009038889780640602,0.02819119021296501,0.0395258404314518,-0.17213226854801178,0.1979975402355194,-0.29270046949386597,0.12365435063838959,0.05964510142803192,0.22609758377075195,-0.020162729546427727,-0.19331981241703033,-0.06114809960126877,0.0015206991229206324,0.17878000438213348,-0.1551351398229599,0.21387091279029846,-0.08391931653022766,0.07601658254861832,-0.01854485459625721,0.15115834772586823,-0.2073788046836853,0.12611959874629974,0.33909544348716736,-0.4098888337612152,0.1751950979232788,0.16616149246692657,-0.030939629301428795,0.07937618345022202,-6.191536385813379e-07,-0.02328670211136341,-0.00039506424218416214,-1.117235115088988e-06,-7.204258167803346e-07,-2.9661357984878123e-05,-0.0006916325073689222,1.096665620803833,-0.10884194821119308,0.013428278267383575,0.003174473298713565,-0.01690635271370411,0.03394082188606262,0.012827123515307903,0.016382748261094093,0.033606309443712234
95,-0.0010164096020162106,-0.0059022800996899605,-0.01137152872979641,-0.012570804916322231,-0.01585927978157997,-0.013579629361629486,-0.009774378500878811,-0.00841385219246149,-0.007639351300895214,-0.008807352744042873,-0.006537608802318573,-0.00590854324400425,-0.007650521118193865,-0.011512229219079018,-0.014118537306785583,-0.017505822703242302,-0.018837321549654007,-0.017713181674480438,-0.02500300109386444,-0.026316571980714798,-0.030116461217403412,-0.023716889321804047,0.002276152838021517,0.027862809598445892,0.04369455948472023,0.02149195410311222,0.01516372337937355,-0.003155819373205304,-0.015561177395284176,-0.02538764849305153,-0.055389948189258575,-0.056238796561956406,-0.053211431950330734,-0.05497003719210625,-0.0678572803735733,-0.10046643763780594,-0.14403791725635529,-0.1370532363653183,-0.12925152480602264,-0.09468270093202591,-0.10045726597309113,-0.10995890945196152,-0.1128639280796051,-0.1055038571357727,-0.1807217001914978,-0.1007554829120636,-0.07747325301170349,-0.048993151634931564,-0.04844357445836067,-0.041681721806526184,-0.07388259470462799,-0.05248627811670303,-0.046695876866579056,-0.03306812047958374,-0.03148944303393364,-0.010163623839616776,-0.008483560755848885,-0.009641174226999283,-0.02063952386379242,-0.03070729970932007,-0.01315911766141653,-0.02034764736890793,-0.03700364753603935,-0.005779108963906765,-0.02373238280415535,-0.03655494377017021,0.01946254074573517,-0.01384401973336935,-0.04395719990134239,-0.0224611833691597,-0.01934223808348179,0.00833411980420351,0.027856100350618362,0.113706074655056,0.033112771809101105,0.007606817875057459,0.003046023892238736,-0.03583870828151703,-0.037468843162059784,0.018311822786927223,-0.010982352308928967,-0.0029413970187306404,-0.030689850449562073,-0.02567243203520775,-0.04052184522151947,0.013306643813848495,-0.0078076994977891445,-0.00915105827152729,0.00853741355240345,-0.08654220402240753,-0.008567189797759056,0.01890069805085659,0.06842035800218582,-0.074821837246418,-0.08701016753911972,0.11375542730093002,-0.07804089784622192,0.4038684368133545,0.008098394609987736,0.09370683878660202,-0.30488863587379456,0.16757327318191528,0.08594417572021484,-0.0995357483625412,0.010592961683869362,0.3226900100708008,-0.31448894739151,0.06583824008703232,-0.1423446387052536,0.27689772844314575,-0.2970646917819977,0.24445000290870667,-0.13283467292785645,0.014019181951880455,-0.034512389451265335,-0.010330849327147007,-0.07611790299415588,0.10733748972415924,-0.23581397533416748,0.07470223307609558,0.02995033748447895,0.15731827914714813,-0.04866409674286842,-0.1259395182132721,-0.03475445508956909,-0.029047558084130287,0.16899316012859344,-0.1579209268093109,0.20801272988319397,-0.0521378368139267,0.13918550312519073,-0.06834966689348221,0.01810978539288044,0.16377145051956177,0.09926895797252655,-0.0019566158298403025,-0.15382902324199677,0.0144550995901227,0.13986700773239136,-0.01865442283451557,0.06419737637042999,-3.985852004007029e-08,-0.0007390737300738692,-0.00019729264022316784,-5.463433581098798e-07,1.167909147170576e-07,-2.6050493033835664e-05,-0.0002837056526914239,0.4444550573825836,0.006496024318039417,0.037331413477659225,-0.0014710582327097654,0.04110519587993622,0.04078325629234314,0.03976893797516823,-0.005963447038084269,0.05511784926056862
96,-0.0009761878172867,-0.005717147141695023,-0.009921898134052753,-0.012893727980554104,-0.014883548021316528,-0.013147209770977497,-0.009352215565741062,-0.008016022853553295,-0.007260583341121674,-0.00825430080294609,-0.0068990993313491344,-0.005822617560625076,-0.007778281345963478,-0.011350871063768864,-0.012822517193853855,-0.01507414598017931,-0.013951617293059826,-0.007695585954934359,-0.0023662287276238203,0.009881723672151566,0.03604596108198166,0.09655385464429855,0.10689632594585419,0.13104340434074402,0.1229231208562851,0.046363357454538345,0.022633830085396767,-0.005184093024581671,-0.01866312511265278,-0.02840271405875683,-0.056635260581970215,-0.057504791766405106,-0.051555339246988297,-0.0570865124464035,-0.0670175552368164,-0.10132931917905807,-0.1345626413822174,-0.11455930769443512,-0.09601830691099167,-0.06152399629354477,-0.05863594636321068,-0.0702362135052681,-0.08815278857946396,-0.09205663204193115,-0.18369798362255096,-0.128850057721138,-0.11406264454126358,-0.08485514670610428,-0.07242108136415482,-0.04016683250665665,-0.022909479215741158,0.025963211432099342,0.07590658962726593,0.07779743522405624,0.10005736351013184,0.029478201642632484,0.0038457317277789116,-0.01850808970630169,-0.032000623643398285,-0.03499215096235275,-0.011063623242080212,-0.0117674944922328,-0.005500444211065769,-0.010578606277704239,-0.013018281199038029,-0.025316258892416954,0.03428006172180176,-0.006074840668588877,-0.1155266985297203,0.0174639280885458,-0.026512259617447853,-0.06086987257003784,-0.03955373167991638,-0.17760440707206726,-0.012315909378230572,-0.006801452487707138,0.061450570821762085,-0.043201133608818054,-0.03943989798426628,0.02115805260837078,-0.0028846997302025557,0.005234719254076481,-0.04299391806125641,-0.06606273353099823,-0.19334129989147186,0.1822684407234192,-0.13110430538654327,0.034125082194805145,-0.11975087970495224,-0.05283229798078537,-0.017849327996373177,0.001231607049703598,0.02293482981622219,-0.03525950014591217,-0.04163636639714241,0.04142693430185318,-0.045840661972761154,0.2563321590423584,-0.001184468506835401,0.0137172294780612,-0.22257505357265472,0.13140660524368286,0.015753714367747307,-0.09484037011861801,0.011881048791110516,0.2455155849456787,-0.27702635526657104,0.09719321131706238,-0.05824738368391991,0.41439536213874817,-0.43707212805747986,0.2789496183395386,-0.21428939700126648,0.024143973365426064,0.04725252836942673,0.009843754582107067,0.0016226335428655148,-0.2189698964357376,-0.08306461572647095,0.06907576322555542,0.045362308621406555,0.12240909039974213,-0.04397301375865936,0.13157278299331665,0.05224327743053436,-0.2728918194770813,-0.044434841722249985,0.16497671604156494,0.12358880043029785,-0.04870109260082245,0.010976782068610191,0.019355349242687225,0.1936267465353012,-0.15456213057041168,0.13254784047603607,0.21895447373390198,-0.34948617219924927,0.12843717634677887,0.10091432183980942,0.006732211913913488,0.09758534282445908,-1.3271214527321717e-07,-0.018999241292476654,0.00011801320215454325,1.5225604954594019e-07,-3.32506999711768e-07,-9.251849064639828e-08,0.0005091681960038841,0.6173548102378845,-0.007084041368216276,0.017870472744107246,-0.002417141804471612,0.026066524907946587,0.02348838746547699,0.01992488093674183,-0.01606922224164009,0.013212964870035648
97,-0.0009696133784018457,-0.0057302964851260185,-0.010273232124745846,-0.012855208478868008,-0.015262708999216557,-0.013621537946164608,-0.009756792336702347,-0.008396978490054607,-0.007357569877058268,-0.008567512035369873,-0.0070639303885400295,-0.006128683686256409,-0.008233820088207722,-0.011479335837066174,-0.013164565898478031,-0.015246693976223469,-0.013363497331738472,-0.0057775722816586494,0.0042442684061825275,0.023271486163139343,0.05427350103855133,0.10860493779182434,0.09087049961090088,0.08209716528654099,0.06068256124854088,0.017937269061803818,0.009170669130980968,0.0027169762179255486,0.002427666913717985,-0.0007958566420711577,-0.017910007387399673,-0.0364874042570591,-0.04430880397558212,-0.05393792688846588,-0.06725942343473434,-0.10060427337884903,-0.13684046268463135,-0.11554212123155594,-0.09761262685060501,-0.062285419553518295,-0.0580451637506485,-0.07035945355892181,-0.08868256211280823,-0.09350723028182983,-0.18715666234493256,-0.12924589216709137,-0.11467137932777405,-0.08568081259727478,-0.07946894317865372,-0.05487659201025963,-0.08223371207714081,-0.041262030601501465,-0.022653622552752495,0.004734971094876528,0.034075960516929626,0.0285501666367054,0.05312458798289299,0.04238315299153328,0.02642233297228813,0.0273504126816988,-0.0002995338581968099,0.00016196549404412508,-0.009649459272623062,-0.007432903628796339,-0.01944781467318535,-0.039284784346818924,0.029950741678476334,-0.011626467108726501,-0.10814853012561798,0.01303230319172144,-0.021113071590662003,-0.05727411434054375,-0.04841386526823044,-0.1959959715604782,-0.02947206236422062,-0.025941642001271248,0.07548414915800095,-0.05514095351099968,-0.028968695551156998,0.006406633649021387,-0.02518162690103054,0.006890075746923685,-0.05350746959447861,-0.08014393597841263,-0.12559427320957184,0.07113666832447052,-0.048688456416130066,-0.011540348641574383,-0.05099357292056084,-0.06977090239524841,-0.013361514545977116,0.01567932218313217,0.048504386097192764,-0.06724806874990463,-0.053945254534482956,0.029859347268939018,-0.042468760162591934,0.05066341534256935,-0.03949887305498123,-0.023951247334480286,-0.11611266434192657,0.0610276497900486,0.0008009354933165014,-0.09277211129665375,0.02608499489724636,0.3355437219142914,-0.29995331168174744,0.12328553199768066,-0.09396053850650787,0.38681843876838684,-0.4492691457271576,0.2891150712966919,-0.25405335426330566,-0.008456319570541382,0.0930403470993042,0.12087345123291016,-0.20231175422668457,0.1126081719994545,-0.15863136947155,0.03623737767338753,0.006390573922544718,-0.027515539899468422,-0.04562382772564888,0.10943201929330826,0.13505063951015472,-0.09680362045764923,0.09207852929830551,0.06030985340476036,0.1294744908809662,-0.04297196865081787,0.043497733771800995,0.03075076825916767,0.14221391081809998,-0.1455771028995514,0.13970084488391876,0.20290786027908325,-0.3409762680530548,0.10816503316164017,0.12485075742006302,-0.016789479181170464,0.10869522392749786,-1.904709421296502e-07,-0.027051011100411415,-0.0002634578850120306,-1.8773577039610245e-06,-2.409122714652767e-07,-2.3707807486061938e-05,-0.0005176925915293396,0.6697765588760376,-0.017524274066090584,0.028463341295719147,-0.0011610276997089386,0.02666105329990387,0.039475250989198685,0.03723304346203804,0.023157652467489243,0.021588250994682312
98,0.0011006633285433054,0.008249125443398952,0.018498877063393593,0.01933126524090767,0.034158769994974136,0.040189217776060104,0.04002157971262932,0.045898307114839554,0.04135391488671303,0.039651017636060715,0.016143331304192543,0.005068733356893063,-0.0006246254779398441,-0.005646008066833019,-0.006425313651561737,-0.0013477539177984,0.012497840449213982,0.02907494083046913,0.051359765231609344,0.060196489095687866,0.06977995485067368,0.09014876931905746,0.06732981652021408,0.0772087424993515,0.07939961552619934,0.03991273418068886,0.04657832905650139,0.028102127835154533,0.02421065792441368,0.01970534585416317,0.028457341715693474,0.031087709590792656,0.03915399685502052,0.047797828912734985,0.06634961813688278,0.07297945767641068,0.08214137703180313,0.0540950633585453,0.046867042779922485,0.02900649420917034,0.02004951983690262,0.015130400657653809,0.014687791466712952,0.022846246138215065,0.06799834966659546,0.061127062886953354,0.07300738245248795,0.08118008822202682,0.13654103875160217,0.12751279771327972,0.27927902340888977,0.21519611775875092,0.2328314632177353,0.21879112720489502,0.3079071044921875,0.16605868935585022,0.1808069497346878,0.08742818981409073,0.06232503801584244,0.06154467165470123,0.029309159144759178,0.06891101598739624,0.12081089615821838,0.04926300793886185,0.08927442133426666,0.14294657111167908,-0.11770769208669662,0.02702324651181698,0.17313474416732788,0.0013142058160156012,0.040647897869348526,0.1060529351234436,0.07119737565517426,0.17548033595085144,0.06293980777263641,0.052899088710546494,-0.04855617508292198,0.16249853372573853,0.08638490736484528,-0.008627891540527344,-0.041252199560403824,0.02329855225980282,-0.049128156155347824,-0.15028811991214752,-0.1461048722267151,0.3299139440059662,-0.11039531230926514,0.04214290902018547,-0.12648601830005646,0.09174048900604248,-0.015395066700875759,-0.03799644485116005,-0.22658661007881165,0.12793025374412537,0.24480129778385162,-0.15894125401973724,0.14588166773319244,-0.6917601227760315,0.04539850726723671,-0.1873999387025833,0.5807386636734009,-0.3269696831703186,-0.26332250237464905,0.20310533046722412,-0.087552510201931,-0.5437800288200378,0.5971091389656067,-0.1494194120168686,0.01588093303143978,-0.3019986152648926,0.37282347679138184,-0.4618973135948181,0.2470514178276062,0.00809431727975607,0.07998011261224747,-0.16207049787044525,0.6449456810951233,-0.9425544142723083,0.6864216327667236,-0.3677300810813904,-0.3369596600532532,-0.5797197818756104,0.0755000039935112,0.6478937864303589,0.5074284076690674,0.2227567583322525,-0.4547092020511627,0.8417319059371948,-1.2179006338119507,0.1360502690076828,0.15303727984428406,0.10827947407960892,-0.5039029717445374,1.0785763263702393,-0.2029494345188141,-1.116775631904602,0.9735856056213379,-0.4807707369327545,-0.22656714916229248,0.30730152130126953,-0.23944099247455597,2.1081686440993508e-07,-0.02803802117705345,-0.00031889104866422713,-3.504141659504967e-06,8.619077220828331e-07,-2.5267941964557394e-05,-0.0006944851484149694,-5.278656482696533,0.29509392380714417,0.043629541993141174,-0.004467836581170559,-0.01942441798746586,0.030906980857253075,0.038864169269800186,0.05781034007668495,0.03940209001302719
99,-0.0011782825458794832,-0.005821883212774992,-0.012364724650979042,-0.016700582578778267,-0.01906254142522812,-0.015362430363893509,-0.009822825901210308,-0.00588690210133791,0.00014073436614125967,0.007354696746915579,0.01064315252006054,0.009287772700190544,0.007598276250064373,0.0008556565153412521,-0.006875702179968357,-0.014456797391176224,-0.018187524750828743,-0.017497874796390533,-0.024089571088552475,-0.02871968038380146,-0.0371144562959671,-0.04936900734901428,-0.03463605046272278,-0.036865439265966415,-0.03893951699137688,-0.020207982510328293,-0.02363494038581848,-0.011636996641755104,-0.006466329097747803,-0.003944301977753639,-0.012168483808636665,-0.027486741542816162,-0.03830789402127266,-0.0469060093164444,-0.05607382580637932,-0.08015710115432739,-0.09789302200078964,-0.08952558040618896,-0.0872424989938736,-0.07292311638593674,-0.08303961157798767,-0.0927138701081276,-0.08278544247150421,-0.05041912943124771,-0.03129514679312706,0.0037308454047888517,0.0052590989507734776,-0.01081304531544447,-0.03340801224112511,-0.04028163105249405,-0.06936762481927872,-0.04328551143407822,-0.03164086863398552,-0.024204203858971596,-0.035623546689748764,-0.021003544330596924,-0.04324399307370186,-0.03483373671770096,-0.04443805292248726,-0.05956961587071419,-0.014982017688453197,-0.028238650411367416,-0.047441232949495316,0.000125842125271447,-0.023762501776218414,-0.04634616896510124,0.04387198016047478,0.0005904911668039858,-0.09051857143640518,0.016703667119145393,0.006188144441694021,-0.01701219566166401,-0.02934846468269825,-0.15832248330116272,-0.024089377373456955,-0.0015521743334829807,0.08398575335741043,-0.026250578463077545,-0.008742295205593109,0.005803779233247042,-0.026500776410102844,0.027655107900500298,-0.017235005274415016,0.013153878971934319,0.019069373607635498,-0.07428028434515,0.028636770322918892,-0.03153757005929947,0.04885401204228401,-0.11760711669921875,0.01853516884148121,0.041235536336898804,0.1382681429386139,-0.07519164681434631,-0.062231846153736115,0.06231830269098282,-0.05155068635940552,0.15156789124011993,-0.01637212559580803,0.023998985067009926,-0.24975264072418213,0.14838913083076477,0.07744879275560379,-0.09776093065738678,-0.020683862268924713,0.33191484212875366,-0.2166198343038559,0.11493603885173798,-0.13493357598781586,0.34907928109169006,-0.36542198061943054,0.2050953507423401,-0.2003081887960434,-0.005091359373182058,0.07495220750570297,0.09946140646934509,-0.19966623187065125,0.41830575466156006,-0.4092899560928345,0.10246194899082184,0.026891719549894333,0.23017901182174683,-0.04704391956329346,-0.15937694907188416,-0.06903914362192154,0.02093977853655815,0.1898971050977707,-0.32127121090888977,0.511858344078064,-0.0744866356253624,-0.007046903949230909,0.0035708865616470575,0.17118149995803833,-0.2762948274612427,0.14152473211288452,0.3622027039527893,-0.42131900787353516,0.15002581477165222,0.19483427703380585,-0.06590812653303146,0.06527761369943619,-4.3429764673419413e-07,-0.015344297513365746,0.0002885261201299727,-1.828256586122734e-07,1.0939223784589558e-06,1.9739256458706222e-05,0.0008792835869826376,2.0185587406158447,-0.2630857825279236,0.010963967069983482,0.013240188360214233,-0.001903001801110804,0.0392892062664032,0.011902747675776482,-0.010262619704008102,0.050495803356170654
100,-0.000972461886703968,-0.0057953130453825,-0.010800406336784363,-0.012456918135285378,-0.015200459398329258,-0.013122966513037682,-0.009471861645579338,-0.007982460781931877,-0.0073578148148953915,-0.008578925393521786,-0.006570141296833754,-0.005890506785362959,-0.007755341473966837,-0.011504708789288998,-0.014105822890996933,-0.01731119491159916,-0.018784422427415848,-0.01741468347609043,-0.022172773256897926,-0.020503444597125053,-0.017659880220890045,-0.007136623840779066,0.0044109271839261055,0.009034531190991402,0.007136924657970667,0.003266466548666358,0.005210256204009056,0.0023508956655859947,-0.0033896733075380325,-0.014584241434931755,-0.044121719896793365,-0.052622903138399124,-0.051189981400966644,-0.05560814216732979,-0.0669863298535347,-0.0994829386472702,-0.14078830182552338,-0.13211829960346222,-0.12783192098140717,-0.09389147907495499,-0.09705019742250443,-0.1092372015118599,-0.11083488166332245,-0.10275004804134369,-0.16865167021751404,-0.09652295708656311,-0.07501500099897385,-0.050414472818374634,-0.05263206362724304,-0.04368202015757561,-0.07432238012552261,-0.04786400869488716,-0.040056828409433365,-0.024094924330711365,-0.02214418351650238,-0.010020365938544273,-0.015205510891973972,-0.014603682793676853,-0.022276485338807106,-0.022115614265203476,-0.005661786533892155,0.0011815913021564484,0.006115972995758057,-0.007644992787390947,-0.0014908084413036704,-0.0071790278889238834,0.0012433453230187297,-0.014197164215147495,-0.06470055133104324,-0.004312874283641577,-0.00811245758086443,-0.01614830642938614,-0.006058037281036377,-0.027927732095122337,0.011338792741298676,0.0020027724094688892,-0.008000602945685387,0.009555356577038765,0.013492030091583729,-0.015534604899585247,-0.027537178248167038,0.0375029481947422,-0.037316855043172836,-0.04592955484986305,-0.05810469388961792,-0.020205816254019737,0.009623032063245773,-0.02880820818245411,0.05346434563398361,-0.1123657301068306,0.0013463362120091915,0.036988262087106705,0.10665018111467361,-0.0958302840590477,-0.08276604115962982,0.11630931496620178,-0.053721945732831955,0.3848475515842438,-0.0025039887987077236,0.05423276871442795,-0.2745358645915985,0.17962738871574402,0.06305673718452454,-0.10681962221860886,0.02663641795516014,0.29199913144111633,-0.2677660882472992,0.037184782326221466,-0.09967484325170517,0.24582965672016144,-0.24318942427635193,0.2919383645057678,-0.15022899210453033,-0.027810702100396156,0.012887413613498211,0.06066887825727463,-0.17194516956806183,0.20917467772960663,-0.2409878522157669,0.06560000777244568,0.029856398701667786,0.049924250692129135,-0.022979073226451874,0.006890203338116407,0.06209901347756386,-0.040226049721241,0.1214904934167862,-0.006003392394632101,0.09500753879547119,-0.052654530853033066,0.06720434129238129,0.020363837480545044,0.10797575861215591,0.009144818410277367,0.12365950644016266,0.1041717603802681,-0.2513927221298218,0.03776226192712784,0.15311382710933685,-0.04984447360038757,0.07009398937225342,-2.6984467993429462e-08,-0.009194383397698402,-0.00033644167706370354,-2.1743294382758904e-06,2.304350914528186e-07,-2.90639691229444e-05,-0.0006468641804531217,0.3105722665786743,0.015732616186141968,0.040787842124700546,-0.002683541039004922,0.03383702039718628,0.03850913420319557,0.04646387696266174,0.010302470065653324,0.04703521355986595
101,-0.001166167901828885,-0.005098721478134394,-0.009847503155469894,-0.010472872294485569,-0.012979026883840561,-0.010210792534053326,-0.007962015457451344,-0.0069488645531237125,-0.00639952439814806,-0.007125243544578552,-0.005452780984342098,-0.005280601792037487,-0.006234642583876848,-0.008271591737866402,-0.005787452682852745,0.007999982684850693,0.04096340015530586,0.07497720420360565,0.1632603108882904,0.19897399842739105,0.25087684392929077,0.24320246279239655,0.0936192199587822,0.054514579474925995,0.023304838687181473,0.003172909840941429,-0.002901690313592553,-0.007136056665331125,-0.014655616134405136,-0.020340057089924812,-0.044494207948446274,-0.04594939202070236,-0.04575816169381142,-0.04973263666033745,-0.05643637850880623,-0.08571156114339828,-0.11868974566459656,-0.11751766502857208,-0.11122393608093262,-0.0832735225558281,-0.08772896975278854,-0.09414619952440262,-0.09406773746013641,-0.08971866220235825,-0.17490054666996002,-0.1092853918671608,-0.09372379630804062,-0.05271488055586815,-0.004936716053634882,0.06135070323944092,0.1873496174812317,0.20951202511787415,0.2163132280111313,0.1737920492887497,0.13226306438446045,0.020789602771401405,-0.015506802126765251,-0.027275200933218002,-0.04888910427689552,-0.06858942657709122,-0.029323363676667213,-0.04966184124350548,-0.056972481310367584,0.0016943293157964945,-0.023959368467330933,-0.029883060604333878,0.049507830291986465,0.010665982961654663,-0.07029631733894348,0.020546486601233482,0.0025985422544181347,-0.009195524267852306,-0.06409402191638947,-0.1326553225517273,-0.0029033231548964977,0.02126978151500225,-0.0637681633234024,0.4246058464050293,0.33983877301216125,0.053109362721443176,-0.23804397881031036,0.28919315338134766,-0.05520918592810631,-0.15997682511806488,-0.11694896966218948,0.08135628700256348,-0.03562154993414879,-0.013017679564654827,0.06891551613807678,-0.06796596944332123,0.03141194209456444,0.03641273453831673,0.1217031329870224,-0.0743650570511818,-0.03932520002126694,0.15177227556705475,0.004263564012944698,0.2650551497936249,0.0649130791425705,0.029879314824938774,-0.20768508315086365,0.07276546210050583,0.11574734002351761,-0.11650541424751282,0.027196528390049934,0.30310648679733276,-0.2858318090438843,0.0035674632526934147,0.07485153526067734,-0.2743558883666992,0.5671597123146057,-1.0312068462371826,0.23542693257331848,0.22627830505371094,-0.41830912232398987,-0.08201134204864502,0.014740646816790104,0.06575990468263626,-0.15437765419483185,-0.01814877800643444,-0.08830660581588745,0.24424952268600464,-0.06818654388189316,-0.11879866570234299,-0.09565891325473785,0.02551763691008091,0.10999829322099686,-0.26740992069244385,0.4651562571525574,-0.017026182264089584,-0.1407618373632431,-0.043854713439941406,0.2342124581336975,-0.07400798052549362,0.09051378071308136,-0.21718890964984894,0.8501986265182495,-1.3638648986816406,-1.142503261566162,-0.1731453686952591,-0.9233836531639099,-8.892325809028989e-08,0.008887986652553082,-0.0003770000475924462,-1.2835586176151992e-06,1.786153234206722e-07,-2.7687110559782013e-05,-0.0007468617986887693,-0.28702589869499207,0.18200044333934784,0.05923914164304733,-0.0003518650191836059,0.01803576387465,0.033379897475242615,0.09754502773284912,0.07586459070444107,0.07078853994607925
102,-0.0007567441207356751,0.00010683092841645703,0.009227481670677662,0.02650008164346218,0.046979453414678574,0.04920698702335358,0.037642814218997955,0.030193937942385674,0.020491119474172592,0.011296234093606472,0.001407624571584165,-0.003252544905990362,-0.0069388458505272865,-0.011201515793800354,-0.01372834574431181,-0.016800805926322937,-0.018936440348625183,-0.017298301681876183,-0.024995867162942886,-0.029343463480472565,-0.03828330338001251,-0.0495123416185379,-0.035176124423742294,-0.0372212789952755,-0.03996087983250618,-0.022479016333818436,-0.03106590360403061,-0.0213116854429245,-0.02490333467721939,-0.028528165072202682,-0.050884585827589035,-0.04323993995785713,-0.029871806502342224,-0.015904288738965988,-0.0070621296763420105,-0.007501346059143543,-0.03525254502892494,-0.07530109584331512,-0.10703277587890625,-0.09132297337055206,-0.10309740155935287,-0.11433827877044678,-0.12073227018117905,-0.11220593005418777,-0.19215905666351318,-0.11107485741376877,-0.06283968687057495,-0.004836864769458771,0.04356246814131737,0.05328403785824776,0.08081122487783432,0.048269122838974,0.01955484412610531,0.007749510928988457,-0.005396275781095028,-0.013111528940498829,-0.034121349453926086,-0.034605905413627625,-0.05110111087560654,-0.08012805134057999,-0.036590393632650375,-0.04782215133309364,-0.083898164331913,-0.01062763761729002,-0.04131592810153961,-0.07563405483961105,0.0307483971118927,-0.017932936549186707,-0.11096825450658798,0.015419482253491879,0.002948843641206622,-0.016898365691304207,-0.05319056287407875,-0.19798330962657928,-0.03476322814822197,-0.03182573243975639,0.05114205181598663,-0.04640747234225273,-0.01599053293466568,0.014317505992949009,-0.02044355683028698,0.015475678257644176,-0.025579653680324554,0.0008954236982390285,0.0020950601901859045,-0.11501474678516388,0.020153027027845383,-0.07427092641592026,0.12750543653964996,-0.13653406500816345,0.0157523974776268,0.04014849290251732,0.11886119097471237,-0.06735888123512268,-0.060326479375362396,0.060961466282606125,-0.054694730788469315,0.19793246686458588,-0.01427954901009798,0.0041025010868906975,-0.20622849464416504,0.11368318647146225,0.027155786752700806,-0.13160449266433716,-0.04257962852716446,0.24738366901874542,-0.20976780354976654,-0.046405691653490067,-0.08421926945447922,0.09550432115793228,-0.0773322731256485,0.23715020716190338,-0.12156657874584198,-0.03275124356150627,0.03673673793673515,0.07739080488681793,-0.2369745671749115,0.39084237813949585,-0.4976378083229065,0.039460305124521255,0.02927643433213234,0.28958991169929504,-0.028294632211327553,-0.2688540816307068,-0.22893516719341278,0.08800497651100159,0.16071449220180511,-0.5190617442131042,0.6123816967010498,-0.06309637427330017,-0.1685515195131302,0.06306365877389908,0.272626131772995,-0.34933358430862427,0.06644182652235031,0.30475056171417236,-0.3950996696949005,0.1889784336090088,0.17357920110225677,-0.10915914922952652,0.04803147166967392,-9.820488457989995e-07,0.016671255230903625,-2.1924564862274565e-05,2.7421474442235194e-06,-1.316635120929277e-06,-2.335707176825963e-05,-0.0002987199986819178,2.167499303817749,-0.17509154975414276,-0.009446293115615845,0.008556260727345943,-0.022933512926101685,0.03187359869480133,-0.01696120947599411,-0.02424038201570511,0.012501793913543224
103,-0.0007600381504744291,-0.005135091487318277,-0.010281621478497982,-0.011407178826630116,-0.01347994152456522,-0.011725756339728832,-0.00796162337064743,-0.005091366358101368,-0.0013620107201859355,0.003807944944128394,0.007380273193120956,0.00816576462239027,0.007887965068221092,0.0026984871365129948,-0.004358659498393536,-0.01188718806952238,-0.016220571473240852,-0.01665208302438259,-0.023233162239193916,-0.0237430352717638,-0.02410566434264183,-0.020352769643068314,-0.003975007217377424,0.002476047957316041,-0.0019936063326895237,-0.006971258204430342,-0.018201518803834915,-0.017878668382763863,-0.02265983261168003,-0.028711270540952682,-0.055687595158815384,-0.0535818412899971,-0.04889228940010071,-0.054041143506765366,-0.06229054555296898,-0.0925392135977745,-0.13189959526062012,-0.12555398046970367,-0.11721869558095932,-0.08539385348558426,-0.08914554864168167,-0.10017262399196625,-0.1074623093008995,-0.09852886199951172,-0.184907004237175,-0.12153907865285873,-0.10669151693582535,-0.08477985113859177,-0.08036841452121735,-0.052505187690258026,-0.07570818066596985,-0.03668702766299248,-0.008254995569586754,0.03307943418622017,0.11176548898220062,0.07195685058832169,0.11588689684867859,0.05557479336857796,0.01233829278498888,-0.018044888973236084,-0.014442745596170425,-0.020959943532943726,-0.03256005421280861,-0.003907439764589071,-0.014847243204712868,-0.022097745910286903,0.002139683812856674,-0.00852968730032444,-0.0320054329931736,-0.001846404979005456,-0.002595355734229088,0.003454752266407013,0.04882010072469711,0.3359229266643524,0.10821759700775146,0.08856077492237091,-0.11407085508108139,0.007250445429235697,-0.041945770382881165,0.03705267235636711,0.021777480840682983,-0.04623303562402725,0.0163908451795578,0.039585210382938385,0.016566358506679535,-0.07423508167266846,0.028050312772393227,-0.03757061809301376,0.06133454665541649,-0.13204661011695862,0.011877776123583317,0.0741354376077652,0.1333543062210083,-0.10477229207754135,-0.07170052826404572,0.10068707168102264,-0.020231083035469055,0.26513582468032837,-0.0015962996985763311,0.04216218367218971,-0.2533982992172241,0.1720413863658905,0.08119591325521469,-0.0809478834271431,0.005910851992666721,0.19964668154716492,-0.21740564703941345,0.03248339146375656,-0.13306255638599396,0.23213070631027222,-0.3008235991001129,0.30856549739837646,-0.20238521695137024,-0.04456601291894913,0.03345503285527229,0.07089311629533768,-0.015186576172709465,-0.5200726389884949,0.6063039898872375,-0.052501313388347626,0.01260658074170351,-0.172538161277771,-0.00964048970490694,0.05850983038544655,0.1109824851155281,-0.1321374922990799,-0.054226454347372055,0.15481527149677277,0.06079903990030289,-0.08425261825323105,0.03382360190153122,0.00809871032834053,0.14714175462722778,-0.1312612146139145,0.12005369365215302,0.1423235535621643,-0.173507422208786,-0.012364562600851059,0.11608729511499405,-0.056616414338350296,-0.05170579254627228,-1.2423475936884643e-07,0.02679002471268177,-9.661074000177905e-05,1.1710319540725322e-06,-2.5414078663743567e-07,-2.6970908947987482e-05,0.00020980427507311106,-0.20941372215747833,0.09170564264059067,0.05426710098981857,-0.0037669993471354246,-0.0005427977303043008,0.028147859498858452,0.05831700563430786,0.11902222037315369,0.042037233710289
104,-0.0009577361634001136,-0.005673948209732771,-0.010043243877589703,-0.012897582724690437,-0.015053732320666313,-0.013169720768928528,-0.009297751821577549,-0.008018486201763153,-0.007184163201600313,-0.008177442476153374,-0.006710951682180166,-0.0052428822964429855,-0.005273827351629734,-0.003437348175793886,0.003783974563702941,0.012175234965980053,0.014602215960621834,0.00850181095302105,0.005535914562642574,0.009779085405170918,0.03260744735598564,0.08843505382537842,0.09273592382669449,0.1026698425412178,0.08394623547792435,0.026417765766382217,0.0065197511576116085,-0.010239910334348679,-0.020310819149017334,-0.028801316395401955,-0.05634473264217377,-0.05689060688018799,-0.05113620683550835,-0.05652521178126335,-0.06663627177476883,-0.10097149759531021,-0.13500434160232544,-0.1149783730506897,-0.09642204642295837,-0.06216204911470413,-0.05806120112538338,-0.06955087929964066,-0.08782295137643814,-0.09121054410934448,-0.18364357948303223,-0.12828941643238068,-0.11370798200368881,-0.0841493234038353,-0.07534494251012802,-0.049734845757484436,-0.059135276824235916,-0.01518870797008276,0.01784256473183632,0.039543960243463516,0.07871324568986893,0.04114531725645065,0.0454883947968483,0.011385330930352211,-0.013783111236989498,-0.025552477687597275,-0.009625986218452454,-0.00956722442060709,-0.0019720906857401133,-0.010167750529944897,-0.013719195500016212,-0.02586210146546364,0.032784830778837204,-0.005252957344055176,-0.10947655141353607,0.017254002392292023,-0.021709637716412544,-0.0531240813434124,-0.03334316611289978,-0.1602155566215515,-0.013933978043496609,-0.010953037068247795,0.05277267470955849,-0.03220424801111221,-0.018917232751846313,0.006457890849560499,-0.014106166549026966,0.009297486394643784,-0.04223038628697395,-0.06620447337627411,-0.16408884525299072,0.15853972733020782,-0.10259667038917542,0.020095158368349075,-0.07883425801992416,-0.08077660202980042,-0.0009269102592952549,0.032880134880542755,0.06379979103803635,-0.057830341160297394,-0.03872297704219818,0.01083894819021225,-0.04236174374818802,0.10446176677942276,-0.019438011571764946,0.008441444486379623,-0.20437458157539368,0.12078908830881119,0.012566238641738892,-0.08838561177253723,0.015770209953188896,0.2684292793273926,-0.257646769285202,0.08846354484558105,-0.07848405092954636,0.39603736996650696,-0.4127000570297241,0.28671029210090637,-0.2478393018245697,0.01821069046854973,0.11588878929615021,0.06471280008554459,-0.0844106674194336,-0.15753582119941711,-0.03751533478498459,0.043133195489645004,0.03757825866341591,0.09772449731826782,-0.041556961834430695,0.06188226863741875,0.09180046617984772,-0.2193753719329834,-0.019259383901953697,0.1899823546409607,0.05015435442328453,-0.04720955342054367,0.022679617628455162,0.001121759181842208,0.22110183537006378,-0.21190844476222992,0.14263594150543213,0.22584913671016693,-0.3374960124492645,0.11806457489728928,0.0986328125,0.01230376586318016,0.0924699679017067,-2.162431371743878e-07,-0.020900564268231392,-0.00015599311154801399,-1.0597320851957193e-06,-2.8862166345788864e-07,-6.706055955874035e-06,-0.0004629580653272569,0.626679003238678,-0.01778249442577362,0.019290262833237648,-0.00136700423900038,0.013927457854151726,0.03377977013587952,0.02287372574210167,-0.004220916889607906,0.014921825379133224
105,9.024783503264189e-05,0.0015091423410922289,0.004750012885779142,0.0037841813173145056,0.0034018210135400295,-0.0001852269924711436,-0.0019008322851732373,-0.00045230446266941726,0.00463523156940937,0.01598159782588482,0.018542198464274406,0.0195560734719038,0.020039236173033714,0.014920271001756191,0.0038080690428614616,-0.006637918762862682,-0.010140936821699142,-0.007475987542420626,-0.004185493104159832,6.177659088280052e-05,0.0021721310913562775,-0.0020112749189138412,-0.00875922478735447,-0.015080450102686882,-0.011134246364235878,0.008471476845443249,0.05441831052303314,0.07792675495147705,0.1308390349149704,0.14565373957157135,0.22762234508991241,0.15936268866062164,0.10154953598976135,0.08656755834817886,0.10817655920982361,0.14811061322689056,0.20232625305652618,0.1543763428926468,0.11761556565761566,0.05909868702292442,0.0378689169883728,0.034613512456417084,0.027027513831853867,0.010164008475840092,-0.004030617419630289,-0.00990076269954443,-0.018194682896137238,-0.024044852703809738,-0.04141740873456001,-0.03532073646783829,-0.05170035734772682,-0.01802273653447628,0.004325319081544876,0.02390109747648239,0.054051656275987625,0.04782699793577194,0.12162657827138901,0.15391653776168823,0.27667856216430664,0.3906107246875763,0.1410720944404602,0.15682817995548248,0.1063104197382927,0.002690194873139262,-0.011571424081921577,-0.03275002911686897,0.031062347814440727,-0.007638924289494753,-0.06240108609199524,-0.006020879838615656,0.015123947523534298,0.05378728732466698,0.030595416203141212,0.05010014399886131,0.0029002854134887457,-0.00970541499555111,0.010727759450674057,-0.0077386656776070595,-0.0014792999718338251,-0.006193975452333689,-0.02824060432612896,0.009246483445167542,-0.03295101970434189,-0.0655280128121376,-0.12176506221294403,0.2465468943119049,-0.07355587184429169,0.030694371089339256,-0.13449549674987793,0.08848906308412552,-0.01773904263973236,0.006738295778632164,-0.0013469038531184196,-0.015003206208348274,0.01759994402527809,-0.06498181819915771,0.0635077953338623,-0.44494450092315674,-0.005181338172405958,-0.19296106696128845,0.4563557207584381,-0.28077587485313416,-0.15496587753295898,0.18462224304676056,-0.13284382224082947,-0.31756171584129333,0.21099603176116943,-0.07992534339427948,-0.05450930446386337,-0.3360275328159332,0.41533464193344116,-0.41488608717918396,0.16047883033752441,-0.05129155516624451,-0.029074938967823982,-0.14573310315608978,0.11034875363111496,-0.31866350769996643,0.18328100442886353,-0.06987307220697403,-0.08413610607385635,-0.3359735906124115,0.060554031282663345,0.30132630467414856,0.2938351333141327,0.010242183692753315,-0.24539829790592194,0.867237389087677,-1.7943823337554932,-0.08027350157499313,0.04710060730576515,0.032376885414123535,-0.3681870102882385,0.6290950775146484,-0.1946752816438675,-0.8755196928977966,1.0078656673431396,-0.5315718650817871,-0.2789541780948639,0.2194872945547104,-0.16242700815200806,1.8915703492439206e-07,-0.03517656400799751,-0.0003486468631308526,-3.375135520400363e-06,9.100716624743654e-07,-2.774319909804035e-05,-0.0006859796121716499,-2.5719985961914062,0.2608582377433777,0.05266983434557915,-0.0043594492599368095,-0.022172387689352036,0.03482360765337944,0.04671546444296837,0.06338472664356232,0.047095753252506256
106,-0.0011627785861492157,-0.0031030515674501657,-0.001023867167532444,0.00882165227085352,0.024997703731060028,0.03280514478683472,0.02757139503955841,0.020988764241337776,0.01098458282649517,0.001786189735867083,-0.003756817663088441,-0.0055063520558178425,-0.008052930235862732,-0.011581922881305218,-0.013972059823572636,-0.017089584842324257,-0.01878463476896286,-0.017007770016789436,-0.02381756901741028,-0.02855522930622101,-0.03701823949813843,-0.048921383917331696,-0.03472359851002693,-0.03676547482609749,-0.03959190845489502,-0.02219373546540737,-0.030741967260837555,-0.020892174914479256,-0.02302500791847706,-0.02299981191754341,-0.02842903509736061,-0.01013343408703804,0.004158543888479471,0.008079673163592815,-0.005956982262432575,-0.041071854531764984,-0.1000748798251152,-0.13011449575424194,-0.13573424518108368,-0.09767551720142365,-0.10284934192895889,-0.11279430240392685,-0.11605017632246017,-0.10842879861593246,-0.19751429557800293,-0.12457096576690674,-0.09912034124135971,-0.055804308503866196,-0.030161608010530472,-0.0038304354529827833,0.009041168726980686,0.008037527091801167,-0.004228345584124327,-0.011790220625698566,-0.031080568209290504,-0.02314242348074913,-0.04872465133666992,-0.039533279836177826,-0.051837678998708725,-0.0764603465795517,-0.029013797640800476,-0.04394003003835678,-0.07571949809789658,0.0002260565379401669,-0.03369529917836189,-0.06505877524614334,0.037449032068252563,-0.009846390224993229,-0.08600826561450958,-0.0015002992004156113,-0.0044285012409091,-0.01641361229121685,-0.01473699789494276,-0.1033824011683464,-0.009479852393269539,-0.00543236406520009,0.046288855373859406,-0.025747405365109444,-0.009392483159899712,0.005121062509715557,-0.027258114889264107,0.02390924096107483,-0.017339833080768585,0.016241764649748802,0.024340443313121796,-0.10584865510463715,0.03698994219303131,-0.06603611260652542,0.13640397787094116,-0.1363992542028427,0.023768777027726173,0.04892655462026596,0.16371311247348785,-0.06233169138431549,-0.07004354894161224,0.08690754324197769,-0.06169448420405388,0.26392072439193726,0.013578033074736595,0.031247086822986603,-0.2387096881866455,0.13314186036586761,0.05234863981604576,-0.12225650250911713,-0.03755361959338188,0.19477578997612,-0.21574807167053223,-0.028465382754802704,-0.09197057038545609,0.22445331513881683,-0.20730765163898468,0.22310729324817657,-0.20247700810432434,-0.041050367057323456,0.050850145518779755,0.08485513180494308,-0.24038521945476532,0.4649873673915863,-0.5083572864532471,0.043524205684661865,0.017629679292440414,0.26996609568595886,-0.03324906527996063,-0.18958215415477753,-0.1253090351819992,0.04873926192522049,0.1598215401172638,-0.43625348806381226,0.594527006149292,-0.08899538218975067,-0.1620364636182785,0.03586134687066078,0.24082300066947937,-0.3665448725223541,0.10874197632074356,0.4011511206626892,-0.4383483827114105,0.2212572693824768,0.1690412014722824,-0.05987565964460373,0.05234162509441376,-9.778086678124964e-07,0.013446129858493805,-0.0002456518413964659,9.638355322749703e-07,-1.8135930304197245e-06,-2.676338772289455e-05,-0.0005751466960646212,2.1995246410369873,-0.2596285045146942,-0.03415018320083618,0.007919157855212688,-0.02215755544602871,0.04484502971172333,-0.0289443489164114,-0.05130855366587639,-0.03363914415240288
107,-0.0011818711645901203,-0.005174430087208748,-0.009844578802585602,-0.010345064103603363,-0.01302256714552641,-0.01001193281263113,-0.007884541526436806,-0.0068816845305264,-0.006322813220322132,-0.00703292153775692,-0.005381629802286625,-0.005198865197598934,-0.006204348988831043,-0.00820773933082819,-0.005915144924074411,0.007719309069216251,0.04035129025578499,0.07419154793024063,0.16495779156684875,0.20285193622112274,0.2485433667898178,0.23755063116550446,0.09035714715719223,0.051469799131155014,0.021534878760576248,0.003027230966836214,-0.0024982071481645107,-0.006690346635878086,-0.01399451307952404,-0.02023099549114704,-0.04459535330533981,-0.0457846038043499,-0.04563768580555916,-0.050131235271692276,-0.05708285793662071,-0.0853758156299591,-0.11814137548208237,-0.11747628450393677,-0.10995287448167801,-0.08253011107444763,-0.08715999126434326,-0.09347766637802124,-0.09454959630966187,-0.09010709077119827,-0.17345911264419556,-0.10945763438940048,-0.09353844076395035,-0.05480556562542915,-0.00967610813677311,0.05662695690989494,0.17993679642677307,0.20018532872200012,0.2160859853029251,0.17588286101818085,0.13413819670677185,0.021438859403133392,-0.01505455281585455,-0.025897039100527763,-0.04852835461497307,-0.06670350581407547,-0.030499689280986786,-0.048485904932022095,-0.056184910237789154,-0.000634577707387507,-0.02314596250653267,-0.030310384929180145,0.045818548649549484,0.009035981260240078,-0.07255545258522034,0.02480921894311905,-0.0005143433227203786,-0.01021518837660551,-0.06135258078575134,-0.1350899189710617,-0.0026407716795802116,0.02306944504380226,-0.06247170269489288,0.5056741237640381,0.28837868571281433,0.03482808917760849,-0.1597648411989212,0.2921265661716461,-0.04979107901453972,-0.16266587376594543,-0.09338892251253128,0.08570195734500885,-0.03467990830540657,-0.014944283291697502,0.06204318255186081,-0.06848577409982681,0.03030811809003353,0.03621116280555725,0.12457531690597534,-0.06503936648368835,-0.035929642617702484,0.15295512974262238,0.00382215459831059,0.2652243375778198,0.06305397301912308,0.027370143681764603,-0.20344661176204681,0.07965852320194244,0.11838752776384354,-0.12301462143659592,0.03146158158779144,0.32657694816589355,-0.2881777584552765,0.011742444708943367,0.05295734480023384,-0.2680087983608246,0.5225672125816345,-1.0785596370697021,0.17604580521583557,0.2834191918373108,-0.32311633229255676,-0.07315943390130997,0.0026511577889323235,0.06651966273784637,-0.1500350534915924,-0.018603218719363213,-0.06401592493057251,0.24048657715320587,-0.07420257478952408,-0.12326546013355255,-0.09483291208744049,0.0294098611921072,0.09322841465473175,-0.2706764042377472,0.4436472952365875,-0.01956348679959774,-0.09616145491600037,-0.04639580100774765,0.25488951802253723,-0.08472678810358047,0.1107696071267128,-0.23363333940505981,0.8781720995903015,-1.3728283643722534,-1.2717955112457275,-0.048363957554101944,-0.6749013066291809,-9.827121516536863e-08,0.009129946120083332,-0.0003170905984006822,-1.8014770830632187e-07,2.535351484311832e-07,-2.547449003031943e-05,-0.0007486832910217345,-0.5258157849311829,0.19286228716373444,0.06305569410324097,-0.0007178200175985694,0.018425585702061653,0.032840099185705185,0.0982300266623497,0.07607069611549377,0.07025520503520966
108,-0.001663473667576909,-0.006798094138503075,-0.013841172680258751,-0.017725132405757904,-0.019598450511693954,-0.015303153544664383,-0.010796090587973595,-0.009517122060060501,-0.008630969561636448,-0.00939196441322565,-0.007519388571381569,-0.006726227700710297,-0.008311440236866474,-0.011941737495362759,-0.01427754107862711,-0.01736733317375183,-0.019181326031684875,-0.018237246200442314,-0.026333386078476906,-0.02980012074112892,-0.039032984524965286,-0.05159531906247139,-0.03533605486154556,-0.03735553100705147,-0.040476202964782715,-0.022459331899881363,-0.030916377902030945,-0.02082233503460884,-0.024070998653769493,-0.02317994460463524,-0.029568223282694817,-0.00777269946411252,0.020404277369379997,0.05200338736176491,0.07308916002511978,0.11230963468551636,0.10236666351556778,0.02664768509566784,-0.05305122584104538,-0.07510200887918472,-0.09547027200460434,-0.11337943375110626,-0.11645558476448059,-0.1123308539390564,-0.20799671113491058,-0.14570392668247223,-0.12369810044765472,-0.09169983863830566,-0.0895100012421608,-0.06418764591217041,-0.090695820748806,-0.06376712024211884,-0.05310950055718422,-0.04476868361234665,-0.06202399358153343,-0.036289434880018234,-0.06205323711037636,-0.049917176365852356,-0.06126311793923378,-0.08832549303770065,-0.04042867571115494,-0.04612745717167854,-0.07848765701055527,-0.003803204046562314,-0.03217414766550064,-0.06273610889911652,0.037297315895557404,-0.01365390419960022,-0.12227015942335129,0.000974142923951149,-0.012513203546404839,-0.040053725242614746,-0.051767364144325256,-0.1968078315258026,-0.04100533574819565,-0.044100187718868256,0.05977229028940201,-0.06983283162117004,-0.049052659422159195,0.017241476103663445,-0.006304652895778418,-0.02910567633807659,-0.019898468628525734,0.010154910385608673,0.018310843035578728,-0.1336720883846283,0.02085091918706894,-0.09142263233661652,0.11253982037305832,-0.15439583361148834,0.023174811154603958,0.047539837658405304,0.1837596893310547,-0.08797112107276917,-0.10833936184644699,0.10128096491098404,-0.05950868874788284,0.2923682630062103,0.013448487035930157,0.012094440869987011,-0.24724990129470825,0.1364230066537857,0.029749182984232903,-0.13846050202846527,-0.044687479734420776,0.1706259846687317,-0.21995732188224792,-0.16597391664981842,-0.1116061583161354,-0.07449396699666977,-0.032840654253959656,0.18236534297466278,-0.07824801653623581,-0.025791242718696594,0.004736871458590031,0.09424657374620438,-0.21901290118694305,0.4356464445590973,-0.508041501045227,0.009297139011323452,-0.02669869177043438,0.2961380183696747,-0.03924381732940674,-0.17810513079166412,-0.11272832751274109,0.013182413764297962,0.17663335800170898,-0.30943068861961365,0.553429365158081,-0.07346239686012268,-0.13238537311553955,0.09138789772987366,0.18501819670200348,-0.27209800481796265,0.0057393647730350494,0.35031408071517944,-0.4165118336677551,0.21052511036396027,0.145339235663414,-0.08729446679353714,0.059697385877370834,-3.7844944245080114e-07,0.07795637100934982,0.001244239043444395,1.3319467143446673e-05,-7.420771339639032e-07,1.042807889461983e-05,0.0029232522938400507,2.789417266845703,-0.28365039825439453,-0.020105265080928802,-0.006392376031726599,0.07421731948852539,-0.02741972543299198,-0.024742478504776955,0.0806308314204216,-0.07278375327587128
109,0.0001332869433099404,0.005661709699779749,0.02455134317278862,0.049921125173568726,0.0708647295832634,0.058211009949445724,0.031610582023859024,0.013660896569490433,0.0010663233697414398,-0.00608277041465044,-0.006801885552704334,-0.006559162866324186,-0.008396605961024761,-0.011698857881128788,-0.01399718876928091,-0.01687677763402462,-0.018956109881401062,-0.017101626843214035,-0.024946991354227066,-0.029225120320916176,-0.038313210010528564,-0.049286115914583206,-0.034895963966846466,-0.03729996085166931,-0.039577361196279526,-0.022005122154951096,-0.030263731256127357,-0.020137924700975418,-0.021824393421411514,-0.02139469049870968,-0.02846364490687847,-0.017376257106661797,-0.011055695824325085,-0.01096451934427023,-0.018841257318854332,-0.03951253741979599,-0.07611241936683655,-0.10106966644525528,-0.11591508984565735,-0.09443026781082153,-0.10381508618593216,-0.11397826671600342,-0.12036409974098206,-0.10464014112949371,-0.15577606856822968,-0.052765145897865295,0.03083493560552597,0.09369742125272751,0.14688479900360107,0.10801514238119125,0.08679021894931793,0.007428760640323162,-0.027931388467550278,-0.037385378032922745,-0.059385281056165695,-0.03365419805049896,-0.057962194085121155,-0.04326287657022476,-0.05530308187007904,-0.07928051054477692,-0.03281703218817711,-0.049143172800540924,-0.082756906747818,-0.01083195861428976,-0.0435686931014061,-0.07039448618888855,0.03678426146507263,-0.01315153669565916,-0.09875275194644928,0.025307614356279373,0.008547477424144745,-0.005504919216036797,-0.046688735485076904,-0.17524157464504242,-0.027079595252871513,-0.02226897142827511,0.025467876344919205,-0.03218092769384384,-0.015597832389175892,0.02091524936258793,-0.013566520065069199,0.016727112233638763,-0.02312355861067772,0.01707717590034008,0.011466383934020996,-0.12219421565532684,0.026933690533041954,-0.07172175496816635,0.12901920080184937,-0.11295502632856369,-0.0017561084823682904,0.0096819419413805,0.016897669062018394,-0.06228210777044296,-0.04551836475729942,0.07697875052690506,-0.05954848602414131,0.29400837421417236,0.026261264458298683,0.040627289563417435,-0.23607873916625977,0.1335698515176773,0.04589818790555,-0.13774658739566803,-0.035756275057792664,0.2343066930770874,-0.2079361379146576,-0.022174077108502388,-0.09153479337692261,0.1540750116109848,-0.10745561122894287,0.24122974276542664,-0.11486662179231644,-0.028836779296398163,0.05413353443145752,0.07788923382759094,-0.23280657827854156,0.3544227182865143,-0.44935110211372375,0.06513213366270065,0.018803851678967476,0.2707434296607971,-0.03306818753480911,-0.34157082438468933,-0.324821799993515,0.08569034188985825,0.15003398060798645,-0.5040330290794373,0.5765275359153748,-0.09540608525276184,-0.1696619838476181,0.04996814206242561,0.2576640844345093,-0.29420027136802673,0.09218738973140717,0.18387460708618164,-0.37430840730667114,0.09306862950325012,0.18214872479438782,-0.09761575609445572,0.043230216950178146,-7.685237051191507e-07,0.017943555489182472,-0.00014683231711387634,2.57163492278778e-06,-1.9723800050996942e-06,-2.8898533855681308e-05,-0.00028439227025955915,2.0751397609710693,-0.16086576879024506,0.0015106783248484135,0.01055473368614912,-0.02397123910486698,0.028116857632994652,-0.008178453892469406,0.011116396635770798,0.011340689845383167
110,-0.0011539134429767728,-0.005986172240227461,-0.01158242765814066,-0.015325112268328667,-0.01733272336423397,-0.01488879881799221,-0.010565098375082016,-0.009056339040398598,-0.008174424059689045,-0.009212097153067589,-0.007387526333332062,-0.006346050184220076,-0.008033095858991146,-0.009829143062233925,-0.007929257117211819,-0.0023481626994907856,0.005464157089591026,0.00866811815649271,0.00737049849703908,0.0008713515708222985,-0.004897352773696184,-0.0032072016038000584,0.002747153863310814,0.004823917057365179,-0.003429967910051346,-0.009510391391813755,-0.022116689011454582,-0.019745253026485443,-0.02430308796465397,-0.026035217568278313,-0.037486929446458817,-0.02126901037991047,-0.005239386577159166,0.003478730795904994,0.004445697646588087,-0.00234831846319139,-0.024393297731876373,-0.049075379967689514,-0.07184415310621262,-0.0706726685166359,-0.0853622704744339,-0.10262848436832428,-0.1143970862030983,-0.10632605105638504,-0.1973525434732437,-0.12249420583248138,-0.10159581154584885,-0.06009039655327797,-0.04272214323282242,-0.021668991073966026,-0.022169258445501328,-0.0033634279388934374,0.00956658273935318,0.017618075013160706,0.01712687313556671,-0.004956387914717197,-0.024190276861190796,-0.03142204135656357,-0.04270509257912636,-0.06848429888486862,-0.021861135959625244,-0.037353575229644775,-0.05364369973540306,-0.004883688874542713,-0.02061755582690239,-0.03143712878227234,0.026927730068564415,-0.0037950340192764997,-0.10701588541269302,0.011608830653131008,0.0012877426343038678,-0.04180024936795235,-0.04245833307504654,-0.16161911189556122,-0.014331973157823086,-0.003961014561355114,0.047792479395866394,-0.03388730436563492,-0.015351216308772564,0.010842123068869114,-0.020795870572328568,0.016341067850589752,-0.031384095549583435,-0.017039207741618156,-0.04522087052464485,-0.026284722611308098,0.007465491537004709,-0.033489011228084564,0.06917231529951096,-0.12500214576721191,0.015218822285532951,0.03419923037290573,0.1152917742729187,-0.0808204635977745,-0.055926740169525146,0.04115194082260132,-0.048917219042778015,0.08767309784889221,-0.04067979380488396,-0.004398222081363201,-0.1984402984380722,0.11608784645795822,0.039725158363580704,-0.09246090799570084,-0.004575635772198439,0.2650357484817505,-0.22952662408351898,0.044114887714385986,-0.09268765151500702,0.28734448552131653,-0.2272084355354309,0.22836920619010925,-0.16311772167682648,0.002339398255571723,0.07025471329689026,0.08733533322811127,-0.1991511583328247,0.2949669659137726,-0.3229663670063019,0.11444628238677979,0.04816034063696861,0.20809166133403778,-0.04804585874080658,-0.12418805062770844,-0.017283128574490547,-0.03842105716466904,0.15344583988189697,-0.12078288197517395,0.2623096704483032,-0.07106336206197739,0.01345999538898468,0.0017125318991020322,0.1885996013879776,-0.25580376386642456,0.12067723274230957,0.32630273699760437,-0.4244687259197235,0.13989977538585663,0.17137542366981506,-0.05013618618249893,0.07044670730829239,-5.743195288232528e-07,-0.037927959114313126,-0.0003591194690670818,-1.715375901767402e-06,-7.530628067797807e-07,-2.5516577807138674e-05,-0.000665463216137141,1.2829217910766602,-0.12583988904953003,0.02135383151471615,0.0033449868205934763,0.020092030987143517,0.04036804288625717,0.01436399482190609,0.022735027596354485,0.029319968074560165
111,-0.0010745399631559849,-0.005753344390541315,-0.01079594623297453,-0.014269220642745495,-0.016517270356416702,-0.014427564106881618,-0.009846909902989864,-0.007043131161481142,-0.003327111015096307,0.0020237660501152277,0.007054569665342569,0.00888519361615181,0.01070258766412735,0.007437143940478563,0.0030557827558368444,0.000861943990457803,0.003678912529721856,0.006651665084064007,0.006432810798287392,-0.0005870204768143594,-0.013356859795749187,-0.029365846887230873,-0.024272087961435318,-0.02094876952469349,-0.010526657104492188,0.0023668170906603336,0.014539239928126335,0.01332100573927164,0.014613981358706951,0.007052274886518717,-0.010005148127675056,-0.02882448211312294,-0.03374957665801048,-0.0339774414896965,-0.03714555501937866,-0.05543404072523117,-0.09004972875118256,-0.10327431559562683,-0.11344387382268906,-0.08948055654764175,-0.09528756886720657,-0.10389544814825058,-0.10728892683982849,-0.09062258154153824,-0.14459088444709778,-0.07602068781852722,-0.055434782058000565,-0.029136164113879204,-0.02132973074913025,-0.011409236118197441,-0.014013851061463356,-0.004347322043031454,-0.001994232414290309,-0.0014575105160474777,-0.015609301626682281,-0.018494319170713425,-0.04030289500951767,-0.03337370231747627,-0.03661142662167549,-0.040664564818143845,-0.011220506392419338,-0.014127230271697044,-0.01506558246910572,-0.009256862103939056,-0.014318040572106838,-0.028269197791814804,0.024224264547228813,-0.007896950468420982,-0.10173995792865753,0.009603049606084824,-0.0032005414832383394,-0.03902449458837509,-0.03612297400832176,-0.14471577107906342,-0.010143638588488102,-0.010006888769567013,0.023745166137814522,-0.02436148375272751,-0.009351612068712711,0.007824682630598545,-0.01950709894299507,0.015373294241726398,-0.0332433320581913,-0.03124309703707695,-0.049487072974443436,-0.011361433193087578,-0.005788216833025217,-0.02871023677289486,0.017383556813001633,-0.11346045136451721,0.001894766348414123,0.03184595704078674,0.07049193233251572,-0.06523486226797104,-0.0462004654109478,0.026679538190364838,-0.04216594994068146,0.09707068651914597,-0.04116615280508995,-0.008570459671318531,-0.1702764630317688,0.08803608268499374,0.010480939410626888,-0.09748990833759308,0.008601440116763115,0.22469528019428253,-0.24985289573669434,0.06023363023996353,-0.10390987247228622,0.2837323546409607,-0.2683543562889099,0.2367040067911148,-0.1609940528869629,-0.01708034798502922,0.08191967010498047,0.08335666358470917,-0.20849096775054932,0.23504912853240967,-0.2478361874818802,0.07189229130744934,0.04195885732769966,0.09100586920976639,-0.06309568136930466,-0.0715131014585495,0.002110083121806383,-0.030181990936398506,0.18512628972530365,-0.1680087447166443,0.3025067150592804,-0.05512450635433197,0.01463459711521864,0.005868947599083185,0.16056036949157715,-0.1459963023662567,0.1243358850479126,0.17163681983947754,-0.3752530515193939,0.11568359285593033,0.15903198719024658,-0.05423949658870697,0.07359965890645981,-3.590751589399588e-07,-0.039837051182985306,-0.0003510848619043827,-2.211075297964271e-06,-3.474062282293744e-07,-2.6650070140021853e-05,-0.0006276304484345019,1.0286469459533691,-0.056045014411211014,0.028604213148355484,0.0016152249881997705,0.0005005437997169793,0.04123644903302193,0.028706667944788933,0.021096808835864067,0.03680897504091263
112,-0.0015164348296821117,-0.005649763625115156,-0.008997123688459396,-0.007001389749348164,0.0011865025153383613,0.009625881910324097,0.010435864329338074,0.007812405936419964,0.0023421524092555046,-0.0035034085158258677,-0.005639623384922743,-0.0060178921557962894,-0.008097611367702484,-0.01161975134164095,-0.013908013701438904,-0.016931692138314247,-0.01868121139705181,-0.01719609647989273,-0.024115312844514847,-0.028405552729964256,-0.036680132150650024,-0.04872021824121475,-0.03464353829622269,-0.03629804402589798,-0.0394422747194767,-0.022204989567399025,-0.030740700662136078,-0.021331027150154114,-0.02343541570007801,-0.023417020216584206,-0.028190601617097855,-0.005379835143685341,0.017403248697519302,0.03318068012595177,0.028512869030237198,0.010667981579899788,-0.046176157891750336,-0.09760736674070358,-0.12246879935264587,-0.09430448710918427,-0.10041206330060959,-0.11198902875185013,-0.11363373696804047,-0.10754366964101791,-0.19936080276966095,-0.13246770203113556,-0.11438319832086563,-0.08064286410808563,-0.0709780752658844,-0.042625792324543,-0.05267564579844475,-0.031138909980654716,-0.027252446860074997,-0.02790847234427929,-0.04739521071314812,-0.028234008699655533,-0.05378975719213486,-0.04293317720293999,-0.0539490282535553,-0.08061926066875458,-0.0335521437227726,-0.04459255188703537,-0.07512975484132767,-0.0008230468374677002,-0.03238864615559578,-0.06453418731689453,0.035503651946783066,-0.010000812821090221,-0.08984840661287308,-0.002224822761490941,-0.005042301490902901,-0.0161980502307415,-0.007623301353305578,-0.10555294901132584,-0.012107517570257187,-0.010068411007523537,0.06355680525302887,-0.031905580312013626,-0.013437101617455482,0.006382571067661047,-0.02546621300280094,0.020457105711102486,-0.019193455576896667,0.011347661726176739,0.025579359382390976,-0.10735277086496353,0.03872709721326828,-0.07322577387094498,0.12429787218570709,-0.15097080171108246,0.02048000693321228,0.04131346568465233,0.1826973259449005,-0.07150204479694366,-0.08769024163484573,0.0949135348200798,-0.06880322098731995,0.2868348956108093,0.01771380379796028,0.02905871532857418,-0.24299229681491852,0.1337268054485321,0.03601269796490669,-0.13040022552013397,-0.041471660137176514,0.17415858805179596,-0.22197343409061432,-0.1041550412774086,-0.09614703804254532,0.16986969113349915,-0.1777801364660263,0.22566619515419006,-0.24675917625427246,-0.052861765027046204,0.018891461193561554,0.12105394154787064,-0.2740420997142792,0.5356646180152893,-0.5768720507621765,0.012277727946639061,0.009480129927396774,0.29331058263778687,-0.023279400542378426,-0.17696358263492584,-0.11485268175601959,0.0383283756673336,0.16908994317054749,-0.38108113408088684,0.5568076968193054,-0.07242324203252792,-0.1436147540807724,0.03455590084195137,0.2353367954492569,-0.3650890588760376,0.09593477100133896,0.3895633816719055,-0.438970685005188,0.24360091984272003,0.17291101813316345,-0.05748589336872101,0.05223624035716057,-8.394424071411777e-07,0.015924150124192238,0.00014801305951550603,3.4373701964796055e-06,-1.854237780207768e-06,-2.2208239897736348e-05,0.0006437833071686327,2.3660953044891357,-0.3338719308376312,-0.05333491414785385,0.003554007736966014,-0.018116416409611702,-0.03651506081223488,-0.026888947933912277,-0.06385155022144318,-0.08121468126773834
113,0.001603286131285131,0.005789678543806076,0.005950589198619127,-0.0003262980026192963,-0.007957879453897476,-0.011025157757103443,-0.00981831643730402,-0.009719735942780972,-0.008646353147923946,-0.009414627216756344,-0.007577220443636179,-0.0064319116063416,-0.008356274105608463,-0.011476843617856503,-0.013760336674749851,-0.01591656729578972,-0.014459401369094849,-0.009098012931644917,-0.006175377871841192,-0.00018451175128575414,0.0009714085608720779,-0.0037116599269211292,-0.012176129035651684,-0.023741932585835457,-0.033612992614507675,-0.0207880400121212,-0.0299216378480196,-0.020380530506372452,-0.024234304204583168,-0.02836683578789234,-0.05641009286046028,-0.05536039173603058,-0.052042894065380096,-0.054567962884902954,-0.059718772768974304,-0.07979201525449753,-0.07577785849571228,-0.024301236495375633,0.022509120404720306,0.02312045358121395,0.014826346188783646,-0.011713635176420212,-0.03882986307144165,-0.05723484978079796,-0.14117789268493652,-0.10749142616987228,-0.10595513880252838,-0.08003352582454681,-0.07467398792505264,-0.05914223939180374,-0.0878417044878006,-0.05947209149599075,-0.05025937780737877,-0.04264884814620018,-0.05967393144965172,-0.027555735781788826,-0.05055750533938408,-0.03662470728158951,-0.04167919605970383,-0.04697364196181297,-0.01117085013538599,-0.020979978144168854,-0.04152257740497589,0.0011156589025631547,-0.023195575922727585,-0.05362902581691742,0.04863622784614563,-0.0025638588704168797,-0.081745944917202,0.043192580342292786,0.0111284414306283,-0.013575772754848003,-0.03564329445362091,-0.1751711368560791,-0.017312627285718918,-0.006370660848915577,0.04564204439520836,-0.021114304661750793,-0.017746226862072945,-0.052738651633262634,-0.08465311676263809,0.005411365535110235,-0.05384856089949608,-0.033385343849658966,-0.02480671927332878,-0.06383366882801056,0.031079506501555443,-0.054927706718444824,0.14704933762550354,-0.12970580160617828,0.04136035591363907,0.06622885912656784,0.14750619232654572,-0.09068068861961365,-0.07932010293006897,0.1051025465130806,-0.055935949087142944,0.2649954557418823,0.005602531135082245,0.018732519820332527,-0.2344365268945694,0.1482180804014206,0.07177235186100006,-0.09684965014457703,-0.023725738748908043,0.3458021283149719,-0.22171229124069214,0.13956433534622192,-0.15464700758457184,0.3003827631473541,-0.4129095673561096,0.20291297137737274,-0.25214338302612305,-0.021636778488755226,0.11496903747320175,0.11302448809146881,-0.18133601546287537,0.28535211086273193,-0.28020983934402466,0.10387320071458817,0.018705718219280243,0.20081587135791779,-0.06967821717262268,-0.15639396011829376,-0.07171344012022018,0.035109929740428925,0.2220393419265747,-0.32134848833084106,0.5364868640899658,-0.06541480123996735,-0.14010438323020935,-0.005607811734080315,0.209140345454216,-0.36449214816093445,0.14573346078395844,0.4284069836139679,-0.45860400795936584,0.16481684148311615,0.10989807546138763,-0.029759036377072334,0.07625124603509903,-8.279744747596851e-07,-0.014299026690423489,0.0006707814754918218,2.800111587930587e-06,-9.788617205686023e-08,9.098978807742242e-06,0.0026323816273361444,2.145703077316284,-0.3744344711303711,-0.0603083036839962,0.019001750275492668,-0.032438211143016815,0.02320817857980728,-0.07348453253507614,-0.0684954896569252,-0.028584225103259087
114,0.0011469449382275343,0.009560554288327694,0.02437063679099083,0.025388890877366066,0.03475866839289665,0.024443723261356354,0.009815559722483158,0.0019293124787509441,-0.0024370509199798107,-0.005299829877912998,-0.004460309632122517,-0.004500579554587603,-0.005306741688400507,-0.008548119105398655,-0.010509838350117207,-0.01227748952805996,-0.013439042493700981,-0.011285669170320034,-0.011564655229449272,0.0017140088602900505,0.038104936480522156,0.1167454868555069,0.13415418565273285,0.16110016405582428,0.15286655724048615,0.05826043710112572,0.04840623214840889,0.021696677431464195,0.024232836440205574,0.048293136060237885,0.1620664894580841,0.22262458503246307,0.21579326689243317,0.18574516475200653,0.16494983434677124,0.13878056406974792,0.1292915642261505,0.0795917958021164,0.043293945491313934,-0.0031825785990804434,-0.031054364517331123,-0.05162579193711281,-0.053031135350465775,-0.02966073341667652,0.013780174776911736,0.05784948542714119,0.09288515150547028,0.0876924991607666,0.08499772846698761,0.030595269054174423,0.015296977944672108,-0.0057619595900177956,-0.01137460209429264,-0.007026782259345055,0.0038055963814258575,0.015957748517394066,0.04765711724758148,0.056748222559690475,0.12713195383548737,0.19589076936244965,0.10102161765098572,0.13743768632411957,0.1822757124900818,0.04835616797208786,0.06173205003142357,0.12442646920681,-0.05269208922982216,-0.0011289723915979266,0.08845261484384537,0.004133450333029032,-0.0002957888355012983,0.0187740046530962,0.02496778778731823,0.17620474100112915,0.11866357177495956,0.1175803393125534,-0.05463296175003052,0.1268249899148941,0.018524212762713432,-0.006130731198936701,-0.00079969601938501,-0.008834052830934525,-0.013989882543683052,-0.03230343014001846,-0.0673210397362709,0.16306298971176147,-0.07147795706987381,0.06571516394615173,-0.1259431391954422,0.32320019602775574,-0.11077732592821121,-0.011087863706052303,-0.1907472312450409,0.22705167531967163,0.3689117729663849,-0.11676990985870361,0.21522970497608185,-0.5161678791046143,0.08046827465295792,-0.15449336171150208,0.535203218460083,-0.32671934366226196,-0.16582489013671875,0.30597540736198425,-0.11549007892608643,-0.9031990170478821,0.6695023775100708,-0.04972259700298309,0.06229553744196892,-0.18328848481178284,0.1283678561449051,-0.029520954936742783,-0.029076410457491875,-0.048204030841588974,-0.05831560865044594,-0.06372812390327454,0.23025260865688324,-0.7409499287605286,0.7361035346984863,-0.2578021287918091,-0.4644607901573181,-0.44766855239868164,-0.21337124705314636,0.4329449534416199,-0.0067707449197769165,0.15182815492153168,-0.32955482602119446,0.5490798950195312,-1.126240849494934,0.06400813907384872,0.39734935760498047,-0.1263275295495987,-1.1757920980453491,1.9572091102600098,0.03508926182985306,-1.1853656768798828,0.7160575985908508,-0.6396303176879883,-0.06731811165809631,0.5572038292884827,-0.22054216265678406,2.466104547238501e-07,-0.008516747504472733,-0.0003088449302595109,-2.9125710625521606e-06,8.151896508934442e-07,-2.4764083718764596e-05,-0.0007268799818120897,-4.992825984954834,0.2930871546268463,0.050081126391887665,-0.0049570463597774506,-0.02048666402697563,0.02949129231274128,0.03930002078413963,0.050518933683633804,0.041841257363557816
115,-0.0011917506344616413,-0.0052247121930122375,-0.009818268939852715,-0.010685646906495094,-0.013019462116062641,-0.01007560733705759,-0.007981758564710617,-0.006786772049963474,-0.006479350384324789,-0.00694486266002059,-0.005420970730483532,-0.005283754784613848,-0.006094963289797306,-0.00794295035302639,-0.005246744491159916,0.009001116268336773,0.04173721745610237,0.07447930425405502,0.165992870926857,0.20170153677463531,0.2447737753391266,0.23230068385601044,0.0900869369506836,0.05332821607589722,0.022747816517949104,0.0029152410570532084,-0.0038043924141675234,-0.007731471676379442,-0.01505923829972744,-0.020829057320952415,-0.04488831385970116,-0.04556191340088844,-0.045698367059230804,-0.050059013068675995,-0.05640127509832382,-0.08468257635831833,-0.11763577163219452,-0.11750338226556778,-0.11045778542757034,-0.08209103345870972,-0.08720698952674866,-0.0938875675201416,-0.09465649724006653,-0.09091340005397797,-0.17340394854545593,-0.10895881056785583,-0.0916188433766365,-0.05055912956595421,-0.0012695543700829148,0.06557098031044006,0.18556533753871918,0.2004075050354004,0.20778301358222961,0.16990186274051666,0.12747153639793396,0.019598523154854774,-0.016244566068053246,-0.02687332220375538,-0.04887421429157257,-0.06862363964319229,-0.03154788911342621,-0.049699537456035614,-0.05896414816379547,-0.0026631082873791456,-0.025638733059167862,-0.03626721724867821,0.04330394044518471,0.005044552031904459,-0.0751781314611435,0.02381001226603985,-0.0010834854329004884,-0.011600259691476822,-0.05879858136177063,-0.1275346279144287,6.588484211533796e-06,0.030952652916312218,-0.059389106929302216,0.5284773111343384,0.28383830189704895,0.0037348363548517227,-0.16677226126194,0.2846273183822632,-0.05445323511958122,-0.1859774887561798,-0.10066197067499161,0.08032882958650589,-0.031710393726825714,-0.01749444752931595,0.06793948262929916,-0.0623290091753006,0.031142601743340492,0.034176938235759735,0.13642042875289917,-0.06841852515935898,-0.03823302686214447,0.1551360785961151,0.005670061334967613,0.2651297152042389,0.06044158339500427,0.023329710587859154,-0.20088669657707214,0.08181332796812057,0.11309127509593964,-0.11999543756246567,0.025960266590118408,0.32609033584594727,-0.2701643109321594,-0.0028484032955020666,0.08801090717315674,-0.28849178552627563,0.5006046891212463,-1.0249370336532593,0.12725909054279327,0.2946438491344452,-0.3351490795612335,-0.05614945665001869,0.005832383409142494,0.07437197864055634,-0.16424903273582458,-0.014481346122920513,-0.05320945754647255,0.24865014851093292,-0.06597180664539337,-0.1271713525056839,-0.07561478018760681,0.044358350336551666,0.10446760058403015,-0.26977166533470154,0.42792367935180664,-0.01957015134394169,-0.09839023649692535,-0.031830281019210815,0.26799827814102173,-0.041581377387046814,0.1325223445892334,-0.2689550817012787,0.7909604907035828,-1.376006007194519,-1.320806860923767,0.03858080506324768,-0.588649332523346,-9.618648988407585e-08,0.00868323352187872,-0.00039979431312531233,-2.0038878574268892e-06,2.6926932150672656e-07,-2.9026199626969174e-05,-0.00076980737503618,-0.4827083647251129,0.20455998182296753,0.06653854995965958,-0.0014097340172156692,0.017668073996901512,0.03360258787870407,0.09670555591583252,0.07580826431512833,0.07163187116384506
116,-0.001129406038671732,-0.005598105024546385,-0.01177555788308382,-0.016001977026462555,-0.018227480351924896,-0.01540667749941349,-0.01112033985555172,-0.009900239296257496,-0.008423292078077793,-0.008421606384217739,-0.004976114723831415,-0.0013302232837304473,0.003606887301430106,0.00991837028414011,0.01563212089240551,0.013387897983193398,0.0047595808282494545,-0.0010896754683926702,-0.0023515343200415373,0.000861643988173455,0.0013355399714782834,-0.003604704048484564,-0.012147084809839725,-0.023641804233193398,-0.033931706100702286,-0.020978037267923355,-0.030159030109643936,-0.02039918303489685,-0.021899959072470665,-0.020994888618588448,-0.028076257556676865,-0.020274635404348373,-0.019052650779485703,-0.02774464525282383,-0.04591963067650795,-0.08731331676244736,-0.13626797497272491,-0.14411261677742004,-0.13736893236637115,-0.09604114294052124,-0.09466993063688278,-0.09527309983968735,-0.08868884295225143,-0.07160221040248871,-0.1277610808610916,-0.08564794808626175,-0.08290612697601318,-0.060902126133441925,-0.05006078630685806,-0.031160429120063782,-0.04266306012868881,-0.030484553426504135,-0.03020855039358139,-0.024196751415729523,-0.02454189769923687,-0.010497444309294224,-0.011694038286805153,-0.015207720920443535,-0.026612278074026108,-0.04810304567217827,-0.014899960719048977,-0.0317712165415287,-0.05355742201209068,0.004145531915128231,-0.023826964199543,-0.04650474712252617,0.04063676670193672,-0.0033910495694726706,-0.08598974347114563,0.014687339775264263,0.005219448357820511,-0.020235421136021614,-0.031138351187109947,-0.1590290069580078,-0.014249821193516254,-0.002858974039554596,0.07251089811325073,-0.02448056824505329,-0.010811812244355679,-0.025305096060037613,-0.05269579216837883,0.019925199449062347,-0.03182244673371315,-7.739432476228103e-06,0.005194636527448893,-0.0711154043674469,0.031692951917648315,-0.04428626596927643,0.1106671467423439,-0.1277908831834793,0.01767916977405548,0.03167186677455902,0.10043415427207947,-0.07465997338294983,-0.0605212077498436,0.09710849821567535,-0.060974352061748505,0.2937619090080261,0.012669632211327553,0.03988278657197952,-0.2620764970779419,0.1426677107810974,0.06117139011621475,-0.09642452001571655,-0.009736467152833939,0.2647767961025238,-0.2127835899591446,0.10481590032577515,-0.10375826805830002,0.3252657949924469,-0.34590592980384827,0.2086278796195984,-0.22662033140659332,-0.01935909129679203,0.10643051564693451,0.1113637164235115,-0.19770106673240662,0.41427311301231384,-0.3749236464500427,0.1055818498134613,0.016583869233727455,0.201260507106781,-0.06110842525959015,-0.13434703648090363,-0.05595681443810463,0.005580435041338205,0.17013847827911377,-0.26149073243141174,0.44926148653030396,-0.07654944062232971,-0.06071804463863373,-0.013854052871465683,0.19393524527549744,-0.3296825885772705,0.13734906911849976,0.39901214838027954,-0.4662236273288727,0.19837890565395355,0.14266148209571838,-0.010113668628036976,0.06700606644153595,2.175878535126685e-06,-0.038164444267749786,0.0003646573459263891,-1.8993446246895473e-06,7.306804263862432e-07,8.811393490759656e-05,0.0004068612470291555,2.0154125690460205,-0.3154418468475342,-0.028477856889367104,0.01158044021576643,0.008709782734513283,0.010930590331554413,-0.045446235686540604,-0.027539068832993507,-0.0022379057481884956
117,-0.0011524526635184884,-0.0059958393685519695,-0.011736703105270863,-0.015470936894416809,-0.017468253150582314,-0.014972507022321224,-0.010616323910653591,-0.009116540662944317,-0.008260958828032017,-0.009203135035932064,-0.007193558383733034,-0.005687587428838015,-0.005583389196544886,-0.0032370665576308966,0.004731243941932917,0.013377020135521889,0.014745081774890423,0.007769037038087845,0.00016175898781511933,-0.004575015977025032,-0.003735164413228631,0.0033431327901780605,0.0023413992021232843,-0.0053287167102098465,-0.01958058401942253,-0.017275694757699966,-0.02874329686164856,-0.02149869315326214,-0.024061493575572968,-0.023887740448117256,-0.0323932021856308,-0.019728418439626694,-0.010818938724696636,-0.009107534773647785,-0.012194923125207424,-0.02042875811457634,-0.032571423798799515,-0.041368044912815094,-0.05564048886299133,-0.05862274020910263,-0.07613924890756607,-0.09742824733257294,-0.11194503307342529,-0.10656888037919998,-0.19947335124015808,-0.1255452036857605,-0.10613320767879486,-0.06478045880794525,-0.04559752717614174,-0.020858485251665115,-0.018672438338398933,-0.0036902388092130423,0.004142269492149353,0.010797634720802307,0.011906825006008148,-0.0038593134377151728,-0.018254538998007774,-0.026865163818001747,-0.04005861654877663,-0.06538527458906174,-0.021425126120448112,-0.03625946864485741,-0.05434245988726616,-0.0036407478619366884,-0.022658908739686012,-0.03499498590826988,0.027659930288791656,-0.004899934399873018,-0.10319046676158905,0.008717388845980167,-0.00036045361775904894,-0.03889799863100052,-0.038241639733314514,-0.15955816209316254,-0.016519304364919662,-0.005557418335229158,0.05146903544664383,-0.033085595816373825,-0.013685746118426323,0.009399713948369026,-0.020100250840187073,0.01705438643693924,-0.030649961903691292,-0.014336943626403809,-0.033097997307777405,-0.04003468528389931,0.013732546009123325,-0.03272496536374092,0.05773301050066948,-0.12205778062343597,0.011314948089420795,0.03227757662534714,0.10857705026865005,-0.07978145778179169,-0.056994616985321045,0.05141875892877579,-0.04961003363132477,0.12050545960664749,-0.037730950862169266,-0.004150737542659044,-0.19550977647304535,0.11396412551403046,0.03802641108632088,-0.09637603163719177,-0.0037037781439721584,0.26016321778297424,-0.23267920315265656,0.050695523619651794,-0.09875813126564026,0.28661447763442993,-0.2250601053237915,0.22725357115268707,-0.16243091225624084,0.00065663643181324,0.07075207680463791,0.0888863280415535,-0.20342205464839935,0.2990863025188446,-0.32312512397766113,0.1123637780547142,0.04846545308828354,0.20693939924240112,-0.0533132404088974,-0.12124444544315338,-0.017204690724611282,-0.036548763513565063,0.15697257220745087,-0.13916705548763275,0.2832956314086914,-0.07153072953224182,0.01656237430870533,0.00353373889811337,0.1829933226108551,-0.2539481818675995,0.11791300773620605,0.34546780586242676,-0.43426063656806946,0.14234167337417603,0.1770835816860199,-0.061502233147621155,0.06709794700145721,-6.54111431686033e-07,-0.03931542485952377,-0.00035331922117620707,-1.8085358988173539e-06,-8.263320410151209e-07,-2.5194338377332315e-05,-0.00048348651034757495,1.3708091974258423,-0.12963023781776428,0.02334478870034218,0.004180891904979944,0.015073109418153763,0.040235262364149094,0.016718020662665367,0.018822934478521347,0.03223080560564995
118,-0.0011399812065064907,-0.004905369598418474,-0.009806796908378601,-0.010360904037952423,-0.012832212261855602,-0.010299458168447018,-0.008073064498603344,-0.0069367727264761925,-0.00634447205811739,-0.007130183279514313,-0.0054444740526378155,-0.00537235289812088,-0.00629822351038456,-0.008256775327026844,-0.005643764510750771,0.008206945843994617,0.04077834263443947,0.07470539212226868,0.15997110307216644,0.1985899657011032,0.2549637258052826,0.2503146529197693,0.09575646370649338,0.05776733160018921,0.0250533539801836,0.0032636942341923714,-0.003702375339344144,-0.007758051622658968,-0.015410976484417915,-0.020381707698106766,-0.04427703097462654,-0.0460389107465744,-0.04586387425661087,-0.04965149238705635,-0.05502259358763695,-0.0865798220038414,-0.11947564780712128,-0.1168973296880722,-0.11188259720802307,-0.08287142217159271,-0.0879233255982399,-0.09430775046348572,-0.09321243315935135,-0.08951643854379654,-0.1753997653722763,-0.10890989005565643,-0.0931416004896164,-0.04971544072031975,0.0005172661622054875,0.06675682216882706,0.19764915108680725,0.21366623044013977,0.21231980621814728,0.17183978855609894,0.12932702898979187,0.019509274512529373,-0.01668521761894226,-0.0298495814204216,-0.050814151763916016,-0.06969160586595535,-0.026139570400118828,-0.05008198320865631,-0.05675410479307175,0.006352271884679794,-0.024407783523201942,-0.02836724743247032,0.05042138323187828,0.0092150354757905,-0.06766519695520401,0.013392687775194645,0.0022056784946471453,-0.013303346000611782,-0.06680066138505936,-0.1293276995420456,-0.0044342102482914925,0.02083827741444111,-0.085113026201725,0.3029498755931854,0.3173086941242218,0.02253391034901142,-0.35089772939682007,0.35657966136932373,-0.0885724350810051,-0.1901748776435852,-0.10668940097093582,0.07785584032535553,-0.03681241348385811,-0.012782967649400234,0.07543324679136276,-0.06756576150655746,0.03323815390467644,0.04267770051956177,0.11521270126104355,-0.08861872553825378,-0.03814719244837761,0.14526480436325073,0.0020848179701715708,0.2622026205062866,0.060992080718278885,0.021605627611279488,-0.21862314641475677,0.07315634191036224,0.10670235753059387,-0.11097439378499985,0.01960279606282711,0.269611120223999,-0.27862998843193054,-0.01089049968868494,0.1134350523352623,-0.23826800286769867,0.6946320533752441,-1.0658305883407593,0.34049275517463684,0.2308827042579651,-0.46105802059173584,-0.09247227758169174,0.023660164326429367,0.0655551552772522,-0.1593710035085678,-0.013687667436897755,-0.10766683518886566,0.24463985860347748,-0.06824538111686707,-0.11539764702320099,-0.10627932101488113,0.015987426042556763,0.13116241991519928,-0.2712247371673584,0.4896678626537323,-0.031246468424797058,-0.17713090777397156,-0.06134247034788132,0.19097943603992462,-0.05300106853246689,0.0628352090716362,-0.15892170369625092,0.7526612281799316,-1.1659520864486694,-1.012787938117981,-0.08521280437707901,-1.0294355154037476,-6.089599935421575e-08,0.008619873784482479,-8.527954196324572e-05,2.2618266939389287e-06,2.4720254288013166e-08,-1.5899751815595664e-05,-0.0006297550280578434,-0.4084394574165344,0.16541673243045807,0.05680403113365173,0.0005182796157896519,0.017536044120788574,0.03083822689950466,0.09831922501325607,0.07726751267910004,0.07292292267084122
119,0.006204669363796711,0.027997341006994247,0.038312193006277084,0.02795279398560524,0.0112743079662323,-0.002209071535617113,-0.006978846620768309,-0.008472777903079987,-0.008127300068736076,-0.009220818057656288,-0.007210611831396818,-0.006268148776143789,-0.008353947661817074,-0.011635271832346916,-0.014030353166162968,-0.016302045434713364,-0.01465724315494299,-0.009195124730467796,-0.0059995572082698345,-0.000518013839609921,0.0008090726914815605,-0.003485659835860133,-0.012092775665223598,-0.023543624207377434,-0.0339387021958828,-0.021371139213442802,-0.030675726011395454,-0.021389463916420937,-0.025207675993442535,-0.028979167342185974,-0.05782467499375343,-0.05701524019241333,-0.05327144265174866,-0.056575000286102295,-0.06519670784473419,-0.09532071650028229,-0.12153375893831253,-0.09620994329452515,-0.056990064680576324,-0.008709892630577087,0.04454351216554642,0.10148130357265472,0.1399541050195694,0.10119008272886276,0.10552133619785309,-0.014214470982551575,-0.0642739087343216,-0.069047711789608,-0.07177948206663132,-0.057159822434186935,-0.08846763521432877,-0.05748404935002327,-0.05116415396332741,-0.04154912009835243,-0.06011682748794556,-0.028580402955412865,-0.049139782786369324,-0.034176427870988846,-0.031520504504442215,-0.02032657526433468,-0.006484317127615213,-0.0020076127257198095,-0.013403249904513359,-0.005482587963342667,-0.01901538297533989,-0.046766847372055054,0.05223658308386803,-0.0021578259766101837,-0.09481612592935562,0.03585335239768028,0.0032276681158691645,-0.028033394366502762,-0.03535667806863785,-0.17484405636787415,-0.011719916015863419,-0.0075767203234136105,0.04392469674348831,-0.01989039219915867,-0.0019705574959516525,-0.04821178317070007,-0.09481927007436752,0.0018195416778326035,-0.06980326771736145,-0.11354143172502518,-0.16049689054489136,0.006558987777680159,-0.000980451819486916,-0.041093528270721436,0.11386924982070923,-0.1492462009191513,0.027956079691648483,0.05861012265086174,0.13862177729606628,-0.10553332418203354,-0.07431784272193909,0.1042863130569458,-0.04886515438556671,0.29620447754859924,0.010169894434511662,0.022815758362412453,-0.21174387633800507,0.11650306731462479,0.027441876009106636,-0.10182439535856247,0.004749568644911051,0.2880275845527649,-0.2548268735408783,0.12382977455854416,-0.10399920493364334,0.29214054346084595,-0.4166952669620514,0.19499549269676208,-0.21304543316364288,-0.045627668499946594,0.09690182656049728,0.1082114726305008,-0.21291831135749817,0.3087088465690613,-0.2826218008995056,0.0975489392876625,0.027682969346642494,0.1483398824930191,-0.08032360672950745,-0.05349442735314369,0.0401904433965683,-0.05902764946222305,0.13793908059597015,-0.20287764072418213,0.430987149477005,-0.09025875478982925,-0.06820213049650192,-0.029992183670401573,0.21574963629245758,-0.3467990458011627,0.14955417811870575,0.39658477902412415,-0.4734760522842407,0.16530971229076385,0.11824570596218109,-0.02747364714741707,0.08902458101511002,-6.871698587929131e-07,-0.014180216006934643,0.000422426441218704,2.4840535388648277e-06,-3.703311222125194e-07,-2.1187895981711335e-05,0.0023460888769477606,1.583668828010559,-0.2200809121131897,-0.0457589328289032,0.01826838217675686,-0.03204018622636795,0.022839276120066643,-0.052729155868291855,-0.04102737829089165,0.011397373862564564
120,-0.001142916502431035,-0.005599442403763533,-0.011603200808167458,-0.015951046720147133,-0.018108580261468887,-0.015361747704446316,-0.011064819060266018,-0.009885343722999096,-0.008591972291469574,-0.009425288066267967,-0.0075944093987345695,-0.006390504073351622,-0.008433382026851177,-0.011554647237062454,-0.013832920230925083,-0.01591593772172928,-0.014548145234584808,-0.009149803780019283,-0.006185620091855526,-0.00045933268847875297,0.001206095446832478,-0.0015966162318363786,-0.0072649684734642506,-0.010790902189910412,-0.009260479360818863,-0.0021404584404081106,-0.0005201581516303122,-0.003479808336123824,-0.007847508415579796,-0.012681173160672188,-0.02167789824306965,-0.018541941419243813,-0.018690312281250954,-0.027732593938708305,-0.04600931331515312,-0.08733020722866058,-0.13614872097969055,-0.1439353972673416,-0.13727404177188873,-0.09608765691518784,-0.09436722099781036,-0.09513629972934723,-0.08869370073080063,-0.07129929959774017,-0.12741976976394653,-0.08557507395744324,-0.08296496421098709,-0.06097706779837608,-0.0499827079474926,-0.03115793690085411,-0.0426899790763855,-0.030336979776620865,-0.030482333153486252,-0.024344613775610924,-0.024540510028600693,-0.010433563031256199,-0.011659413576126099,-0.015232411213219166,-0.02690354362130165,-0.04865856096148491,-0.01542239636182785,-0.032712358981370926,-0.05444442480802536,0.0030785927083343267,-0.025441989302635193,-0.05111375078558922,0.0446399562060833,-0.0017273406265303493,-0.09050183743238449,0.02074260078370571,0.00531943142414093,-0.022557148709893227,-0.03758138790726662,-0.18100491166114807,-0.020607965067029,-0.005138176493346691,0.08334436267614365,-0.024961011484265327,-0.010585976764559746,-0.024356022477149963,-0.05418241024017334,0.01799336075782776,-0.03152457997202873,-0.0002218358713435009,0.004292624071240425,-0.07150379568338394,0.030166663229465485,-0.04506896808743477,0.10687462985515594,-0.12642699480056763,0.01340501569211483,0.0267273411154747,0.08472679555416107,-0.07464087754487991,-0.05780429020524025,0.09263363480567932,-0.06177043914794922,0.29143109917640686,0.010512241162359715,0.03740273788571358,-0.26487088203430176,0.1424846053123474,0.06398254632949829,-0.0955406129360199,-0.011114113964140415,0.28432220220565796,-0.21203698217868805,0.11451887339353561,-0.1079941913485527,0.3339984118938446,-0.36251261830329895,0.21169860661029816,-0.2402084469795227,-0.016038816422224045,0.10559560358524323,0.1125989630818367,-0.19681872427463531,0.41296038031578064,-0.37378165125846863,0.10853507369756699,0.019114796072244644,0.20120647549629211,-0.060480184853076935,-0.13554297387599945,-0.05648907646536827,0.009693311527371407,0.17297685146331787,-0.26225194334983826,0.4479815661907196,-0.07408630847930908,-0.05877562612295151,-0.014031513594090939,0.19851262867450714,-0.3287651538848877,0.14290650188922882,0.3974907398223877,-0.46321725845336914,0.18920087814331055,0.14112865924835205,-0.007074418012052774,0.06996128708124161,2.248678356409073e-06,-0.03786049410700798,0.0003666712436825037,-1.8758140640784404e-06,7.611008641106309e-07,8.818571950541809e-05,0.0004072622105013579,2.0808374881744385,-0.32800528407096863,-0.023651795461773872,0.011032969690859318,0.027793386951088905,0.010635384358465672,-0.04546165093779564,-0.020368345081806183,-0.002497861161828041
121,-0.0009810462361201644,-0.0057289316318929195,-0.010965803638100624,-0.013370056636631489,-0.015718083828687668,-0.01420949399471283,-0.010196046903729439,-0.008544187992811203,-0.0078058261424303055,-0.0090463412925601,-0.0073096430860459805,-0.00628188019618392,-0.00832116138190031,-0.011478818021714687,-0.014019899070262909,-0.017256084829568863,-0.018683992326259613,-0.017789717763662338,-0.02522759512066841,-0.028021706268191338,-0.03623808175325394,-0.04741095006465912,-0.03350411728024483,-0.03383737802505493,-0.03218493610620499,-0.013609637506306171,-0.009504562243819237,-0.00106658018194139,0.00041595828952267766,-0.006213514134287834,-0.030475473031401634,-0.044186607003211975,-0.04654504731297493,-0.04772837087512016,-0.05310319364070892,-0.06777181476354599,-0.08560501039028168,-0.07865383476018906,-0.08489368855953217,-0.07305684685707092,-0.08350037783384323,-0.10042554885149002,-0.112129807472229,-0.10831695050001144,-0.1986881047487259,-0.12496823817491531,-0.11740349978208542,-0.08399783819913864,-0.08060205727815628,-0.05536636337637901,-0.08953694254159927,-0.05878951773047447,-0.0525691844522953,-0.047515325248241425,-0.06384334713220596,-0.03159651905298233,-0.05007456988096237,-0.03715195134282112,-0.03374902531504631,-0.03271491825580597,-0.007942062802612782,0.0016285604797303677,0.028334390372037888,-0.014314080588519573,0.041322290897369385,0.06886996328830719,-0.051085464656353,-0.006565257906913757,0.06058427691459656,-0.02550685964524746,-0.008017655462026596,0.0042373063042759895,0.005841512233018875,-0.022310275584459305,0.0012037573615089059,-0.00603858008980751,0.044174738228321075,-0.06011370196938515,-0.04430599510669708,0.043082624673843384,0.01197408139705658,0.002538139931857586,-0.01817513257265091,0.028090421110391617,0.023333942517638206,-0.09341821074485779,0.03517673909664154,-0.030950170010328293,0.10595202445983887,-0.13056623935699463,0.014241723343729973,0.03531334549188614,0.08348771929740906,-0.0703456848859787,-0.049088254570961,0.05338486656546593,-0.04886946082115173,0.170059934258461,-0.03704562038183212,0.017317745834589005,-0.24239754676818848,0.12759318947792053,0.04422501474618912,-0.08446501940488815,0.009294277988374233,0.3167192339897156,-0.27331680059432983,0.09172877669334412,-0.07941250503063202,0.37106403708457947,-0.3611876964569092,0.3142215609550476,-0.19620557129383087,-0.01963507942855358,0.07105634361505508,0.10660025477409363,-0.21402408182621002,0.33049240708351135,-0.2839356064796448,0.07432669401168823,0.028774984180927277,0.06304924935102463,-0.05305605009198189,0.02990679256618023,0.04752335697412491,-0.058198459446430206,0.1716274619102478,-0.09473609924316406,0.22719235718250275,-0.059610676020383835,0.04813563823699951,0.009537529200315475,0.03985307738184929,0.06375535577535629,0.11055051535367966,0.07199868559837341,-0.28864991664886475,0.07963085174560547,0.18763531744480133,-0.05301064997911453,0.06309878826141357,-1.5576328848965204e-07,9.494694677414373e-05,-0.00026330037508159876,-9.160212357528508e-07,-1.5568866729154252e-07,-2.199233858846128e-05,-0.0005186701309867203,0.3705606460571289,-0.009366246871650219,0.044718947261571884,0.0008599901921115816,0.05190751701593399,0.041938431560993195,0.05934986099600792,-0.004135851748287678,0.06074494868516922
122,-0.001190201728604734,-0.005246673710644245,-0.01007880363613367,-0.010884382762014866,-0.01329503022134304,-0.01043140422552824,-0.008161261677742004,-0.00705938832834363,-0.006530027370899916,-0.007203395012766123,-0.0055450270883738995,-0.005373521242290735,-0.006248914171010256,-0.00830752681940794,-0.005517730955034494,0.008398350328207016,0.04072080925107002,0.07321123033761978,0.15990705788135529,0.1950754076242447,0.2514207065105438,0.2524626851081848,0.10435666888952255,0.06578528881072998,0.02899070456624031,0.0029660887084901333,-0.005948507227003574,-0.009438290260732174,-0.016896899789571762,-0.0215557049959898,-0.04570693522691727,-0.04671600088477135,-0.04635711386799812,-0.05056370422244072,-0.05695616081357002,-0.0870521068572998,-0.12030942738056183,-0.1199239119887352,-0.11365874856710434,-0.08525478839874268,-0.08919833600521088,-0.09666209667921066,-0.09600747376680374,-0.09133334457874298,-0.1777973473072052,-0.11030367016792297,-0.09123969078063965,-0.04487914592027664,0.01141408272087574,0.07908045500516891,0.20499835908412933,0.21771547198295593,0.2131517380475998,0.16395814716815948,0.11879215389490128,0.01628553308546543,-0.01971014030277729,-0.029809994623064995,-0.05014964938163757,-0.07030311226844788,-0.030940691009163857,-0.05100196599960327,-0.05967574939131737,5.900151882087812e-05,-0.025924133136868477,-0.031383708119392395,0.05037468671798706,0.010059766471385956,-0.07043284922838211,0.019540991634130478,-0.000894784287083894,-0.010036484338343143,-0.0624685063958168,-0.12967613339424133,-0.00210780231282115,0.018353961408138275,-0.05447493493556976,0.4118042290210724,0.3232949376106262,0.06150000914931297,-0.2622797191143036,0.30184364318847656,-0.07402324676513672,-0.16816198825836182,-0.12058074027299881,0.0706842839717865,-0.025653380900621414,-0.017645755782723427,0.08298459649085999,-0.06310859322547913,0.030127957463264465,0.0369170680642128,0.13093535602092743,-0.08245662599802017,-0.04082538187503815,0.15872003138065338,0.004857972729951143,0.2693823277950287,0.0655021145939827,0.03143856301903725,-0.2073054015636444,0.07728464156389236,0.10885293036699295,-0.12336348742246628,0.024676568806171417,0.2898447811603546,-0.26038306951522827,-0.01761144958436489,0.11718086153268814,-0.29991114139556885,0.5470466017723083,-1.0411511659622192,0.17665018141269684,0.22828294336795807,-0.43170711398124695,-0.0815267264842987,-0.008448250591754913,0.08684485405683517,-0.17997731268405914,-0.020039815455675125,-0.08825342357158661,0.26410913467407227,-0.06929320842027664,-0.13238736987113953,-0.08712185174226761,0.035363320261240005,0.12230224907398224,-0.2748979926109314,0.45832687616348267,-0.018799837678670883,-0.13760577142238617,-0.045117251574993134,0.23604503273963928,-0.04746704921126366,0.084632009267807,-0.1807135045528412,0.8068689703941345,-1.3478983640670776,-0.9047317504882812,-0.23994584381580353,-0.8662468791007996,-9.520015709085783e-08,0.00799170508980751,-0.0002933553187176585,2.4857411062839674e-07,1.129771547425662e-07,-2.5000739697134122e-05,-0.0006895699771121144,-0.15351366996765137,0.17952029407024384,0.05873215198516846,-0.00031119209597818553,0.018051475286483765,0.03318362310528755,0.09549423307180405,0.07616492360830307,0.07086826115846634
123,-0.0007891690474934876,-0.0033882788848131895,-0.00328345550224185,0.0006261176895350218,0.007020042277872562,0.010190590284764767,0.007486153859645128,0.005320220720022917,0.005776830483227968,0.009957851842045784,0.009759499691426754,0.008338868618011475,0.005824450869113207,-0.0002902773558162153,-0.007455086335539818,-0.014291317202150822,-0.017292222008109093,-0.015834173187613487,-0.019632576033473015,-0.016535762697458267,-0.009012330323457718,0.011142789386212826,0.023548128083348274,0.033373136073350906,0.027845963835716248,0.005742137786000967,-0.006054939702153206,-0.013021116144955158,-0.02116081863641739,-0.02754918485879898,-0.052453186362981796,-0.04764305427670479,-0.03756432235240936,-0.03184828162193298,-0.0348413847386837,-0.056328944861888885,-0.0959828719496727,-0.1088956817984581,-0.11687836050987244,-0.08918282389640808,-0.09575383365154266,-0.10635414719581604,-0.11242992430925369,-0.1054697334766388,-0.1848718374967575,-0.10225048661231995,-0.07620778679847717,-0.03310014307498932,-0.012881600297987461,-0.002649742877110839,-0.013308057561516762,-0.015491378493607044,-0.012635258957743645,0.00315259862691164,0.03014777973294258,0.019712498411536217,0.03970251977443695,0.014883564785122871,0.0023884763941168785,-0.009889502078294754,-0.00911597441881895,-0.018346386030316353,-0.03724824637174606,-0.00532533461228013,-0.028694257140159607,-0.04536669701337814,0.027993464842438698,-0.00862082652747631,-0.08081936836242676,-0.0013533689780160785,-0.003703715745359659,-0.027354365214705467,-0.024558700621128082,-0.1280936896800995,-0.015003221109509468,-0.01114541944116354,0.05599718540906906,-0.04319485276937485,-0.021634260192513466,0.017804479226469994,-0.016111277043819427,0.018190238624811172,-0.03049274906516075,-0.030677227303385735,-0.04328456521034241,-0.019547956064343452,-0.00627149548381567,-0.02649543806910515,0.010805109515786171,-0.1081174835562706,0.00021846087474841624,0.029456326737999916,0.08522221446037292,-0.07214446365833282,-0.06363603472709656,0.05607466772198677,-0.05237632989883423,0.10410354286432266,-0.05307827517390251,-0.040234047919511795,-0.09990572184324265,0.03550480306148529,-0.014367097057402134,-0.08527505397796631,0.0049245646223425865,0.17442505061626434,-0.21699556708335876,0.02796175889670849,-0.12049276381731033,0.260329931974411,-0.3011167049407959,0.24946683645248413,-0.163350448012352,-0.026615938171744347,0.06327671557664871,0.0741858184337616,-0.19904272258281708,0.22892746329307556,-0.23431754112243652,0.05784113332629204,0.029674693942070007,0.093694768846035,-0.04740467667579651,-0.11632373183965683,-0.03281702473759651,-0.040237121284008026,0.17658890783786774,-0.2733522951602936,0.4276156723499298,-0.07444573193788528,0.0034727896563708782,-0.0007131785969249904,0.1331833004951477,-0.014227306470274925,0.1056232824921608,0.06486756354570389,-0.24822837114334106,0.04380720108747482,0.1486012190580368,-0.05171087756752968,0.06547513604164124,-9.472940831756205e-08,-0.029938124120235443,-0.0003784026193898171,-1.99418764168513e-06,3.6165593542136776e-07,-2.73631503659999e-05,-0.0007182336412370205,0.909002959728241,-0.04311197251081467,0.027651680633425713,0.0029042535461485386,-0.019816448912024498,0.03579552099108696,0.0284178014844656,0.029100732877850533,0.046268586069345474
124,0.0014566241297870874,0.009515238925814629,0.021894358098506927,0.022814014926552773,0.037588972598314285,0.03438406437635422,0.021861739456653595,0.014462366700172424,0.006730616092681885,0.0019980573561042547,-0.0003830390051007271,0.00045991153456270695,0.003198161954060197,0.008256090804934502,0.011027764528989792,0.007241212762892246,-0.0001244457671418786,-0.005170438438653946,-0.0070462822914123535,0.002004260430112481,0.027895117178559303,0.08129829913377762,0.09030947089195251,0.11074216663837433,0.11439599841833115,0.05022445693612099,0.048206645995378494,0.021859291940927505,0.018510470166802406,0.03233836218714714,0.11288166046142578,0.16427084803581238,0.17406819760799408,0.16323086619377136,0.15788665413856506,0.129139706492424,0.10035758465528488,0.04740360379219055,0.022066965699195862,-0.002371711190789938,-0.016434719786047935,-0.02599751017987728,-0.02337235026061535,-0.008595281280577183,0.026353688910603523,0.05111410468816757,0.08625373244285583,0.09894759953022003,0.13200627267360687,0.08079852908849716,0.12384571135044098,0.06710034608840942,0.04908737167716026,0.04054788127541542,0.06016106903553009,0.05133017525076866,0.10725674033164978,0.10256016999483109,0.17700640857219696,0.2159276008605957,0.10483585298061371,0.13456517457962036,0.16427023708820343,0.04671003669500351,0.054141815751791,0.0831030085682869,-0.048390693962574005,-0.006344197317957878,0.1183319017291069,0.006538343615829945,0.006426854524761438,0.05459029972553253,0.04167582467198372,0.20868797600269318,0.10538270324468613,0.11349152028560638,-0.06941313296556473,0.2020190805196762,0.08176626265048981,-0.0010095988400280476,-0.024034086614847183,-0.002850523218512535,-0.02090802602469921,-0.060002513229846954,-0.08321750909090042,0.1952570229768753,-0.08307986706495285,0.04613940417766571,-0.14948518574237823,0.31455910205841064,-0.07709291577339172,-0.03507951274514198,-0.2097313404083252,0.19401240348815918,0.24908281862735748,-0.12800902128219604,0.16969290375709534,-0.5236753821372986,0.07316181808710098,-0.17510966956615448,0.5673495531082153,-0.3444133698940277,-0.18494141101837158,0.2968721389770508,-0.10494884103536606,-0.8581334352493286,0.821140468120575,-0.06934154778718948,0.060304805636405945,-0.2244202047586441,0.17618289589881897,-0.16791270673274994,0.04545993357896805,-0.08797391504049301,-0.10832906514406204,-0.1340201497077942,0.32455065846443176,-0.8121187686920166,0.6959179043769836,-0.2854580581188202,-0.596429705619812,-0.7092546820640564,-0.14640983939170837,0.5280908942222595,0.10460899770259857,0.163725346326828,-0.29713740944862366,0.5609186291694641,-1.1001791954040527,0.02079256996512413,0.3295372426509857,0.12775376439094543,-0.9022242426872253,1.7057855129241943,-0.05995995178818703,-1.263412594795227,0.9509100317955017,-0.569818377494812,0.03799859434366226,0.4034880995750427,-0.16463249921798706,2.1549067241721787e-07,-0.029796559363603592,-0.0003109320532530546,-3.5288928756926907e-06,8.441271006631723e-07,-2.4015933377086185e-05,-0.0006854491657577455,-5.162709712982178,0.2853682041168213,0.04427141323685646,-0.0048028635792434216,-0.020754266530275345,0.028707921504974365,0.03752658888697624,0.04960460215806961,0.03831683471798897
125,-0.001470182673074305,-0.00614209845662117,-0.01112824585288763,-0.014951549470424652,-0.01754315197467804,-0.014944231137633324,-0.010711189359426498,-0.0091853691264987,-0.008139352314174175,-0.009051681496202946,-0.007101176306605339,-0.005959665402770042,-0.008030964061617851,-0.01088619139045477,-0.013026672415435314,-0.01491524837911129,-0.013806083239614964,-0.008674251846969128,-0.005668180994689465,-0.0008316140156239271,0.001269760075956583,-0.0032620057463645935,-0.01125134713947773,-0.02271880954504013,-0.03256109356880188,-0.020742684602737427,-0.02932889573276043,-0.021569669246673584,-0.02497198060154915,-0.02987116202712059,-0.0555201955139637,-0.05238334834575653,-0.04553262144327164,-0.034468501806259155,-0.017080172896385193,0.023658359423279762,0.10752639174461365,0.12988290190696716,0.10307794064283371,0.023047614842653275,-0.0266096293926239,-0.0708763599395752,-0.09980573505163193,-0.10308302938938141,-0.18755929172039032,-0.11915367841720581,-0.11059796810150146,-0.06974054127931595,-0.05495071783661842,-0.030708637088537216,-0.04203034192323685,-0.032659854739904404,-0.03700856864452362,-0.039792463183403015,-0.057974547147750854,-0.02938791736960411,-0.05172222852706909,-0.04043811932206154,-0.04713151231408119,-0.06884583830833435,-0.023942355066537857,-0.04681767150759697,-0.06652501970529556,-0.008087638765573502,-0.025849169120192528,-0.03076576255261898,0.009430757723748684,-0.013723775744438171,-0.0678672194480896,-0.001881101750768721,-0.0007325318874791265,-0.021375270560383797,-0.03699100762605667,-0.10650302469730377,-0.0005350815481506288,-0.0034704238642007113,0.0009524961351417005,-0.018574301153421402,-0.015038909390568733,0.039197564125061035,-0.00015158034511841834,0.014165597967803478,-0.019708966836333275,0.021414360031485558,0.025799205526709557,-0.10535291582345963,0.030789688229560852,-0.034094974398612976,0.12690463662147522,-0.11756337434053421,0.04555460065603256,0.043371401727199554,0.15599748492240906,-0.052735693752765656,-0.0401187390089035,0.039213456213474274,-0.01712803915143013,-0.032436810433864594,-0.06126963347196579,-0.03055890090763569,-0.1932596117258072,0.0954299196600914,0.06930877268314362,-0.08992427587509155,-0.01675737462937832,0.13841228187084198,-0.21187499165534973,-0.005440146196633577,-0.08653295040130615,0.35743072628974915,-0.22804418206214905,0.2829146683216095,-0.1390097737312317,-0.004143828526139259,-0.1005534678697586,-0.033968888223171234,-0.15197518467903137,0.43721047043800354,-0.6152936816215515,0.06697702407836914,0.0740148201584816,0.2929900288581848,-0.015314447693526745,-0.14838159084320068,-0.023248862475156784,-0.006459331605583429,0.16394267976284027,-0.15561948716640472,0.3460823893547058,-0.05813771113753319,-0.054117485880851746,-0.033729299902915955,0.1912466138601303,-0.19827286899089813,0.11934790760278702,0.07379437983036041,-0.28801029920578003,0.010345421731472015,0.18326200544834137,-0.053108055144548416,0.0668429508805275,-3.147109168821771e-07,-0.018277306109666824,6.214846507646143e-05,1.2287508752706344e-06,-4.789079071088054e-07,-1.3871993360226043e-05,0.0008492543711327016,0.5575124025344849,-0.06516554206609726,0.028908099979162216,-0.0040883030742406845,0.026820950210094452,0.02441677451133728,0.007699551526457071,0.03619960695505142,0.026094527915120125
126,0.006222814787179232,0.028057493269443512,0.03828573226928711,0.02757941000163555,0.011177976615726948,-0.0021979918237775564,-0.006899865809828043,-0.008386414498090744,-0.008065258152782917,-0.00916443020105362,-0.007151584606617689,-0.00623889546841383,-0.008339245803654194,-0.01162590179592371,-0.01401958242058754,-0.016260456293821335,-0.014653995633125305,-0.009178034029901028,-0.005975672975182533,-0.00048309104749932885,0.0007972110761329532,-0.0034010305535048246,-0.012077664025127888,-0.023476801812648773,-0.03394250571727753,-0.021487481892108917,-0.030744273215532303,-0.021460015326738358,-0.025125833228230476,-0.029051631689071655,-0.05797939375042915,-0.057161230593919754,-0.053196560591459274,-0.057208433747291565,-0.06671087443828583,-0.10089029371738434,-0.13605330884456635,-0.1130443662405014,-0.06524226069450378,-0.0005446316790767014,0.06795772910118103,0.12784379720687866,0.15358217060565948,0.09895151853561401,0.0849655270576477,-0.025416502729058266,-0.07011725753545761,-0.0714774876832962,-0.07318829745054245,-0.05730554088950157,-0.08929692208766937,-0.05794861540198326,-0.05198352411389351,-0.04188745096325874,-0.06058948114514351,-0.029455743730068207,-0.049810029566287994,-0.03494030982255936,-0.03222750127315521,-0.02030174434185028,-0.006571963429450989,-0.0012399193365126848,-0.013136256486177444,-0.005805824417620897,-0.020041754469275475,-0.04791221767663956,0.04862657189369202,-0.0054028453305363655,-0.09740916639566422,0.03546067327260971,-0.002457997063174844,-0.032495249062776566,-0.03729695454239845,-0.18486808240413666,-0.016792163252830505,-0.012144987471401691,0.04876810684800148,-0.020394345745444298,-0.002044473774731159,-0.05067901685833931,-0.10047952830791473,-0.0017130660125985742,-0.07647685706615448,-0.11925452202558517,-0.1510290503501892,-0.0011840882943943143,0.006322560831904411,-0.04387649521231651,0.11616921424865723,-0.1521366536617279,0.022257506847381592,0.061646468937397,0.13732166588306427,-0.10552515089511871,-0.07476025819778442,0.10196378827095032,-0.04840703681111336,0.29423630237579346,0.00797782838344574,0.021458622068166733,-0.21245041489601135,0.11513788253068924,0.02516709826886654,-0.10341139137744904,0.007732541300356388,0.28883305191993713,-0.256239652633667,0.12654028832912445,-0.11184202879667282,0.286370187997818,-0.42337867617607117,0.20453785359859467,-0.22544115781784058,-0.061719607561826706,0.08574140816926956,0.10782860219478607,-0.23046652972698212,0.34320610761642456,-0.28605684638023376,0.0952608734369278,0.03155222535133362,0.12167158722877502,-0.07350540906190872,-0.038706984370946884,0.05294918268918991,-0.05500123277306557,0.14931412041187286,-0.22188051044940948,0.44014883041381836,-0.09535357356071472,-0.06400033831596375,-0.02670120820403099,0.23030313849449158,-0.3533470034599304,0.1480402648448944,0.3886055648326874,-0.4684360921382904,0.16111895442008972,0.12064288556575775,-0.033170342445373535,0.08951174467802048,-1.9398565598294226e-07,-0.007904772646725178,0.0005465276772156358,2.7402356863603927e-06,-6.453347509705054e-07,2.856724677258171e-06,0.0024152493569999933,1.6373677253723145,-0.19906440377235413,-0.0426466278731823,0.015937872231006622,-0.031882934272289276,0.02247573994100094,-0.052436407655477524,-0.039900969713926315,0.004350720904767513
127,0.0010902277426794171,0.00852438248693943,0.018762223422527313,0.01740582473576069,0.02100365236401558,0.013400235213339329,0.00787679385393858,0.007899689488112926,0.00901078525930643,0.010225027799606323,0.00476315151900053,0.0011470986064523458,-0.0007336428388953209,0.0006957966834306717,0.010871389880776405,0.03104461170732975,0.05247480422258377,0.06148647144436836,0.07892300933599472,0.06395183503627777,0.0511755496263504,0.03991279751062393,0.024839287623763084,0.03898484259843826,0.058038387447595596,0.03680531308054924,0.04666709154844284,0.02701178938150406,0.02351115457713604,0.029801087453961372,0.08493988960981369,0.11527311056852341,0.12599541246891022,0.13691288232803345,0.15535911917686462,0.15238286554813385,0.13620184361934662,0.06379230320453644,0.0372125543653965,0.020804012194275856,0.022676164284348488,0.03009866736829281,0.03650534152984619,0.03660893812775612,0.07489711046218872,0.0496252067387104,0.03704746812582016,0.017087241634726524,0.006302590016275644,0.005754600279033184,0.03711614012718201,0.04583385959267616,0.058240801095962524,0.05528007820248604,0.07905130088329315,0.04839087277650833,0.07527314871549606,0.05647331848740578,0.07201659679412842,0.09747277200222015,0.05070749297738075,0.08154028654098511,0.13301445543766022,0.02915135584771633,0.0558348186314106,0.07586072385311127,-0.06313280016183853,0.0035763047635555267,0.04725532978773117,-0.007967970333993435,0.0013383252080529928,0.013912954367697239,0.021440688520669937,0.14343908429145813,0.0720338374376297,0.0956115797162056,-0.0776231661438942,0.20106881856918335,0.09830910712480545,-0.0006517752190120518,-0.02178824692964554,0.03419820964336395,-0.019649246707558632,-0.09431079775094986,-0.08002089709043503,0.22696097195148468,-0.05273381620645523,0.04133790358901024,-0.07466596364974976,0.166342094540596,-0.010484151542186737,-0.04607493057847023,-0.2086314558982849,0.173893004655838,0.22412192821502686,-0.12340430915355682,0.06635762751102448,-0.47077444195747375,0.02266092784702778,-0.20799805223941803,0.3478561341762543,-0.2747913897037506,-0.16778288781642914,0.132548987865448,-0.11180619895458221,-0.5034235715866089,0.5229161977767944,-0.1654563546180725,-0.004797033965587616,-0.26167523860931396,0.21828459203243256,-0.13470494747161865,0.0322490818798542,-0.019319288432598114,-0.053790707141160965,-0.12469983100891113,0.37940552830696106,-0.7784711122512817,0.6712211966514587,-0.23745320737361908,-0.2278505265712738,-0.4031584560871124,0.05170360207557678,0.3307889997959137,0.20894482731819153,0.148691326379776,-0.308412104845047,0.745467483997345,-0.8877046704292297,-0.02110425941646099,0.14012263715267181,0.06965234130620956,-0.4285094439983368,0.9183504581451416,-0.09689095616340637,-0.6966297030448914,0.6028825044631958,-0.3899003863334656,-0.0864584669470787,0.2488330602645874,-0.12297814339399338,2.526172693251283e-07,-0.038257405161857605,-0.00033982019522227347,-3.773609932977706e-06,8.919903962123499e-07,-2.7317573767504655e-05,-0.0007299589924514294,-4.393269062042236,0.2774662375450134,0.04640030115842819,-0.004005481023341417,-0.02105890028178692,0.03180065006017685,0.039828043431043625,0.05468912422657013,0.04562974348664284
128,-0.001194844488054514,-0.005204346496611834,-0.009737592190504074,-0.010629265569150448,-0.012870436534285545,-0.009979387745261192,-0.007944134995341301,-0.0066540976986289024,-0.0064724585972726345,-0.0068171825259923935,-0.005383382551372051,-0.005254501011222601,-0.006049115676432848,-0.007945429533720016,-0.005735933315008879,0.007120736408978701,0.03751062601804733,0.0692145973443985,0.15874646604061127,0.1962287425994873,0.24222540855407715,0.23726068437099457,0.09395889937877655,0.056986477226018906,0.024704603478312492,0.003288404783234,-0.00355939450673759,-0.007598708383738995,-0.014924151822924614,-0.02081717923283577,-0.0446954183280468,-0.044968295842409134,-0.04513205587863922,-0.04970831051468849,-0.05572476610541344,-0.08328667283058167,-0.11566105484962463,-0.11595719307661057,-0.10873093456029892,-0.08114316314458847,-0.08565103262662888,-0.09288126975297928,-0.09310386329889297,-0.08990058302879333,-0.17079396545886993,-0.10807540267705917,-0.09104597568511963,-0.05131431296467781,-0.0037098347675055265,0.06168510019779205,0.1842557042837143,0.1995103806257248,0.2084164023399353,0.17306867241859436,0.12749843299388885,0.018543533980846405,-0.017365548759698868,-0.026984885334968567,-0.048121675848960876,-0.06798495352268219,-0.0316723994910717,-0.04855405166745186,-0.059341635555028915,-0.00252178474329412,-0.02606028877198696,-0.03842601925134659,0.042517710477113724,0.001227926928550005,-0.07783285528421402,0.023908555507659912,-0.0007299521239474416,-0.01243418175727129,-0.05768296867609024,-0.1314653903245926,-0.00013389962259680033,0.024116484448313713,-0.05175412446260452,0.5094719529151917,0.25781702995300293,-0.008139058016240597,-0.17071455717086792,0.2952788472175598,-0.08072475343942642,-0.19693291187286377,-0.10711298137903214,0.07853588461875916,-0.04032222181558609,-0.01907353475689888,0.06600974500179291,-0.06049264594912529,0.031482864171266556,0.037829626351594925,0.13959045708179474,-0.0666620060801506,-0.03692711517214775,0.15105800330638885,0.009035322815179825,0.2629612982273102,0.05645248666405678,0.017590297386050224,-0.19900183379650116,0.07955639809370041,0.10664521902799606,-0.11348909884691238,0.0223908219486475,0.336506187915802,-0.27867695689201355,0.006627501919865608,0.06809867918491364,-0.27412718534469604,0.49316170811653137,-1.0000756978988647,0.08718926459550858,0.31718626618385315,-0.35165974497795105,-0.059304919093847275,0.006959111895412207,0.07356211543083191,-0.16029532253742218,-0.006918326020240784,-0.04659085348248482,0.24478019773960114,-0.0620422437787056,-0.13196562230587006,-0.06580310314893723,0.052310630679130554,0.10670040547847748,-0.2628370523452759,0.42332160472869873,-0.02135700359940529,-0.10283421725034714,-0.03330673277378082,0.2786894738674164,-0.08147769421339035,0.13188040256500244,-0.22718946635723114,0.7302306294441223,-1.1384196281433105,-1.4140570163726807,-0.0015249429270625114,-0.5935541391372681,-9.154732083516137e-08,0.008623232133686543,-0.00035153658245690167,-8.843878731568111e-07,2.6745965442387387e-07,-2.8515971280285157e-05,-0.0007156130159273744,-0.5218328237533569,0.21036413311958313,0.06860598176717758,-0.0017237069550901651,0.01752057485282421,0.033399637788534164,0.09801098704338074,0.07514144480228424,0.07145248353481293
129,0.0005952977226115763,0.005982769653201103,0.020956937223672867,0.03087812103331089,0.06826244294643402,0.07336098700761795,0.052956584841012955,0.03961842879652977,0.02261187508702278,0.010190035216510296,1.948291355802212e-05,-0.0027686243411153555,-0.004698541481047869,-0.008506976999342442,-0.01066411379724741,-0.01280959788709879,-0.012937291525304317,-0.010392620228230953,-0.007785148452967405,0.0037697781808674335,0.034007977694272995,0.0958513543009758,0.10413707792758942,0.13684991002082825,0.14640742540359497,0.06722060590982437,0.062071219086647034,0.024644875898957253,0.010960110463202,0.009384702891111374,0.04907974228262901,0.09633354842662811,0.11678206920623779,0.12338513135910034,0.13004669547080994,0.11228960752487183,0.08698980510234833,0.046310894191265106,0.028457116335630417,0.008242132142186165,-0.012352952733635902,-0.03671040013432503,-0.05033184960484505,-0.048958856612443924,-0.04649272933602333,0.021166294813156128,0.0990256816148758,0.17070257663726807,0.2947414815425873,0.2858468294143677,0.4964052140712738,0.30725839734077454,0.24544575810432434,0.15779072046279907,0.13028772175312042,0.04708058387041092,0.04301576316356659,0.031291522085666656,0.06851403415203094,0.10549413412809372,0.0657477080821991,0.12311044335365295,0.16720318794250488,0.018863866105675697,0.04902542382478714,0.06631983071565628,-0.11399506032466888,-0.00392793258652091,0.22904208302497864,0.0630604475736618,0.0909508690237999,0.12203416228294373,0.06576153635978699,0.12892986834049225,0.04972047358751297,0.058954305946826935,-0.043625663965940475,0.15851038694381714,0.10658600181341171,-0.0026810134295374155,-0.0361519530415535,0.022194962948560715,-0.005450704600661993,-0.09533221274614334,-0.10343131422996521,0.2053743153810501,-0.10799000412225723,0.09351299703121185,-0.19052091240882874,0.16039390861988068,-0.09474791586399078,-0.05004461109638214,-0.24197950959205627,0.23889434337615967,0.32667237520217896,-0.363501638174057,0.39393502473831177,-0.8426972031593323,-0.055141981691122055,-0.1893465667963028,0.4627287983894348,-0.33800506591796875,-0.3092336654663086,0.2557063102722168,-0.18104252219200134,-0.919420599937439,1.135633945465088,-0.010785769671201706,0.19329844415187836,-0.40070000290870667,0.4128037095069885,-0.3264983892440796,0.26321014761924744,0.0851241871714592,-0.04816683381795883,-0.06292199343442917,0.5866438150405884,-0.8701603412628174,0.8718897700309753,-0.25263795256614685,-0.13269811868667603,-0.817692220211029,-0.03149482235312462,0.5649831295013428,0.3942298889160156,0.14290757477283478,-0.19896399974822998,0.557510495185852,-1.084695816040039,0.33708706498146057,0.11382298171520233,-0.05416521057486534,-0.42081350088119507,1.535218596458435,-0.422150194644928,-1.8440388441085815,2.142490863800049,-1.1705470085144043,-0.5024770498275757,0.23176629841327667,-0.09511997550725937,2.5591867824914516e-07,-0.01675187051296234,-0.00032926793210208416,-3.3639878438407322e-06,9.149383686235524e-07,-2.5055687729036435e-05,-0.0006916538695804775,-5.6505255699157715,0.3032304346561432,0.0435638353228569,-0.003975944127887487,-0.019417565315961838,0.029569394886493683,0.03780278190970421,0.05285661667585373,0.044034142047166824
130,0.00018691962759476155,0.0027562992181628942,0.009238778613507748,0.010604922659695148,0.017848804593086243,0.015291960909962654,0.009799616411328316,0.0043693119660019875,-0.0004621332627721131,-0.0045024324208498,-0.004445100203156471,-0.004686891566962004,-0.005941782612353563,-0.00929125864058733,-0.011846319772303104,-0.013197499327361584,-0.012962686829268932,-0.007486952003091574,0.0014529454056173563,0.019432470202445984,0.0646740272641182,0.1399521380662918,0.13014715909957886,0.1423814743757248,0.13307121396064758,0.0472785122692585,0.04217243939638138,0.01659782975912094,0.01544186007231474,0.028638174757361412,0.10458701848983765,0.1703050285577774,0.19956499338150024,0.21153277158737183,0.24996443092823029,0.25618770718574524,0.25422465801239014,0.15029241144657135,0.07913511246442795,0.006874082610011101,-0.03090296871960163,-0.058622315526008606,-0.075053371489048,-0.07138049602508545,-0.11101097613573074,-0.05199150741100311,-0.03122088313102722,-0.009631373919546604,0.0024435040540993214,0.00491711962968111,0.012188966386020184,0.007251484785228968,0.004728464875370264,0.006714950781315565,0.01516816858202219,0.011752883903682232,0.012276907451450825,0.0031404788605868816,0.0006362140411511064,0.020956387743353844,0.028562866151332855,0.10187268257141113,0.18666501343250275,0.05489983409643173,0.1063317358493805,0.10567735135555267,-0.04909190163016319,-0.028819868341088295,0.03811135143041611,-0.009778105653822422,0.0010014015715569258,-1.6394444173783995e-05,0.0014800617936998606,0.0029108943417668343,0.021590977907180786,0.013836686499416828,-0.032980065792798996,0.0491320975124836,0.009849774651229382,-0.004880441818386316,-0.021074814721941948,-0.006441446486860514,-0.023567166179418564,-0.05525389313697815,-0.08292393386363983,0.11999768018722534,-0.031224438920617104,0.011150353588163853,-0.08600064367055893,0.14171487092971802,-0.07268454134464264,-0.014768967404961586,-0.25410333275794983,0.21496012806892395,0.2648363709449768,-0.23486897349357605,0.23041664063930511,-0.737264096736908,0.01846551150083542,-0.15161943435668945,0.40351223945617676,-0.13485585153102875,-0.103281170129776,0.09336163848638535,-0.13039445877075195,-0.6154085993766785,0.5634393692016602,-0.07279288023710251,-0.08111131191253662,-0.276394784450531,0.1334584355354309,-0.1304178386926651,0.006533463019877672,-0.03206354379653931,-0.052467744797468185,-0.03951682522892952,-0.012471640482544899,-0.3233819603919983,0.1765337586402893,-0.09809482097625732,-0.25146594643592834,-0.3860663175582886,-0.11260384321212769,0.29881781339645386,0.07575198262929916,-0.03742166608572006,-0.20023277401924133,0.6049778461456299,-1.1061338186264038,-0.05313771218061447,-0.006601269356906414,0.03880327194929123,-0.4319652020931244,0.6638537645339966,-0.05606498196721077,-0.8418682813644409,1.255357027053833,-0.5333951115608215,-0.40579020977020264,0.37559330463409424,-0.16130974888801575,2.2733149762643734e-07,-0.017013248056173325,-0.0003330505278427154,-3.39100074597809e-06,8.29563930437871e-07,-2.6865995096159168e-05,-0.000643015606328845,-1.8899434804916382,0.27311497926712036,0.04949808120727539,-0.0037423400208353996,-0.021192487329244614,0.03255889564752579,0.0439261756837368,0.05298333987593651,0.05218483880162239
131,-0.000796126201748848,-0.005337797105312347,-0.010466020554304123,-0.011813118122518063,-0.014214185997843742,-0.01211827713996172,-0.008700410835444927,-0.007465839851647615,-0.006936242803931236,-0.008278368972241879,-0.006440999452024698,-0.005364434327930212,-0.007647994440048933,-0.010640723630785942,-0.011057247407734394,-0.007983792573213577,0.0022668337915092707,0.014099393971264362,0.028563112020492554,0.032841138541698456,0.029737386852502823,0.011917022056877613,-0.010064266622066498,-0.024826042354106903,-0.03352858126163483,-0.020918279886245728,-0.0295543372631073,-0.021957462653517723,-0.024576330557465553,-0.029487188905477524,-0.056414805352687836,-0.05438295006752014,-0.04875221848487854,-0.05175799876451492,-0.06490904092788696,-0.09420767426490784,-0.13464921712875366,-0.12382667511701584,-0.12122851610183716,-0.09096385538578033,-0.09346441179513931,-0.10151936113834381,-0.11170653253793716,-0.10646779835224152,-0.18559719622135162,-0.12375985085964203,-0.10817902535200119,-0.07155068963766098,-0.056208863854408264,-0.030473629012703896,-0.04236554354429245,-0.030547846108675003,-0.03269554674625397,-0.024631628766655922,-0.024184150621294975,-0.00732656754553318,-0.002627439796924591,0.0030304035171866417,0.0072391401045024395,0.032537560909986496,0.021955901756882668,0.028658617287874222,0.018314547836780548,-0.005118364002555609,-0.021534595638513565,-0.04203718155622482,0.033122677356004715,-0.022918885573744774,-0.07022809237241745,-0.004196998663246632,0.01391290221363306,0.048990070819854736,0.061070654541254044,0.14794182777404785,0.059107158333063126,0.019395289942622185,-0.07704190164804459,0.06825733929872513,-0.0002605851332191378,0.009580494835972786,-0.011508549563586712,-0.030370911583304405,-0.0341029055416584,-0.003441859735175967,-0.038919080048799515,-0.0016505622770637274,-0.0010734581155702472,-0.021900972351431847,0.06184104457497597,-0.11465567350387573,0.02548164688050747,0.05344752222299576,0.14259019494056702,-0.10040029883384705,-0.10254815220832825,0.13595737516880035,-0.07063085585832596,0.36116868257522583,-0.004652066621929407,0.03625689446926117,-0.21920715272426605,0.17131298780441284,0.08114669471979141,-0.09152881056070328,0.007725924719125032,0.34814170002937317,-0.2894456684589386,0.032776840031147,-0.04100663959980011,0.2073798030614853,-0.11640719324350357,0.19998592138290405,-0.08006159216165543,0.0397062711417675,-0.026250889524817467,-0.00136423553340137,-0.13638576865196228,0.1867600977420807,-0.1713636815547943,0.07571974396705627,0.030045412480831146,0.03313232213258743,-0.02423558384180069,-0.02371271140873432,0.024235621094703674,-0.04417504742741585,0.13918472826480865,0.19643302261829376,-0.16101934015750885,-0.0009750464232638478,0.019567662850022316,-0.027695639058947563,0.04699162021279335,0.1257755309343338,0.07382184267044067,-0.2993859350681305,-0.08345598727464676,0.044346533715724945,0.2726767957210541,0.01186962891370058,0.07744928449392319,-9.595056837952143e-08,0.023276260122656822,-0.00011380139039829373,6.151113893793081e-07,-1.3742302940045192e-07,-1.090467776521109e-05,-0.0003163576766382903,-0.3486001789569855,0.08790622651576996,0.06054975464940071,-0.0029892970342189074,0.022588396444916725,0.036524247378110886,0.0713379979133606,0.0909288227558136,0.06344996392726898
132,-0.0013701479183509946,-0.0038961698301136494,-0.0022397271823138,0.009501399472355843,0.033904559910297394,0.050174273550510406,0.048330582678318024,0.04466363787651062,0.030643919482827187,0.01578277163207531,0.0016546553233638406,-0.003670227713882923,-0.007055733818560839,-0.01115625910460949,-0.013617058284580708,-0.0165912676602602,-0.01842195726931095,-0.016833875328302383,-0.02411816269159317,-0.02865535579621792,-0.037295855581760406,-0.04848133400082588,-0.03462488576769829,-0.03655950352549553,-0.03955172002315521,-0.02207278087735176,-0.030473483726382256,-0.02093179151415825,-0.02414187230169773,-0.026540858671069145,-0.04461017623543739,-0.03298591077327728,-0.016837505623698235,-0.0028584154788404703,-0.0002890793839469552,-0.013326737098395824,-0.0571286715567112,-0.09836926311254501,-0.12139303982257843,-0.09252428263425827,-0.10071410983800888,-0.1122162863612175,-0.11624183505773544,-0.11130958050489426,-0.20049378275871277,-0.13003192842006683,-0.1057174801826477,-0.061165113002061844,-0.0320558175444603,0.008048542775213718,0.06275157630443573,0.07435581833124161,0.05341017618775368,0.04462900757789612,0.03505722060799599,-0.0036015501245856285,-0.029763421043753624,-0.03306654468178749,-0.05149544030427933,-0.0776829868555069,-0.03174921125173569,-0.0443265363574028,-0.07884737849235535,-0.010047320276498795,-0.035879019647836685,-0.07361133396625519,0.03126392886042595,-0.013980691321194172,-0.11047574132680893,0.018619678914546967,0.011200416833162308,-0.010294586420059204,-0.04499773681163788,-0.19201600551605225,-0.0284152589738369,-0.025145458057522774,0.06253843754529953,-0.04281715676188469,-0.01955997198820114,0.008402318693697453,-0.027051467448472977,0.012990549206733704,-0.025627242401242256,0.0029648749623447657,0.010794415138661861,-0.10894019156694412,0.029925554990768433,-0.07658714801073074,0.12481406331062317,-0.14900603890419006,0.02456623688340187,0.047364600002765656,0.17845629155635834,-0.06496883928775787,-0.08149367570877075,0.06649582833051682,-0.052084777504205704,0.14026528596878052,-0.03404960781335831,-0.018800929188728333,-0.17287223041057587,0.10173798352479935,0.02356349118053913,-0.13293339312076569,-0.04943525791168213,0.16572105884552002,-0.2263931930065155,-0.14398910105228424,-0.09570308774709702,0.08137018978595734,-0.10986685007810593,0.22056594491004944,-0.19159463047981262,-0.05780477449297905,0.008362837135791779,0.06634262204170227,-0.22508573532104492,0.4025763273239136,-0.5044348239898682,0.025984589010477066,0.04441872611641884,0.26713964343070984,-0.024268154054880142,-0.222469300031662,-0.19710691273212433,0.06310716271400452,0.1518692523241043,-0.4956594705581665,0.6208224892616272,-0.0674206092953682,-0.18244104087352753,0.07367362827062607,0.2428312748670578,-0.3754867911338806,0.06237618625164032,0.3287143409252167,-0.4293038249015808,0.2473347783088684,0.1616077721118927,-0.11602017283439636,0.045374419540166855,-6.989307053117955e-07,0.017016837373375893,0.0004056287289131433,4.75912247566157e-06,-1.0997748631780269e-06,-1.732209238980431e-05,0.0019006800139322877,2.200692892074585,-0.23461012542247772,-0.03535809367895126,0.009648442268371582,-0.020844774320721626,0.043157998472452164,-0.02465096488595009,-0.027524791657924652,-0.07735688239336014
133,-0.0009257838246412575,-0.004695618059486151,-0.009410059079527855,-0.00867561623454094,-0.013300091959536076,-0.010886721312999725,-0.007819700054824352,-0.006331196986138821,-0.005299405660480261,-0.003703223541378975,0.002239265711978078,0.010981086641550064,0.031201286241412163,0.07053720206022263,0.09720772504806519,0.09998495876789093,0.0649978369474411,0.03627046197652817,0.028342876583337784,0.03043242171406746,0.041796911507844925,0.057463597506284714,0.03857070952653885,0.05728939548134804,0.08752217888832092,0.06467559188604355,0.08926892280578613,0.05405477061867714,0.04377307370305061,0.045538049191236496,0.12955543398857117,0.16919760406017303,0.15171074867248535,0.12187328189611435,0.08049048483371735,0.03646540269255638,-0.017543688416481018,-0.04501141607761383,-0.04081212356686592,-0.009449467062950134,0.023674413561820984,0.057033367455005646,0.05185799300670624,0.025287242606282234,0.0034780362620949745,-0.00040078372694551945,0.01648699678480625,0.030368218198418617,0.04390372335910797,0.047527506947517395,0.13513845205307007,0.14632849395275116,0.21101891994476318,0.17204616963863373,0.19168870151042938,0.07093275338411331,0.06996306777000427,0.056952036917209625,0.08651973307132721,0.08926798403263092,0.023725168779492378,0.0160210058093071,-0.004716296214610338,-0.0037749477196484804,-0.010697811841964722,-0.011403191834688187,-0.020891210064291954,-0.004741143900901079,0.022897442802786827,-0.007258474361151457,-0.001348473015241325,-0.0030885536689311266,0.005160955246537924,0.0629478469491005,0.051609106361866,0.04450426995754242,-0.07060134410858154,0.11884576827287674,0.13254877924919128,-0.037000805139541626,-0.10530713945627213,0.10503717511892319,-0.029611071571707726,-0.1378166526556015,-0.148433655500412,0.37083911895751953,-0.28771254420280457,0.22875343263149261,-0.14636673033237457,0.09256615489721298,-0.052489399909973145,-0.008432966656982899,-0.18627221882343292,0.10816197842359543,0.05242851749062538,-0.19331933557987213,0.009963199496269226,-0.5315927863121033,-0.09033142030239105,-0.1252538561820984,0.24908126890659332,-0.27662885189056396,-0.17454005777835846,0.14346374571323395,-0.035949911922216415,-0.5487136244773865,0.8375477194786072,-0.24745114147663116,0.13895708322525024,-0.3403415381908417,0.358609139919281,-0.21380673348903656,0.2272472083568573,-0.04077480360865593,-0.09946306049823761,-0.33770182728767395,0.3975767493247986,-0.732751190662384,0.7432110905647278,-0.3373660445213318,0.008783007971942425,-0.639216959476471,0.2929132878780365,0.19486263394355774,0.7402091026306152,0.16249564290046692,-0.46959206461906433,0.5470000505447388,-0.8248093128204346,-0.044893622398376465,0.14342939853668213,0.08786235749721527,-0.14128422737121582,0.8616299033164978,-0.23037686944007874,-1.336529016494751,0.8640733957290649,-0.30712878704071045,0.23889783024787903,0.0732259675860405,-0.23420509696006775,1.6100008792818699e-07,-0.0462532639503479,-0.0002610034425742924,-3.3092810554080643e-06,6.166096682136413e-07,-1.5503041140618734e-05,-0.0005562468431890011,-2.551377534866333,0.2773806154727936,0.04591068625450134,-0.0048643238842487335,0.005499185062944889,0.03136639669537544,0.02816132828593254,0.06492128223180771,0.04807691648602486
134,-0.0010315992403775454,-0.005855770781636238,-0.01252987701445818,-0.014961548149585724,-0.017313048243522644,-0.0147090470418334,-0.010637765750288963,-0.00916340108960867,-0.008474658243358135,-0.009348230436444283,-0.007323653437197208,-0.006396806333214045,-0.008352408185601234,-0.011568443849682808,-0.013486544601619244,-0.01579991541802883,-0.014458644203841686,-0.008836503140628338,-0.005061514675617218,0.0006250772275961936,0.005289396271109581,0.008827886544167995,0.006121103186160326,0.00804604310542345,0.007768029347062111,0.0009933277033269405,-0.00697282562032342,-0.012588629499077797,-0.020734092220664024,-0.02862173318862915,-0.05606956034898758,-0.051816437393426895,-0.0389971099793911,-0.021975448355078697,0.004538403358310461,0.049044169485569,0.09969671070575714,0.07084374874830246,0.01558996457606554,-0.03837141394615173,-0.07313049584627151,-0.09826482832431793,-0.11742545664310455,-0.11120672523975372,-0.20395037531852722,-0.1338450312614441,-0.11902403831481934,-0.07982587069272995,-0.06921397149562836,-0.03314691036939621,-0.0058736358769237995,0.031360674649477005,0.04898857697844505,0.04347585141658783,0.03507189452648163,-0.0005355983739718795,-0.015248065814375877,-0.020242027938365936,-0.03263011574745178,-0.06002607196569443,-0.023021668195724487,-0.04278460517525673,-0.07606512308120728,-0.004204390570521355,-0.03361557424068451,-0.05286156013607979,0.028382228687405586,-0.01389376912266016,-0.07528980821371078,-0.0044661350548267365,-0.009200263768434525,-0.04079185053706169,-0.04478486254811287,-0.1804218292236328,-0.02952486276626587,-0.015219391323626041,0.05881809443235397,-0.06529182195663452,-0.026161154732108116,0.02251737378537655,-0.014864282682538033,0.014129435643553734,-0.030818257480859756,-0.0415634959936142,-0.05558321252465248,-0.0016556623158976436,0.005930869374424219,-0.03117181733250618,0.07727568596601486,-0.1225968673825264,0.013275775127112865,0.03970750793814659,0.14022196829319,-0.08889710903167725,-0.08842338621616364,0.06406782567501068,-0.04741000756621361,0.07714143395423889,-0.03242901340126991,-0.05228951945900917,-0.06641871482133865,0.039178892970085144,0.0005619581788778305,-0.08819360285997391,-0.009160634130239487,0.3327377736568451,-0.2824612259864807,0.06190071627497673,-0.1286727786064148,0.3366883099079132,-0.24075333774089813,0.22162257134914398,-0.1128275915980339,0.0029819076880812645,-0.019766680896282196,0.017703166231513023,-0.15441982448101044,0.0945483073592186,-0.23479807376861572,0.10484857857227325,0.05770335718989372,0.21234038472175598,-0.02614823915064335,-0.2515122592449188,-0.10325004160404205,0.007174650672823191,0.18705683946609497,-0.1242581233382225,0.08681663125753403,-0.09679321199655533,0.11769786477088928,-0.08298413455486298,0.05534765124320984,-0.08083394169807434,0.12263455986976624,0.2431706041097641,-0.41789573431015015,0.18089136481285095,0.16454356908798218,-0.07435812801122665,0.08473231643438339,-4.455582427453919e-07,-0.023654930293560028,-9.560037142364308e-05,-3.328713944483752e-07,-4.2874344785559515e-07,-2.131340079358779e-05,3.688610013341531e-05,0.9935086369514465,-0.06023091822862625,0.032221633940935135,-0.00141109898686409,0.028088703751564026,0.03545304387807846,0.021903179585933685,0.051802393049001694,0.03792412206530571
135,-0.0010384817142039537,-0.005570659413933754,-0.010689519345760345,-0.012334553524851799,-0.015810851007699966,-0.013719911687076092,-0.009458360262215137,-0.0077490913681685925,-0.005625049117952585,-0.003114079823717475,0.001898557529784739,0.006020798347890377,0.009541496634483337,0.010966290719807148,0.006222771946340799,-0.0039344290271401405,-0.012722296640276909,-0.01536686159670353,-0.024219855666160583,-0.026995772495865822,-0.03530934825539589,-0.046404022723436356,-0.03307647630572319,-0.032793913036584854,-0.03133479878306389,-0.012782997451722622,-0.007993116043508053,0.0017332889838144183,0.010143734514713287,0.021336667239665985,0.06991313397884369,0.0942114070057869,0.08766429871320724,0.06156374141573906,0.02791942097246647,-0.028318170458078384,-0.09821699559688568,-0.11730079352855682,-0.12375377118587494,-0.09108030050992966,-0.09214252233505249,-0.1051199808716774,-0.11136295646429062,-0.10836481302976608,-0.1971801221370697,-0.12057149410247803,-0.1136397048830986,-0.07838136702775955,-0.06825990229845047,-0.0331566259264946,-0.01940685138106346,0.012474508956074715,0.020319366827607155,0.01733570732176304,-0.0026849189307540655,-0.01754741370677948,-0.04250779375433922,-0.03457536920905113,-0.04312551021575928,-0.04563520476222038,-0.012236475944519043,-0.01744109019637108,-0.02178865671157837,-0.007219103630632162,-0.009662393480539322,-0.011800860986113548,0.003914278466254473,-0.010927066206932068,-0.08895931392908096,0.006820653099566698,0.01296709943562746,-0.03005017153918743,-0.04076901078224182,-0.17721787095069885,-0.01977386325597763,-0.014901642687618732,0.06553791463375092,-0.05882483720779419,-0.03909585252404213,0.022345198318362236,-0.005244562402367592,0.010524772107601166,-0.028521966189146042,-0.015560053288936615,-0.044745031744241714,-0.01479370053857565,-0.012696990743279457,-0.025394827127456665,0.02746650204062462,-0.13714157044887543,0.01859467662870884,0.037444040179252625,0.12280380725860596,-0.0910351499915123,-0.0761326476931572,0.05539218336343765,-0.058228664100170135,0.11012430489063263,-0.04116790369153023,-0.05420056730508804,-0.06009557843208313,0.003446493297815323,-0.04170412942767143,-0.050188712775707245,0.013428302481770515,-0.015719212591648102,-0.13525976240634918,-0.004735033493489027,-0.1080206036567688,0.29924410581588745,-0.2977563738822937,0.311105877161026,-0.21774406731128693,-0.017271462827920914,0.12422442436218262,0.13465642929077148,-0.26102519035339355,0.38516965508461,-0.295584112405777,0.07915131747722626,0.0466923862695694,0.09656034409999847,-0.044878438115119934,-0.046244390308856964,0.014571236446499825,-0.05506066977977753,0.1750711053609848,-0.21189431846141815,0.42129072546958923,-0.07068362832069397,-0.024857908487319946,0.008242370560765266,0.15416042506694794,-0.030749395489692688,0.09748513251543045,0.09283529222011566,-0.21308457851409912,-0.048258863389492035,0.08462679386138916,-0.02428182028234005,0.049085017293691635,2.5281018167788716e-08,-0.00838549342006445,3.163399378536269e-05,3.7956428400320874e-07,-9.607822448742809e-08,-1.8457568558005732e-06,6.442106678150594e-05,0.7243615984916687,-0.033547114580869675,0.049539003521203995,0.0016037017339840531,0.0031912329141050577,0.03370007500052452,0.05691804736852646,0.04291163757443428,0.062340106815099716
136,-0.0013654218055307865,-0.0053867376409471035,-0.010798363015055656,-0.013320685364305973,-0.015540060587227345,-0.012445984408259392,-0.0059729404747486115,0.0017846868140622973,0.020033689215779305,0.05538591742515564,0.0791594609618187,0.07687891274690628,0.07700558006763458,0.07485873997211456,0.042866338044404984,0.01571056991815567,-0.0046315924264490604,-0.00982014648616314,-0.015132557600736618,-0.01945195160806179,-0.029374374076724052,-0.03578014671802521,-0.02808055654168129,-0.02823641151189804,-0.0191824808716774,0.0030570945236831903,0.042691104114055634,0.056154318153858185,0.09598837047815323,0.11855344474315643,0.13610108196735382,0.053206779062747955,-0.005124910268932581,-0.03535141423344612,-0.055991023778915405,-0.09218917042016983,-0.13380014896392822,-0.12671208381652832,-0.11995521932840347,-0.08875903487205505,-0.07714519649744034,-0.06908225268125534,-0.03622381016612053,0.03390689194202423,0.23814979195594788,0.25457677245140076,0.3122408092021942,0.17425329983234406,0.08598487824201584,0.016754481941461563,-0.03125152736902237,-0.038822609931230545,-0.03657612204551697,-0.033867090940475464,-0.04798693582415581,-0.020701676607131958,-0.0410231277346611,-0.017537331208586693,-0.00932290405035019,0.032873447984457016,-0.02926640585064888,0.12969867885112762,0.45339396595954895,-0.03398744761943817,0.18621587753295898,0.19380013644695282,-0.016445670276880264,0.0009278887882828712,-0.04590775445103645,0.038164615631103516,0.005600727163255215,-0.008232404477894306,-0.03716869279742241,-0.13790081441402435,0.011253926903009415,0.027175309136509895,-0.029614679515361786,0.004637702368199825,0.08688819408416748,-0.3362383246421814,-0.5079956650733948,-0.19138139486312866,-0.1408184915781021,-0.23759493231773376,-0.05254606902599335,-0.04771796613931656,0.031269971281290054,-0.04530109092593193,0.13508188724517822,-0.1412908434867859,0.03831139951944351,0.05884155258536339,0.10838280618190765,-0.038077760487794876,0.006873475853353739,-0.40077075362205505,0.7762035727500916,-2.2012951374053955,-0.5930039286613464,0.18541397154331207,0.3553260862827301,0.05103650689125061,-0.0004807609657291323,-0.06074356660246849,-0.007465170230716467,0.282379150390625,-0.1619798243045807,0.10647568106651306,-0.004888478200882673,0.3867209553718567,-0.3837677240371704,0.22483070194721222,-0.2613520622253418,0.08400940895080566,0.42164891958236694,0.0953238382935524,0.023051569238305092,0.5322163105010986,-0.32725369930267334,0.055389098823070526,-0.013672135770320892,0.1752341091632843,0.14238882064819336,-0.19794149696826935,0.0035292692482471466,-0.01901138573884964,0.12722770869731903,-0.428016722202301,0.4565211832523346,0.009334969334304333,-0.07040097564458847,-0.24350374937057495,0.16465914249420166,-0.4871618449687958,0.2636044919490814,0.3693992495536804,-0.3536020815372467,0.3485533893108368,-0.024642013013362885,0.13026651740074158,0.020716406404972076,6.881167337269289e-06,-0.015239120461046696,0.0015968248480930924,-3.461993401288055e-06,6.36561253486434e-07,0.0002895143406931311,0.002437493996694684,-0.1973080337047577,0.0008254552958533168,-0.10129401087760925,-0.007995056919753551,0.00033893727231770754,-0.16671109199523926,-0.0678083673119545,-0.11218391358852386,-0.12277644127607346
137,-0.0013051059795543551,-0.0038278314750641584,-0.003006888087838888,0.004449288360774517,0.017395442351698875,0.02495509758591652,0.023802602663636208,0.022247929126024246,0.016201170161366463,0.00865209847688675,0.00019021429761778563,-0.003811616450548172,-0.0071997386403381824,-0.011534629389643669,-0.014089662581682205,-0.017245281487703323,-0.019266286864876747,-0.01798117905855179,-0.02591567113995552,-0.02985583059489727,-0.038799840956926346,-0.05091589689254761,-0.03568757325410843,-0.03760910406708717,-0.04059770703315735,-0.022626349702477455,-0.031513508409261703,-0.02162805013358593,-0.025411073118448257,-0.028149200603365898,-0.04914599284529686,-0.03842432424426079,-0.018995044752955437,0.004365305881947279,0.022207453846931458,0.04032076895236969,0.022029735147953033,-0.0348225012421608,-0.08703841269016266,-0.08581575006246567,-0.10165061801671982,-0.11589568853378296,-0.11980225890874863,-0.11480585485696793,-0.20674003660678864,-0.13744160532951355,-0.10724838823080063,-0.06498592346906662,-0.043980956077575684,-0.018122978508472443,-0.015679853036999702,-0.006960233673453331,-0.00889978650957346,-0.008670203387737274,-0.019224179908633232,-0.01714063622057438,-0.0393187515437603,-0.03863776847720146,-0.05548208951950073,-0.08497832715511322,-0.040027592331171036,-0.04742531105875969,-0.08255014568567276,-0.009643553756177425,-0.03677663207054138,-0.07095573842525482,0.0348290354013443,-0.01997784711420536,-0.11667481064796448,0.008476046845316887,-0.006517263129353523,-0.02766472101211548,-0.057700853794813156,-0.20930498838424683,-0.04398830607533455,-0.04220544546842575,0.05418993532657623,-0.05359185114502907,-0.02332034707069397,0.012245789170265198,-0.02145538106560707,0.010045822709798813,-0.028158865869045258,-0.003252594266086817,-0.0021275111939758062,-0.11023681610822678,0.01990547589957714,-0.08619357645511627,0.11997916549444199,-0.14935775101184845,0.01964251883327961,0.046486083418130875,0.17106834053993225,-0.0821622759103775,-0.09909293800592422,0.09063302725553513,-0.05707777664065361,0.25752806663513184,0.0033405038993805647,0.01515243761241436,-0.22062017023563385,0.12729798257350922,0.03273994103074074,-0.13735432922840118,-0.043982841074466705,0.239271879196167,-0.21130841970443726,-0.09039697796106339,-0.09214642643928528,0.03222578391432762,-0.04813661053776741,0.23506586253643036,-0.11638880521059036,-0.031424570828676224,0.003100917674601078,0.09045714139938354,-0.24203921854496002,0.4016318917274475,-0.5116075873374939,0.022978149354457855,0.008233833126723766,0.2836340367794037,-0.046122778207063675,-0.21816964447498322,-0.1915448009967804,0.05942874029278755,0.18079626560211182,-0.42988401651382446,0.6048126816749573,-0.05048774927854538,-0.1567491739988327,0.08214955776929855,0.24196088314056396,-0.3371288478374481,0.023633021861314774,0.3495727777481079,-0.4209495186805725,0.2424868941307068,0.161871537566185,-0.11753904074430466,0.05289135500788689,-1.0599545703371405e-06,0.01689339242875576,-7.540117803728208e-05,2.676059239092865e-06,-1.8367330767432577e-06,-2.8214204576215707e-05,-0.00039136831765063107,2.7831761837005615,-0.24293114244937897,-0.0191762987524271,0.005933270789682865,-0.022834541276097298,0.037195611745119095,-0.019416069611907005,-0.03834330663084984,-0.07005710899829865
138,0.0007295770919881761,0.008106761611998081,0.02314043417572975,0.025308670476078987,0.04099646583199501,0.034850962460041046,0.022726058959960938,0.014570405706763268,0.00734051875770092,0.003637132467702031,0.0014776677126064897,0.0026866430416703224,0.005611567758023739,0.009126583114266396,0.008728951215744019,0.002524712821468711,-0.004300125874578953,-0.0062108030542731285,-0.0025406237691640854,0.015015766024589539,0.06013455614447594,0.14355221390724182,0.13435561954975128,0.13555409014225006,0.10073888301849365,0.02558116987347603,0.006549266632646322,-0.002698643831536174,0.004881035070866346,0.03239574655890465,0.13177554309368134,0.178008034825325,0.17047159373760223,0.14239735901355743,0.12461532652378082,0.10771668702363968,0.10581473261117935,0.06935757398605347,0.04101739078760147,-0.0019387099891901016,-0.030272850766777992,-0.05129818990826607,-0.05957815423607826,-0.04089892655611038,-0.007471395656466484,0.05482616275548935,0.10950085520744324,0.12269876897335052,0.15048514306545258,0.08627352863550186,0.12052804976701736,0.06722544133663177,0.05428340658545494,0.0516425222158432,0.08517184853553772,0.06748051196336746,0.11398325115442276,0.09017544984817505,0.14769668877124786,0.19154681265354156,0.09580098092556,0.13312703371047974,0.17016005516052246,0.04836210608482361,0.07709444314241409,0.13268131017684937,-0.07770832628011703,0.0027825923170894384,0.10092341154813766,-0.0013158812653273344,-0.003627403639256954,0.018825503066182137,0.02057424746453762,0.19636711478233337,0.12909813225269318,0.1367177665233612,-0.09072784334421158,0.18376588821411133,0.0564446859061718,-0.0032474182080477476,-0.020168926566839218,0.002953912131488323,-0.027698516845703125,-0.10499460995197296,-0.11028113961219788,0.2400469332933426,-0.07673235982656479,0.05300462990999222,-0.10305671393871307,0.23903197050094604,-0.10215397924184799,-0.053215060383081436,-0.2651282250881195,0.2210916131734848,0.3850778341293335,-0.14037489891052246,0.11139844357967377,-0.4193240702152252,0.010177048854529858,-0.1519850343465805,0.46435731649398804,-0.3529583811759949,-0.19498296082019806,0.3522348403930664,-0.13728536665439606,-0.8390269875526428,0.7726633548736572,-0.06887079030275345,0.16878178715705872,-0.33864831924438477,0.2667567729949951,-0.18157778680324554,0.0353986956179142,-0.07732792943716049,-0.10047505795955658,-0.11054039746522903,0.4404418468475342,-0.9441226720809937,0.8850643634796143,-0.3013601005077362,-0.49232661724090576,-0.6001307964324951,-0.2219945639371872,0.5114873051643372,0.06350913643836975,0.1627078801393509,-0.33548012375831604,0.615225076675415,-1.132077693939209,0.08136697858572006,0.3298247158527374,-0.019702130928635597,-1.0058138370513916,1.5470396280288696,-0.05553125590085983,-1.2985035181045532,0.9400109648704529,-0.5591974258422852,0.089213527739048,0.6305970549583435,-0.27268871665000916,2.360182946858913e-07,-0.028278280049562454,-0.0003101751790381968,-3.181053443768178e-06,8.204895038943505e-07,-2.4122075046761893e-05,-0.0006753293564543128,-5.000663757324219,0.2844763696193695,0.04478025436401367,-0.004432836081832647,-0.01793176680803299,0.02948392741382122,0.035098567605018616,0.047834936529397964,0.039953701198101044
139,-0.000999345676973462,-0.005871150642633438,-0.011107780039310455,-0.012777524068951607,-0.015722274780273438,-0.013721439987421036,-0.009878871962428093,-0.008405329659581184,-0.007576086558401585,-0.008424516767263412,-0.005463637411594391,-0.003126618219539523,4.586454451782629e-06,0.0065020122565329075,0.01470724307000637,0.01654769293963909,0.007104122545570135,-0.004635959398001432,-0.01746434159576893,-0.024643762037158012,-0.033226121217012405,-0.037836987525224686,-0.017880231142044067,-0.006726658903062344,0.0013002094347029924,0.0003682380774989724,-0.0058848061598837376,-0.011446303687989712,-0.019982336089015007,-0.027564911171793938,-0.05659814551472664,-0.05704473704099655,-0.05347929894924164,-0.05506203696131706,-0.06753022968769073,-0.10033939778804779,-0.1430719941854477,-0.1346520036458969,-0.12816227972507477,-0.09390759468078613,-0.09770268946886063,-0.10895630717277527,-0.11048537492752075,-0.10049691051244736,-0.16818292438983917,-0.09328790754079819,-0.0735224112868309,-0.0508241206407547,-0.05447366461157799,-0.04654546454548836,-0.07967624068260193,-0.053322337567806244,-0.047069769352674484,-0.03298838809132576,-0.03229290246963501,-0.011092517524957657,-0.009247026406228542,-0.0072821034118533134,-0.013503476977348328,-0.01830737665295601,-0.00944802351295948,-0.020188383758068085,-0.04340878501534462,-0.004753889981657267,-0.02613389678299427,-0.04000918194651604,0.02370060794055462,-0.014471110887825489,-0.03209436684846878,-0.023176027461886406,-0.019698046147823334,0.017651403322815895,0.030959073454141617,0.11942996829748154,0.03443670645356178,0.004552175756543875,-0.00560592208057642,-0.030671339482069016,-0.031487345695495605,0.01732250675559044,-0.00740541098639369,-0.0005491651245392859,-0.029689621180295944,-0.022655602544546127,-0.04295355826616287,0.009530059061944485,-0.0051491884514689445,-0.01767544448375702,0.038708191365003586,-0.1002499982714653,-0.001587254460901022,0.021731968969106674,0.0630471259355545,-0.06909306347370148,-0.0696038231253624,0.10686555504798889,-0.06778880208730698,0.4191147983074188,-6.0970727645326406e-05,0.08793208003044128,-0.3073424696922302,0.16305187344551086,0.08236366510391235,-0.08707263320684433,0.003105479758232832,0.31613776087760925,-0.3044944107532501,0.05995992571115494,-0.1290615350008011,0.26681798696517944,-0.25660520792007446,0.2329745590686798,-0.12571336328983307,0.01136662159115076,-0.03812665119767189,-0.022846566513180733,-0.07211233675479889,0.0868123397231102,-0.22838401794433594,0.0832960456609726,0.0387430340051651,0.14815577864646912,-0.03829867020249367,-0.0746738389134407,0.006799635477364063,-0.027088819071650505,0.16867512464523315,-0.05833779647946358,0.0487237349152565,-0.07144787907600403,0.13230152428150177,-0.03604283183813095,0.07151972502470016,0.05541500449180603,0.10889238864183426,0.1744527965784073,-0.29641294479370117,0.0902387797832489,0.16966767609119415,-0.022447338327765465,0.052468784153461456,-7.936799306662579e-08,-0.0033689162228256464,-0.00027196467272005975,-9.901099247144884e-07,2.2289609091785678e-07,-2.2013682610122487e-05,-0.0006105073262006044,0.49636730551719666,0.006329888012260199,0.04383663460612297,-0.0011592924129217863,0.010717662051320076,0.040915507823228836,0.051062073558568954,0.008120098151266575,0.05509369075298309
140,-0.001225921674631536,-0.005100630689412355,-0.010299867950379848,-0.01097746193408966,-0.013644695281982422,-0.010765200480818748,-0.008566191419959068,-0.007198063191026449,-0.006627012975513935,-0.007400732021778822,-0.005690911319106817,-0.005591270513832569,-0.006557635497301817,-0.008780574426054955,-0.006225761491805315,0.00736932922154665,0.039295945316553116,0.07320625334978104,0.15431253612041473,0.19503676891326904,0.26477745175361633,0.2794564664363861,0.11993404477834702,0.08327983319759369,0.03508162871003151,0.0008975646342150867,-0.01228143461048603,-0.012935992330312729,-0.019832231104373932,-0.022585036233067513,-0.047020427882671356,-0.0483752079308033,-0.0474395751953125,-0.052014172077178955,-0.056744370609521866,-0.09091204404830933,-0.12502962350845337,-0.12354829162359238,-0.1185973659157753,-0.08754605799913406,-0.09250262379646301,-0.0998057946562767,-0.09781311452388763,-0.09393513947725296,-0.18187755346298218,-0.11131970584392548,-0.08656010031700134,-0.028527757152915,0.04782077297568321,0.11872962862253189,0.25439998507499695,0.22893546521663666,0.19485968351364136,0.1356007605791092,0.08853717148303986,0.006104988045990467,-0.02631406858563423,-0.03492678329348564,-0.054664209485054016,-0.07296581566333771,-0.02864806540310383,-0.051284439861774445,-0.06105802580714226,0.0045387474820017815,-0.027369705960154533,-0.027851125225424767,0.053944896906614304,0.005758827086538076,-0.06939080357551575,0.008638136088848114,-0.006595906335860491,-0.01943895034492016,-0.06728183478116989,-0.13927315175533295,-0.008155155926942825,0.0141829252243042,-0.07862383872270584,0.28776174783706665,0.317864328622818,0.03323991596698761,-0.3925396502017975,0.4090656340122223,-0.07419497519731522,-0.21168528497219086,-0.08454915136098862,0.05639265477657318,-0.014242975041270256,-0.0241249930113554,0.10358267277479172,-0.061368778347969055,0.028302758932113647,0.04620904475450516,0.1303645223379135,-0.10106848925352097,-0.03963511437177658,0.15551002323627472,-0.0004544736002571881,0.2756599485874176,0.07044414430856705,0.02208254486322403,-0.22640445828437805,0.08763868361711502,0.09593980014324188,-0.13166293501853943,0.018994973972439766,0.23768490552902222,-0.21339339017868042,-0.06796642392873764,0.25042399764060974,-0.35717853903770447,0.652764618396759,-1.10198175907135,0.31630104780197144,0.3091065585613251,-0.4032975435256958,-0.06443148851394653,-0.0452570840716362,0.1352253556251526,-0.22277085483074188,-0.01344532985240221,-0.11654066294431686,0.2790151834487915,-0.102787546813488,-0.13232645392417908,-0.11154668778181076,0.03171601891517639,0.14069397747516632,-0.2848973870277405,0.4859510660171509,-0.03119160421192646,-0.1669379323720932,-0.08268055319786072,0.20768307149410248,-0.07096091657876968,0.06539981812238693,-0.06651119142770767,0.6416330337524414,-0.9890996217727661,-0.6431810855865479,-0.19177211821079254,-0.616025447845459,-5.3699295676779e-08,0.011832226999104023,7.379031740128994e-05,4.12941653848975e-06,-3.862331965365229e-08,-1.0021188245445956e-05,-0.0005716416635550559,-0.2679342031478882,0.1483878195285797,0.04752654582262039,0.0019674731884151697,0.019402148202061653,0.030532879754900932,0.004447454120963812,0.0753890872001648,0.0727151483297348
141,-0.0014697988517582417,-0.006165576167404652,-0.012339139357209206,-0.01710849069058895,-0.018305882811546326,-0.012228816747665405,-0.0024055843241512775,0.009509668685495853,0.023473801091313362,0.036337707191705704,0.030754661187529564,0.018705621361732483,0.011070766486227512,-7.4087678513024e-05,-0.00869081448763609,-0.015193256549537182,-0.018156709149479866,-0.016617290675640106,-0.02258944883942604,-0.02780498005449772,-0.0358821339905262,-0.04756063222885132,-0.03301885351538658,-0.03185119107365608,-0.025387853384017944,-0.004950191359966993,0.012049696408212185,0.019009552896022797,0.032439131289720535,0.03468406945466995,0.04232816770672798,0.00647532707080245,-0.02022593282163143,-0.03960428759455681,-0.05840357765555382,-0.09899520874023438,-0.14390498399734497,-0.14770662784576416,-0.13882051408290863,-0.09741572290658951,-0.09987594187259674,-0.1096261590719223,-0.11467986553907394,-0.10190842300653458,-0.1840304434299469,-0.10646989196538925,-0.07467316091060638,-0.029819529503583908,-0.009842501021921635,-0.003052385291084647,-0.024898122996091843,-0.03479621186852455,-0.03956979513168335,-0.03947042301297188,-0.05510803312063217,-0.025665922090411186,-0.04174518957734108,-0.025040000677108765,-0.023431329056620598,-0.025181923061609268,-0.010363765060901642,-0.02752314694225788,-0.05773220211267471,-0.0028367810882627964,-0.035934124141931534,-0.06632813811302185,0.03920210152864456,-0.0009199529886245728,-0.097804494202137,0.03612565994262695,0.013043314218521118,-0.012770160101354122,-0.033857155591249466,-0.16988636553287506,-0.011533546261489391,0.0009677960770204663,0.04726001247763634,-0.02277079038321972,-0.014550619758665562,-0.020197443664073944,-0.03653641790151596,0.0155157670378685,-0.019828172400593758,0.018890637904405594,0.02462754212319851,-0.09801214933395386,0.04006251320242882,-0.06560782343149185,0.129654198884964,-0.1352624148130417,0.03444009646773338,0.06164412572979927,0.15269410610198975,-0.058857839554548264,-0.06160131096839905,0.06257336586713791,-0.049870919436216354,0.05754213035106659,-0.06690435856580734,-0.03863134980201721,-0.14978674054145813,0.0918026715517044,0.04101739451289177,-0.09168395400047302,-0.035313572734594345,0.3473036289215088,-0.1838853359222412,0.12299912422895432,-0.12083882093429565,0.31094232201576233,-0.3217073678970337,0.20263218879699707,-0.25486254692077637,-0.023354696109890938,0.11098210513591766,0.08981137722730637,-0.1711682826280594,0.28278201818466187,-0.30897608399391174,0.10165408253669739,0.010637901723384857,0.2410590797662735,-0.021137334406375885,-0.20130442082881927,-0.09209530055522919,0.03435521200299263,0.17897014319896698,-0.41896361112594604,0.620128870010376,-0.09198297560214996,-0.2583445608615875,-0.03021695278584957,0.2691129744052887,-0.44466736912727356,0.18360182642936707,0.37729689478874207,-0.3928016722202301,0.12323446571826935,0.14972741901874542,-0.026818983256816864,0.06622102111577988,2.1053024568118417e-07,-0.016452031210064888,0.0005057284142822027,1.721011926747451e-06,3.471771208296559e-07,1.9106913896393962e-05,0.0015539656160399318,1.797231912612915,-0.25424128770828247,-0.007184324320405722,0.014318347908556461,-0.0052485959604382515,0.02870989590883255,-0.004426385276019573,0.02744780108332634,0.04316214472055435
142,0.00028002969338558614,0.004312209319323301,0.015051164664328098,0.027578791603446007,0.03627518564462662,0.028489669784903526,0.01596047729253769,0.012427506037056446,0.013237747363746166,0.015471232123672962,0.012360703200101852,0.007617391180247068,0.008422586135566235,0.011654596775770187,0.013940582051873207,0.012800038792192936,0.00595100736245513,2.2973974409978837e-05,-0.00011928368621738628,0.006898566614836454,0.022039048373699188,0.04972003772854805,0.05016084015369415,0.05343637615442276,0.034283123910427094,0.004847326315939426,-0.007822846062481403,-0.009472629055380821,-0.0061454325914382935,0.0036981820594519377,0.024760838598012924,0.024895280599594116,0.01145361177623272,-0.003623755881562829,-0.017543654888868332,-0.036800824105739594,-0.05243081599473953,-0.03851456940174103,-0.014183851890265942,0.0030418660026043653,0.0032830676063895226,-0.009802103042602539,-0.029221203178167343,-0.03449626266956329,-0.020492583513259888,0.05323570966720581,0.15231798589229584,0.15615364909172058,0.14910656213760376,0.0980832576751709,0.12304189056158066,0.08065532147884369,0.06520140171051025,0.06922530382871628,0.09901101887226105,0.04140777140855789,0.08694946020841599,0.03021625429391861,0.04276048392057419,0.049180638045072556,-0.01265045441687107,0.004871959798038006,0.024945521727204323,-0.024862075224518776,0.008868947625160217,0.045051366090774536,-0.032349493354558945,-0.009360047057271004,-0.025015834718942642,-0.017324764281511307,-0.015678634867072105,-0.017267728224396706,-0.0035055214539170265,0.06783415377140045,0.004728306084871292,-0.06266579031944275,-0.14212018251419067,0.001117213163524866,0.0520901083946228,-0.10272715985774994,-0.08810169249773026,0.02418823167681694,-0.07701713591814041,-0.24317403137683868,-0.18416811525821686,0.09889046102762222,-0.08920983970165253,0.017764929682016373,-0.21828515827655792,0.036622095853090286,-0.1375323385000229,-0.1095379963517189,-0.26483994722366333,-0.010996099561452866,0.0735560804605484,-0.12809547781944275,0.0654761791229248,-0.32088878750801086,-0.17413505911827087,-0.031377628445625305,-0.09245135635137558,0.09796837717294693,0.03242414444684982,-0.0826219916343689,0.004812543746083975,0.35065847635269165,-0.19985157251358032,0.11866280436515808,-0.05237845331430435,0.3983044922351837,-0.39859139919281006,0.17334520816802979,-0.26853811740875244,0.0438196137547493,0.2960556745529175,0.10669124126434326,-0.14523226022720337,0.5099101066589355,-0.4268094599246979,0.10133371502161026,0.01628413237631321,0.1593070924282074,0.05624955892562866,-0.22361640632152557,-0.03454269841313362,0.00781764555722475,0.13787071406841278,-0.40100929141044617,0.49147361516952515,-0.11117134243249893,-0.06173944100737572,-0.08399593085050583,0.1816411018371582,-0.4381829500198364,0.2167748361825943,0.44402796030044556,-0.3146762251853943,0.21990475058555603,0.03309628739953041,0.12421200424432755,0.035832472145557404,-6.742067171217059e-07,-0.04881609231233597,-0.00042411620961502194,-2.6034215352410683e-06,-8.139153919728415e-07,-2.7938593120779842e-05,-0.0006088042282499373,0.08428408205509186,-0.04939672723412514,-0.13138572871685028,-0.009448803961277008,-0.022388188168406487,-0.17105193436145782,-0.144887775182724,-0.10783424228429794,-0.16600054502487183
143,0.0011092487256973982,0.0027724741958081722,0.00045083489385433495,-0.002771620871499181,-0.005554137751460075,-0.005970543250441551,-0.00451004458591342,-0.0036107548512518406,-0.003702867543324828,-0.0040156482718884945,-0.0037436990533024073,-0.002956603653728962,-0.003038538619875908,-0.001092650811187923,0.008851604536175728,0.03432111814618111,0.06888476014137268,0.07492739707231522,0.09533239156007767,0.07731587439775467,0.05254324898123741,0.025303812697529793,-0.002938624704256654,-0.014386161230504513,-0.01980447582900524,-0.012430120259523392,-0.016092384234070778,-0.011638875119388103,-0.010643829591572285,-0.009443355724215508,-0.011089101433753967,-0.007918890565633774,-0.008747332729399204,-0.014903586357831955,-0.015599582344293594,0.0036814615596085787,0.1063966378569603,0.2751171886920929,0.4757622182369232,0.4991970360279083,0.5324763059616089,0.4528643786907196,0.28790992498397827,0.10516706109046936,0.010107830166816711,-0.048777975142002106,-0.05724393576383591,-0.045216016471385956,-0.04162677749991417,-0.02373143658041954,-0.030978254973888397,-0.016108769923448563,-0.016321374103426933,-0.0124039426445961,-0.012280120514333248,0.0020896110218018293,0.02905515767633915,0.036388885229825974,0.03964164853096008,0.038935694843530655,0.01229802519083023,0.01575220189988613,0.06818629056215286,0.02450171858072281,0.065858855843544,0.11111922562122345,-0.04924263805150986,0.05549751594662666,0.017970247194170952,-0.0028032204136252403,-0.03517373651266098,-0.034490618854761124,-0.006548228207975626,0.0750364288687706,0.049093496054410934,0.11819586157798767,-0.0699477344751358,0.057962480932474136,-0.0018264848040416837,0.03781742602586746,0.04624475911259651,-0.01666848734021187,-0.019238991662859917,-0.024319414049386978,-0.006626314017921686,0.1708575040102005,-0.03500216454267502,0.07445089519023895,-0.04776648059487343,-0.012707497924566269,-0.0041765812784433365,0.004532162100076675,0.013926916755735874,0.052414827048778534,0.11199794709682465,-0.03957409784197807,0.3688122034072876,-1.4938939809799194,0.09533374756574631,-0.09354252368211746,1.0530662536621094,-0.31874895095825195,-0.01697787083685398,-0.031095735728740692,0.0008430121233686805,-0.037546124309301376,-0.05573310703039169,-0.051083941012620926,-0.061613958328962326,-0.010901249013841152,-0.0013121990486979485,0.00569668784737587,-0.05257229506969452,-0.008194562047719955,-0.029925812035799026,-0.05760425329208374,0.3981558382511139,-2.6216788291931152,3.7003014087677,-0.6751542687416077,-0.408481240272522,-1.26791512966156,0.014097332954406738,1.5994247198104858,0.312750905752182,-0.22211943566799164,-0.05564778298139572,-0.04488141089677811,0.10371986031532288,-0.013622153550386429,-0.056533630937337875,-0.007179843261837959,-0.09939615428447723,0.35927459597587585,-0.09743838757276535,0.04502265527844429,-0.38178253173828125,0.2740398347377777,-0.1570402830839157,0.02094605378806591,0.1433732509613037,5.689507887041145e-08,-0.007922081276774406,-0.00010735635441960767,-8.960838613347732e-07,2.5926160773792617e-08,-1.3163541552785318e-05,-0.00022640037059318274,-3.498746395111084,0.2077452838420868,0.02983316406607628,-0.004784340970218182,-0.016785593703389168,0.02139836736023426,0.01735956035554409,0.03678058087825775,0.01990755833685398
144,0.0006182377692312002,0.0030732129234820604,0.001837217714637518,-0.0017745561199262738,-0.0055698128417134285,-0.006192298140376806,-0.004876412451267242,-0.004766213241964579,-0.004073004238307476,-0.004900116007775068,-0.0035700579173862934,-0.003389185993000865,-0.004740068223327398,-0.007304652128368616,-0.008972767740488052,-0.010971917770802975,-0.012073838151991367,-0.011833812110126019,-0.015465074218809605,-0.01703312247991562,-0.015516995452344418,0.0004591896722558886,0.03261934593319893,0.08724170923233032,0.13207106292247772,0.08479944616556168,0.10317575931549072,0.04825422540307045,0.022107010707259178,0.002486626384779811,-0.010509499348700047,-0.011225388385355473,-0.009312815964221954,-0.00971285067498684,-0.0019416912691667676,0.0444038063287735,0.2284989356994629,0.4425623118877411,0.6672821640968323,0.5937589406967163,0.6092370748519897,0.46527254581451416,0.26014798879623413,0.11235331743955612,0.1322609931230545,0.11576487123966217,0.14216363430023193,0.13786335289478302,0.1054779440164566,0.03489995747804642,-0.002314802026376128,-0.017450403422117233,-0.019694291055202484,-0.008841088972985744,-0.005590047687292099,-0.004950291011482477,-0.015025308355689049,-0.01899564079940319,-0.030881717801094055,-0.03350119665265083,-0.015814105048775673,-0.02768641896545887,-0.027698589488863945,-0.0035266648046672344,-0.0007771620876155794,0.005778403487056494,-0.04303254559636116,0.023776138201355934,0.08362095057964325,-0.013223394751548767,0.027378663420677185,0.039473824203014374,0.021940818056464195,-0.012028330937027931,-0.010103411972522736,-0.020154166966676712,0.003696194151416421,-0.020403428003191948,-0.021054707467556,0.023437924683094025,0.03373227268457413,-0.019200829789042473,-0.008543362841010094,-0.0021522436290979385,-0.01517555583268404,0.03864973038434982,-0.08025631308555603,0.0666346400976181,-0.12403997778892517,0.09421475976705551,-0.00785874668508768,-0.08759038895368576,-0.06978309899568558,-0.017744863405823708,-0.034291259944438934,0.03084716945886612,-0.023636767640709877,0.006602290086448193,-0.0390896201133728,-0.07139433175325394,0.23182925581932068,-0.5639315843582153,-0.6515436172485352,0.8261059522628784,-0.5994594097137451,-1.4754441976547241,1.4526898860931396,-0.3074549436569214,0.30932363867759705,-0.14936088025569916,0.46857985854148865,-0.4061192572116852,0.09606625884771347,0.08225465565919876,0.03116653300821781,-0.07351774722337723,1.620646595954895,-2.435516834259033,3.6005067825317383,-0.815112292766571,-0.6693787574768066,-1.2879908084869385,0.5045928359031677,0.5570579767227173,0.3358635902404785,-0.006551193539053202,-1.1135047674179077,0.6706068515777588,-0.6412642598152161,0.25568658113479614,-0.06379798799753189,-0.08932226896286011,-0.20779195427894592,0.6745712757110596,-0.201527401804924,-1.0773664712905884,1.105984091758728,-0.215402752161026,0.043630167841911316,0.035981837660074234,0.051572151482105255,1.2702638230166485e-07,0.0029695797711610794,-0.00020125768787693232,-1.132796569436323e-06,3.7768560900985904e-07,-1.9244400391471572e-05,-0.0003948124358430505,-3.6657843589782715,0.2481357455253601,0.03116145357489586,-0.007308392785489559,-0.01954152062535286,0.019117873162031174,0.01752357743680477,0.039440348744392395,0.011394649744033813
145,-0.0011038088705390692,-0.0042452444322407246,-0.007197572384029627,-0.007589265238493681,-0.0088744405657053,-0.00842736754566431,-0.005239080637693405,-0.00427117059007287,-0.00319584459066391,-0.00018707438721321523,0.007579435128718615,0.016144445165991783,0.04407729208469391,0.07982505857944489,0.08512832224369049,0.08981013298034668,0.0782632902264595,0.03929547965526581,0.03199123591184616,0.016641639173030853,0.0030863466672599316,-0.012643973343074322,-0.016639819368720055,-0.02143150009214878,-0.02382626011967659,-0.015373037196695805,-0.01904953084886074,-0.014520830474793911,-0.014782808721065521,-0.0159679614007473,-0.021041568368673325,-0.013761306181550026,-0.009580561891198158,-0.011919841170310974,-0.019170595332980156,-0.028705444186925888,-0.04019762575626373,-0.024960225448012352,0.009670501574873924,0.07450412213802338,0.17299294471740723,0.3550778031349182,0.48230260610580444,0.4734719395637512,0.7432515025138855,0.4757738709449768,0.387978732585907,0.2775741517543793,0.20981380343437195,0.0825800821185112,0.10411938279867172,0.03089079260826111,0.012910637073218822,-0.0012441456783562899,-0.012668914161622524,-0.013336612842977047,-0.02323203533887863,-0.019030269235372543,-0.009629704989492893,0.0033955753315240145,0.011437511071562767,0.019206348806619644,0.0340660996735096,0.010266284458339214,0.02881929837167263,0.08238115161657333,-0.019918926060199738,0.09994208067655563,0.2544441521167755,0.03060496598482132,0.13953407108783722,0.19420817494392395,0.22932809591293335,0.234310120344162,0.00048349733697250485,0.004145271610468626,-0.007634651847183704,-0.1475258618593216,-0.14384549856185913,0.01594080962240696,0.15066790580749512,-0.07254844158887863,0.02259323000907898,0.054242588579654694,0.05063652619719505,-0.13492032885551453,0.020990507677197456,-3.797467434196733e-05,-0.04635182023048401,0.05028507113456726,0.010750880464911461,-0.20630912482738495,-0.24183383584022522,0.15726564824581146,0.07547644525766373,0.07822532951831818,0.6590644717216492,-1.1565078496932983,0.6962299942970276,0.48463693261146545,1.063403844833374,-0.5838230848312378,0.1683284193277359,0.16345331072807312,-0.14963744580745697,-0.435030460357666,0.1743406057357788,-0.14736992120742798,-0.08997038006782532,-0.1576175093650818,0.09760725498199463,-0.13692228496074677,0.05649729073047638,-0.10638321191072464,-0.08227190375328064,0.01795673556625843,0.16472694277763367,-0.5459077954292297,0.3444519639015198,0.07126350700855255,-0.13294635713100433,-0.3356146216392517,0.012940987944602966,1.9799094200134277,0.4966052174568176,-0.5645087957382202,-1.7291748523712158,3.40985369682312,-2.3278543949127197,0.5056942701339722,0.5980886220932007,0.04105420038104057,-0.05425126850605011,-0.3923690915107727,-0.16416381299495697,0.21807487308979034,-0.8343574404716492,0.10843995958566666,-0.0248535368591547,-0.13834106922149658,0.04937194287776947,-3.740819209951951e-08,-0.013874053955078125,-0.00011051815818063915,-2.135589738827548e-06,1.1068418181992001e-08,-1.4358041880768724e-05,-9.119141759583727e-05,-5.905496120452881,0.26616576313972473,0.045085757970809937,-0.005792767275124788,0.004376623313874006,0.025127124041318893,0.03901313617825508,0.05492280423641205,0.03252795338630676
146,-0.0006519496673718095,-0.003081457456573844,-0.007384136784821749,-0.0073944274336099625,-0.010161960497498512,-0.0085752559825778,-0.004991165362298489,-0.004123522900044918,-0.004566509276628494,-0.005130931735038757,-0.004037859383970499,-0.004080731887370348,-0.004751828033477068,-0.007083688862621784,-0.009540818631649017,-0.010018914006650448,-0.008042873814702034,-0.0015661426587030292,0.012713078409433365,0.04132692143321037,0.10256906598806381,0.22851042449474335,0.17653506994247437,0.17597904801368713,0.1176309883594513,0.03437083214521408,0.01113966852426529,-0.006683158688247204,-0.01445485558360815,-0.017839619889855385,-0.03619694709777832,-0.03851735219359398,-0.03533660247921944,-0.035198237746953964,-0.037455085664987564,-0.06115887686610222,-0.08063984662294388,-0.06309578567743301,-0.0470135323703289,-0.03266323357820511,-0.030475564301013947,-0.016072606667876244,0.050906844437122345,0.23944006860256195,0.8116768002510071,0.8785758018493652,1.0921897888183594,0.849492609500885,0.7608165144920349,0.26153045892715454,0.13785934448242188,0.014958517625927925,-0.021710451692342758,-0.03414381667971611,-0.04610932245850563,-0.035958826541900635,-0.04166528582572937,-0.02859838306903839,-0.006308193784207106,0.04438233748078346,0.11128434538841248,0.16229437291622162,0.4087364673614502,0.16513843834400177,0.16254112124443054,0.1232137605547905,-0.009579792618751526,0.010778401978313923,-0.02996658906340599,-0.034267716109752655,-0.026551412418484688,-0.031605400145053864,-0.03943657502532005,-0.09272037446498871,-0.07138437777757645,-0.0852259024977684,0.05652338266372681,-0.20152480900287628,-0.24718275666236877,0.014178503304719925,0.1941142976284027,0.07819918543100357,0.03019680455327034,-0.04033972695469856,-0.27358150482177734,0.2581636905670166,-0.17544367909431458,0.058823734521865845,-0.06619512289762497,-0.02396608330309391,-0.0878659263253212,-0.01555414218455553,-0.06547574698925018,-0.032042816281318665,-0.03328898176550865,0.028103552758693695,-0.12510909140110016,0.17852617800235748,-0.0016949576092883945,-0.026750613003969193,-0.1650974452495575,0.014264866709709167,-0.019002407789230347,0.21839898824691772,0.4280319809913635,-1.047603964805603,1.9757695198059082,0.5074938535690308,0.7666515707969666,-0.3911324739456177,1.385794997215271,-0.28375980257987976,0.11206245422363281,0.013719484210014343,-0.04663306102156639,-0.05803897976875305,-0.19226251542568207,0.1877860277891159,-0.20678021013736725,0.0004212353960610926,0.041975703090429306,-0.38361459970474243,0.26096111536026,0.5298211574554443,0.4227124750614166,0.6100663542747498,-0.4095822274684906,0.9704377055168152,-1.9029934406280518,1.0908913612365723,0.9518315196037292,-1.9786593914031982,-0.8933141231536865,1.2716144323349,-1.0292326211929321,-2.151660203933716,1.5701308250427246,-0.3047635853290558,0.04230889305472374,0.003242523642256856,0.037202831357717514,6.981645839232442e-08,-0.011855518445372581,-0.0001403194764861837,-1.4063690514376503e-06,4.996247184863023e-07,-1.4018572073837277e-05,-0.0003542245249263942,-7.524471759796143,0.2759893238544464,0.04600897803902626,-0.0061994330026209354,0.01764695905148983,0.02575269341468811,0.040213461965322495,0.05471191555261612,0.03598645702004433
147,-0.001073077437467873,-0.0041882810182869434,-0.007198387756943703,-0.00757724279537797,-0.008907943964004517,-0.008434572257101536,-0.005200538784265518,-0.004206567537039518,-0.0029971252661198378,0.00040601653745397925,0.008493049070239067,0.017284538596868515,0.046161189675331116,0.08125419914722443,0.08360280841588974,0.08526448160409927,0.07351711392402649,0.036794088780879974,0.030033806338906288,0.01703980378806591,0.003951746504753828,-0.01168452575802803,-0.016338573768734932,-0.02135968953371048,-0.023775681853294373,-0.015186257660388947,-0.019087307155132294,-0.014593429863452911,-0.014973102137446404,-0.016288945451378822,-0.021989652886986732,-0.014574792236089706,-0.009776121936738491,-0.011492390185594559,-0.01813504658639431,-0.02742941863834858,-0.039104215800762177,-0.025142261758446693,0.00769850704818964,0.07042072713375092,0.16877847909927368,0.3505062758922577,0.4811892807483673,0.47700780630111694,0.7444638013839722,0.4697985351085663,0.3926345407962799,0.27912333607673645,0.20992253720760345,0.08315674215555191,0.10210324078798294,0.030771244317293167,0.01219226885586977,-0.001352247316390276,-0.012758922763168812,-0.013396897353231907,-0.02282797545194626,-0.019196636974811554,-0.009901382029056549,0.002719341777265072,0.011506222188472748,0.02042774297297001,0.03504219651222229,0.010836057364940643,0.02744278870522976,0.08096832782030106,-0.019277621060609818,0.10297941416501999,0.2584565579891205,0.02866891771554947,0.14599686861038208,0.18767359852790833,0.22702987492084503,0.2368173450231552,0.00018630849081091583,0.004543481394648552,-0.006316180340945721,-0.14906121790409088,-0.13604554533958435,0.02751682512462139,0.16390255093574524,-0.07920727133750916,0.03114967793226242,0.057667478919029236,0.05783670395612717,-0.13064558804035187,0.01859114319086075,-0.0006812684587202966,-0.04934735596179962,0.05163557454943657,-0.0007632792112417519,-0.21121768653392792,-0.25288093090057373,0.14896564185619354,0.05518879368901253,0.07287135720252991,0.6087712049484253,-1.217996597290039,0.6764696836471558,0.4489479064941406,1.0154495239257812,-0.5414704084396362,0.15106169879436493,0.15291813015937805,-0.13900883495807648,-0.42462027072906494,0.17807546257972717,-0.15487319231033325,-0.09868573397397995,-0.1649637073278427,0.09425363689661026,-0.14765679836273193,0.05743267387151718,-0.11273632943630219,-0.09642623364925385,0.01688920520246029,0.16989368200302124,-0.555939793586731,0.3645799160003662,0.050942592322826385,-0.15084707736968994,-0.2814823091030121,-0.012019741348922253,1.8467236757278442,0.40739473700523376,-0.5449236631393433,-1.5035552978515625,3.304295778274536,-2.126889228820801,0.5122172236442566,0.46706289052963257,0.015274825505912304,-0.03454168513417244,-0.41915687918663025,-0.1279839724302292,0.18534737825393677,-0.8910748362541199,0.06796891242265701,-0.027493901550769806,-0.16510607302188873,0.06421210616827011,-3.980407825565635e-08,-0.013721241615712643,-0.00011032840848201886,-2.12252484743658e-06,1.4514181856384312e-08,-1.4401121916307602e-05,-9.21376995393075e-05,-5.53217077255249,0.265295147895813,0.044574469327926636,-0.005732293706387281,0.004238294903188944,0.01862991228699684,0.038977332413196564,0.05416424944996834,0.032606471329927444
148,-0.00038968888111412525,-0.0034008855000138283,-0.007132288999855518,-0.00563441775739193,-0.005746619310230017,-0.0011256883153691888,0.0030688252300024033,0.006076571997255087,0.005793021991848946,0.003971393685787916,0.000195262415218167,-0.0017966204322874546,-0.003925220109522343,-0.006984586827456951,-0.00914294645190239,-0.010946990922093391,-0.012162194587290287,-0.011847847141325474,-0.015779990702867508,-0.017830315977334976,-0.01763642393052578,-0.005647849291563034,0.025092484429478645,0.07860271632671356,0.1252528429031372,0.08653935045003891,0.10765265673398972,0.05544508248567581,0.025893108919262886,0.0019077691249549389,-0.024303028360009193,-0.03273017704486847,-0.030912889167666435,-0.03029445931315422,-0.022877143695950508,0.02237687073647976,0.19807499647140503,0.4276539087295532,0.6618989706039429,0.6148312091827393,0.6570082306861877,0.5133770704269409,0.2973930835723877,0.12484525144100189,0.12460385262966156,0.10911136120557785,0.14540474116802216,0.14389446377754211,0.1127263754606247,0.046322062611579895,0.005560084246098995,-0.013491466641426086,-0.013017982244491577,0.00118376431055367,0.01481747254729271,0.009469031356275082,7.63273419579491e-05,-0.013087245635688305,-0.0306585393846035,-0.034492041915655136,-0.017102520912885666,-0.03886105492711067,-0.04730323329567909,-0.015129785984754562,-0.013833895325660706,-0.021620821207761765,0.003846759907901287,0.01169934868812561,0.06928560882806778,-0.06756763160228729,0.0560881569981575,0.055071182548999786,0.040829624980688095,0.06784486025571823,0.01014294195920229,-0.009240569546818733,0.01640508696436882,-0.0916702076792717,0.02075754851102829,0.12721355259418488,0.1460067331790924,0.017015967518091202,0.021284230053424835,0.009365472011268139,-0.018219228833913803,0.10336888581514359,-0.14650283753871918,0.09254202991724014,-0.20033594965934753,0.09571246802806854,-0.08763190358877182,-0.16727444529533386,-0.09599326550960541,0.0033637438900768757,-0.008114431984722614,0.02195482887327671,-0.025093505159020424,0.08771469444036484,-0.011352513916790485,-0.05302869528532028,0.17680054903030396,-0.6040862202644348,-0.7433302998542786,0.8714357018470764,-0.347758948802948,-1.514166235923767,1.5418522357940674,-0.36301353573799133,0.20740343630313873,-0.01655074581503868,0.16460318863391876,-0.13131652772426605,0.007328391540795565,0.011750013567507267,-0.015720687806606293,-0.06470005214214325,1.6837292909622192,-2.7164931297302246,4.642017364501953,-0.7807000279426575,-0.5735633969306946,-1.6696016788482666,0.8494221568107605,0.637019693851471,0.17606841027736664,-0.18958540260791779,-0.8401164412498474,0.34231364727020264,-0.08492374420166016,-0.0496918186545372,-0.012606481090188026,-0.05812607705593109,-0.25411251187324524,1.10219407081604,-0.08089861273765564,-1.1568533182144165,1.6537590026855469,-0.29313546419143677,-0.03730976954102516,0.10400416702032089,-0.030772611498832703,1.4347335763886804e-07,-0.009262021631002426,-0.00011601474398048595,-7.490069151572243e-07,1.6976859740225336e-07,-1.2025400792481378e-05,-0.00016866666555870324,-5.595574855804443,0.26181888580322266,0.03590863198041916,-0.007272969465702772,-0.007323973346501589,0.019577432423830032,0.018972178921103477,0.04123867303133011,0.017532579600811005
149,-0.001371346297673881,-0.005904305726289749,-0.011504216119647026,-0.013814497739076614,-0.009904103353619576,0.0007184345740824938,0.008858133107423782,0.013218404725193977,0.012004545889794827,0.009355837479233742,0.007933136075735092,0.011308125220239162,0.023947400972247124,0.036704979836940765,0.042434364557266235,0.031867045909166336,0.01279109064489603,0.0005008635926060379,-0.0022641243413090706,0.0008211569511331618,0.00135875737760216,-0.0035667221527546644,-0.012299717403948307,-0.02385975606739521,-0.034296665340662,-0.02134772203862667,-0.030753718689084053,-0.021072689443826675,-0.024045633152127266,-0.02628098428249359,-0.041778381913900375,-0.03165910765528679,-0.02317667007446289,-0.02422432042658329,-0.037174638360738754,-0.07526750862598419,-0.12642022967338562,-0.142497256398201,-0.13966675102710724,-0.09912513196468353,-0.10095496475696564,-0.1094890832901001,-0.10991092771291733,-0.09461002051830292,-0.15713487565517426,-0.09016205370426178,-0.0740087628364563,-0.05339932069182396,-0.05360793694853783,-0.04246935248374939,-0.06323067098855972,-0.038115229457616806,-0.02806049957871437,-0.024377446621656418,-0.03814497962594032,-0.02260870486497879,-0.043643202632665634,-0.032713718712329865,-0.03368775546550751,-0.03584141656756401,-0.011671951040625572,-0.022805050015449524,-0.04727400839328766,-0.001046623452566564,-0.02607165277004242,-0.03495362401008606,0.01600227877497673,-0.012484507635235786,-0.08086344599723816,0.009585656225681305,0.005425917450338602,-0.019231373444199562,-0.03127332031726837,-0.16001833975315094,-0.015456520020961761,-0.0009074927074834704,0.0786483958363533,-0.026271380484104156,-0.008442080579698086,0.001851729117333889,-0.03131839632987976,0.02576608955860138,-0.023289181292057037,0.013307075016200542,0.014460078440606594,-0.0815032497048378,0.03094477578997612,-0.047526855021715164,0.10965245217084885,-0.13266871869564056,0.025451891124248505,0.042971160262823105,0.11594801396131516,-0.06848897784948349,-0.06322214752435684,0.09039954096078873,-0.06115071102976799,0.29228493571281433,0.0005544247105717659,0.021575426682829857,-0.224135622382164,0.12132479250431061,0.05352267622947693,-0.09689849615097046,-0.022024966776371002,0.274117112159729,-0.19131910800933838,0.09887748956680298,-0.12404144555330276,0.32649990916252136,-0.32265955209732056,0.20900948345661163,-0.21214643120765686,-0.01620698720216751,0.09730388969182968,0.09998267143964767,-0.1928107738494873,0.4423059821128845,-0.38365989923477173,0.10312400013208389,0.01923437975347042,0.2232782244682312,-0.042369890958070755,-0.19024208188056946,-0.09983706474304199,0.0342501625418663,0.18427518010139465,-0.39503931999206543,0.5988522171974182,-0.08180758357048035,-0.15889757871627808,-0.003363241208717227,0.25099602341651917,-0.42491963505744934,0.1459359973669052,0.4970979690551758,-0.43292322754859924,0.18485663831233978,0.15297117829322815,-0.019440684467554092,0.06715498119592667,-4.602665057973354e-07,-0.03518008813261986,0.00023453506582882255,-9.820677178140613e-07,1.4798123402215424e-06,7.347322389250621e-05,0.0005538841942325234,2.2615668773651123,-0.28054946660995483,-0.03243805095553398,0.018074799329042435,-0.013991814106702805,0.03830341249704361,-0.035500749945640564,-0.04224034771323204,-0.011883939616382122
150,0.000565237132832408,0.0016416572034358978,0.0021692179143428802,0.0010143028339371085,-0.0009804385481402278,-0.0021964877378195524,-0.0022613275796175003,-0.0020094492938369513,-0.002563580172136426,-0.002413118490949273,-0.0021543095353990793,-0.0017829489661380649,-0.002359816338866949,-0.0029161167331039906,-0.0017833509482443333,0.00350414146669209,0.016156276687979698,0.02835412696003914,0.04061216488480568,0.06834904104471207,0.08556930720806122,0.08077078312635422,0.029430117458105087,0.01319208461791277,-0.002240630565211177,-0.005193153861910105,-0.008631899952888489,-0.006006718147546053,-0.008416373282670975,-0.008696340024471283,-0.011492800898849964,0.004338093101978302,0.042225394397974014,0.11140260845422745,0.20360971987247467,0.44686204195022583,0.7125333547592163,0.6285879015922546,0.44160521030426025,0.17845511436462402,0.10607392340898514,0.0277420524507761,-0.0022725826129317284,-0.018421124666929245,-0.04210377484560013,-0.03617563471198082,-0.03735353425145149,-0.026457669213414192,-0.028841789811849594,-0.022770747542381287,-0.031554970890283585,-0.019756201654672623,-0.019694466143846512,-0.014972476288676262,-0.02321464754641056,-0.011699520982801914,-0.015765761956572533,-0.00809415988624096,-0.0017164386808872223,0.012202318757772446,0.007317517884075642,0.021023709326982498,0.024515990167856216,0.003380480920895934,-0.005840379279106855,-0.017439065501093864,0.01145016960799694,-0.021215513348579407,-0.027231134474277496,-0.0032197926193475723,-0.03929900750517845,-0.039024751633405685,-0.026356440037488937,-0.031800683587789536,0.0044755213893949986,0.023125920444726944,-0.035451389849185944,0.11417119204998016,-0.05230864882469177,-0.061051201075315475,0.020098501816391945,0.033544380217790604,0.0396353080868721,0.06639181077480316,-0.001350593171082437,-0.051021281629800797,0.005759943276643753,-0.013817604631185532,0.03172928839921951,-0.014030130580067635,-0.010630670934915543,-0.11167922616004944,-0.5448998212814331,0.15517157316207886,0.24153950810432434,-0.9441134333610535,0.4498962461948395,-1.2158067226409912,0.023806581273674965,0.24952688813209534,0.15194325149059296,-0.03557350113987923,-0.011535506695508957,-0.021235818043351173,-0.016860919073224068,0.06716546416282654,-0.09979455918073654,-0.030413838103413582,0.1612936109304428,-0.6854759454727173,1.257689356803894,-1.4461641311645508,2.3581607341766357,-0.29981401562690735,-0.997596800327301,0.5653212666511536,0.12828059494495392,-0.4499107599258423,0.7091636061668396,0.009630347602069378,0.03369813784956932,0.020594362169504166,-0.03645969554781914,-0.15841270983219147,-0.24885578453540802,0.07075045257806778,0.05744645744562149,-0.12109210342168808,0.09137219190597534,-0.02909192070364952,0.016438830643892288,0.018741432577371597,0.04800852760672569,-0.01577744632959366,0.10438545048236847,-0.9274762272834778,0.45120304822921753,-0.11037242412567139,-0.052863914519548416,-0.07730559259653091,0.0767475962638855,-2.043901332626774e-07,-0.00523078627884388,-0.0001299920550081879,1.0628280477931185e-07,-3.331708740006434e-07,-1.0042703252111096e-05,-0.0001722470042295754,-1.3687392473220825,0.16135622560977936,0.020429590716958046,-0.002761493669822812,-0.008578434586524963,0.01282292790710926,0.002116496441885829,0.03118625283241272,0.02471885457634926
151,0.0027720327489078045,0.009040816687047482,0.007392707746475935,0.0006790782208554447,-0.0038372266571968794,-0.005483075976371765,-0.0044755530543625355,-0.004108583088964224,-0.003685167757794261,-0.004245521035045385,-0.003458371153101325,-0.0030520048458129168,-0.0030249874107539654,-0.0010628578020259738,0.010949482209980488,0.03799373656511307,0.07282160967588425,0.08534461259841919,0.11335636675357819,0.0838242694735527,0.05641694739460945,0.029042575508356094,-0.002899057697504759,-0.014946125447750092,-0.02060016430914402,-0.012552940286695957,-0.016775909811258316,-0.011308855377137661,-0.01079531665891409,-0.009396976791322231,-0.01126915868371725,-0.007941543124616146,-0.008899915963411331,-0.015120998956263065,-0.015883373096585274,0.0061078788712620735,0.12202427536249161,0.3145475387573242,0.5184844732284546,0.5780682563781738,0.6032702922821045,0.5455679893493652,0.3273158371448517,0.12617400288581848,0.02696537971496582,-0.04530913382768631,-0.0544070340692997,-0.04722234234213829,-0.04270358011126518,-0.026124946773052216,-0.03294027969241142,-0.017053861171007156,-0.015346718020737171,-0.009769202210009098,0.004402408376336098,0.025774022564291954,0.09398291260004044,0.09528350830078125,0.12543386220932007,0.10232457518577576,0.03303195908665657,0.04073873162269592,0.06049460172653198,0.015460439026355743,0.04001597315073013,0.07771528512239456,-0.08698686957359314,0.00856658536940813,0.0066023096442222595,-0.002077455399557948,-0.01696621999144554,-0.024785660207271576,-0.0027843245770782232,0.10144773125648499,0.08221655339002609,0.15205560624599457,-0.14587822556495667,0.06721089035272598,0.039973024278879166,-0.043915197253227234,-0.059696003794670105,-0.00795788038522005,-0.010389365255832672,-0.01603436842560768,-0.013000757433474064,0.13601051270961761,-0.13160035014152527,0.0738435834646225,-0.052646759897470474,-0.01092025637626648,-0.010285529308021069,-0.004940607585012913,0.009627661667764187,0.026944536715745926,0.12510226666927338,-0.20875950157642365,-0.07426054775714874,-1.5411494970321655,-0.5283681154251099,0.019563453271985054,1.2429478168487549,-0.3751222789287567,-0.05374644324183464,0.01378944143652916,-0.06233486905694008,-0.15691117942333221,0.1946106106042862,-0.13679593801498413,0.02239190973341465,-0.005557641386985779,0.04364444315433502,-0.02126631699502468,-0.033955685794353485,-0.014224576763808727,-0.035596273839473724,-0.0867743119597435,0.8728520274162292,-2.2631571292877197,3.960186719894409,-0.38737261295318604,-0.29758182168006897,-1.9312580823898315,0.9581848382949829,1.1124882698059082,0.325149267911911,0.04887525364756584,-0.42455312609672546,0.04023253917694092,-0.06386662274599075,0.01901105046272278,0.1720595806837082,-0.01934691146016121,-0.04329967498779297,0.4532303214073181,-0.24152015149593353,-0.3032987117767334,0.36161869764328003,-0.23045581579208374,0.1670113503932953,0.15695148706436157,-0.5063773393630981,1.1334697802567462e-07,-0.008586454205214977,-0.00015606448869220912,-7.608051078022982e-07,3.5239028761679947e-07,-1.6041225535445847e-05,-0.0002936290402431041,-4.226946830749512,0.22107255458831787,0.027998102828860283,-0.005382633302360773,-0.01792347989976406,0.023148909211158752,0.018811414018273354,0.028753744438290596,0.003025894518941641
152,-0.0003565243387129158,-0.003337523667141795,-0.006911876145750284,-0.006998731754720211,-0.008254177868366241,-0.007348454557359219,-0.005817819852381945,-0.00470905564725399,-0.004450441338121891,-0.004904715809971094,-0.004039326682686806,-0.0038289206568151712,-0.005287387873977423,-0.007394915446639061,-0.008164805360138416,-0.010481634177267551,-0.011861920356750488,-0.010790160857141018,-0.015219524502754211,-0.0187841709703207,-0.021670322865247726,-0.02278389409184456,-0.008835547603666782,-0.001738533959724009,0.001339650247246027,-0.00038003840018063784,-0.005627949256449938,-0.008128180168569088,-0.01177626010030508,-0.010292270220816135,0.007918592542409897,0.049535199999809265,0.09246867150068283,0.12322381883859634,0.14166681468486786,0.13789935410022736,0.07572624087333679,0.001118752988986671,-0.018873900175094604,0.024071773514151573,0.12746967375278473,0.3663942515850067,0.6607915759086609,0.8121995329856873,1.3944222927093506,0.7383768558502197,0.4189146161079407,0.15512584149837494,0.042445626109838486,-0.007275168318301439,-0.026695506647229195,-0.019386978819966316,-0.020275024697184563,-0.018019361421465874,-0.031146306544542313,-0.02656540833413601,-0.03992679715156555,-0.028734613209962845,-0.029354631900787354,-0.03070627711713314,-0.002506284974515438,0.03396004065871239,0.14659595489501953,0.022809486836194992,0.052141133695840836,0.08105278015136719,-0.10188228636980057,0.0007430791156366467,-0.04097066447138786,0.005884126294404268,-0.04410608112812042,-0.05338200554251671,-0.01707213930785656,-0.09096783399581909,-0.02072884701192379,-0.024577226489782333,0.029715443029999733,-0.14888350665569305,-0.16844791173934937,0.17293435335159302,0.2556801736354828,-0.08173923194408417,0.1814166158437729,0.05172974243760109,-0.024001050740480423,0.08508425951004028,-0.061797067523002625,-0.005840603727847338,-0.09407912939786911,-0.04184528812766075,0.010427754372358322,0.026844853535294533,0.09777460247278214,-0.07785531878471375,-0.05250118672847748,0.03687012195587158,-0.003983546048402786,0.17339107394218445,-0.0227536428719759,-0.003696592291817069,-0.07948726415634155,-0.0742555782198906,-0.1578940749168396,-0.07534892857074738,-0.21591143310070038,-0.829602837562561,0.5370731353759766,-0.21262425184249878,0.0550268217921257,-0.2256547510623932,-0.08055273443460464,0.22078025341033936,-0.18108749389648438,-0.020979609340429306,-0.2716231346130371,-0.485938161611557,1.7909553050994873,-2.065765380859375,2.1472079753875732,-0.7305052876472473,-0.07501265406608582,-0.2513829469680786,-0.15956084430217743,0.5473486185073853,-0.382101446390152,-1.5513020753860474,-1.7568453550338745,4.052202224731445,-4.683876037597656,0.6932111382484436,-0.3901682198047638,-0.23326045274734497,-0.34622296690940857,0.06199399009346962,0.052848830819129944,-0.3421429693698883,0.43390676379203796,-0.18774478137493134,-0.3442905843257904,-0.5127359628677368,-0.8357343673706055,-1.6318510986934598e-08,-0.017893556505441666,-5.487159069161862e-05,-1.0566436685621738e-06,-9.37072996975985e-08,-7.534475571446819e-06,-0.00011873717448906973,1.9608508348464966,0.2632933259010315,0.049476705491542816,-0.007282918319106102,0.024354947730898857,0.025135880336165428,0.04739460349082947,0.07914005219936371,0.016114313155412674
153,-0.0011638632277026772,-0.004213977605104446,-0.005576896481215954,-0.001735073165036738,0.006252587772905827,0.011200512759387493,0.00825598742812872,0.003591033397242427,-0.0016388579970225692,-0.006154417525976896,-0.006760825403034687,-0.006237698718905449,-0.008286062628030777,-0.011389074847102165,-0.013569165021181107,-0.015418126247823238,-0.014403503388166428,-0.009132525883615017,-0.006029271055012941,-0.0001960175868589431,0.0007173633784987032,-0.0037521710619330406,-0.012148129753768444,-0.02337416261434555,-0.03358922526240349,-0.02107369527220726,-0.030211936682462692,-0.021267559379339218,-0.02471340261399746,-0.02913014590740204,-0.056508827954530716,-0.055459000170230865,-0.05270053818821907,-0.05586312711238861,-0.06466077268123627,-0.10096541047096252,-0.14290647208690643,-0.148355633020401,-0.14118561148643494,-0.10091954469680786,-0.10077353566884995,-0.11129463464021683,-0.1140441820025444,-0.10257419943809509,-0.1950758993625641,-0.12548427283763885,-0.10371001809835434,-0.06144019961357117,-0.03367829695343971,-0.006759295705705881,-0.001452745869755745,-0.0076086330227553844,-0.022311735898256302,-0.031283020973205566,-0.052832357585430145,-0.030226562172174454,-0.05424037575721741,-0.04572752118110657,-0.0560426265001297,-0.0818517878651619,-0.029515666887164116,-0.04649834707379341,-0.06453642249107361,-0.0024862324353307486,-0.02380136400461197,-0.04030553996562958,0.029810510575771332,-0.007357913535088301,-0.09525258839130402,0.015904175117611885,-0.007059874478727579,-0.029143113642930984,-0.05706633999943733,-0.194456547498703,-0.029396655037999153,-0.019405562430620193,0.07604534924030304,-0.022425979375839233,-0.006124364677816629,-0.009195995517075062,-0.037993114441633224,0.030350087210536003,-0.022540070116519928,0.012807524763047695,0.02659020386636257,-0.09758617728948593,0.039024222642183304,-0.06177759915590286,0.13031907379627228,-0.13655070960521698,0.03905715048313141,0.047987308353185654,0.1467396318912506,-0.07520033419132233,-0.05980191379785538,0.07351503521203995,-0.05842205509543419,0.26496195793151855,0.008692538365721703,0.019083907827734947,-0.27760323882102966,0.12991850078105927,0.047370679676532745,-0.11056572943925858,-0.032816801220178604,0.3581654131412506,-0.18556253612041473,0.13133545219898224,-0.11940375715494156,0.30849871039390564,-0.26821842789649963,0.22484420239925385,-0.254881888628006,0.001477926387451589,0.0693487599492073,0.12837383151054382,-0.2107570767402649,0.4784727096557617,-0.44867655634880066,0.07657245546579361,-0.012885781936347485,0.2887314260005951,-0.014622019603848457,-0.16825245320796967,-0.07141002267599106,0.055210668593645096,0.21005935966968536,-0.3018833100795746,0.5409566164016724,-0.044011425226926804,-0.11645341664552689,0.008051492273807526,0.2288350909948349,-0.357845276594162,0.14893803000450134,0.42842960357666016,-0.4150397777557373,0.22593241930007935,0.13855405151844025,-0.01132490299642086,0.07192530483007431,8.299553883261979e-06,0.02446485497057438,0.002457063179463148,2.767395471892087e-06,6.56349857308669e-06,0.0002734993468038738,0.00496864365413785,2.400499105453491,-0.5288335680961609,-0.09642408788204193,0.021668583154678345,-0.020104169845581055,-0.041192974895238876,-0.09398165345191956,-0.12217338383197784,-0.0730786919593811
154,0.000547919946257025,0.0016244625439867377,0.0021999566815793514,0.0010955397738143802,-0.0008817892521619797,-0.002150020794942975,-0.002251788740977645,-0.002040671184659004,-0.0025718819815665483,-0.0024435697123408318,-0.0021652868017554283,-0.0017971419729292393,-0.0023838679771870375,-0.0029772205743938684,-0.001970794051885605,0.0030027031898498535,0.015264647081494331,0.027556993067264557,0.04033665359020233,0.06914882361888885,0.08834556490182877,0.08396697044372559,0.0309587474912405,0.014034938998520374,-0.0021026073954999447,-0.005231373477727175,-0.008725369349122047,-0.006050008349120617,-0.008496318943798542,-0.008807465434074402,-0.012138290330767632,0.0027014072984457016,0.03916766121983528,0.10648596286773682,0.20018209517002106,0.4478510618209839,0.7251533269882202,0.6473008394241333,0.45901551842689514,0.1843511015176773,0.10913336277008057,0.02780511975288391,-0.002766824560239911,-0.018864665180444717,-0.042468857020139694,-0.03615948185324669,-0.037402428686618805,-0.026539457961916924,-0.02895509824156761,-0.023079250007867813,-0.0317574106156826,-0.019929412752389908,-0.019972985610365868,-0.01508308108896017,-0.02339429408311844,-0.011814543046057224,-0.01612573117017746,-0.008602487854659557,-0.0026722904294729233,0.01089129876345396,0.006690188776701689,0.02183070033788681,0.025574130937457085,0.004145690705627203,-0.005354602355509996,-0.017117269337177277,0.011686807498335838,-0.020719332620501518,-0.027180934324860573,-0.002707303734496236,-0.038982126861810684,-0.03913350775837898,-0.026584608480334282,-0.029864413663744926,0.005973648279905319,0.025355184450745583,-0.0385836660861969,0.11935698240995407,-0.05076879262924194,-0.05803623050451279,0.027425523847341537,0.0355248749256134,0.03901960700750351,0.0671008750796318,-0.0029024819377809763,-0.05215141549706459,0.004786680452525616,-0.014452730305492878,0.031199734658002853,-0.014587215147912502,-0.01222777459770441,-0.11500120908021927,-0.5596651434898376,0.16197165846824646,0.25858524441719055,-0.9493765830993652,0.4569959044456482,-1.2294490337371826,0.02305414527654648,0.24223275482654572,0.1531526893377304,-0.03656155243515968,-0.011642000637948513,-0.021320363506674767,-0.01686367206275463,0.06766002625226974,-0.10108399391174316,-0.031043101102113724,0.16308006644248962,-0.6937842965126038,1.259144902229309,-1.432974100112915,2.335559129714966,-0.29179897904396057,-0.9577304720878601,0.5758988857269287,0.15610840916633606,-0.4570494294166565,0.7494327425956726,0.0036175602581351995,0.03410787135362625,0.019776664674282074,-0.03919145464897156,-0.16050532460212708,-0.259298712015152,0.07289943099021912,0.058695219457149506,-0.1218874603509903,0.09211552888154984,-0.029243456199765205,0.016514576971530914,0.02063804119825363,0.047136470675468445,-0.009797463193535805,0.10346246510744095,-0.9370133280754089,0.4784211218357086,-0.11462409049272537,-0.0388631671667099,-0.09222062677145004,0.09011532366275787,-1.785828658285027e-07,-0.005254609044641256,-0.00012138376041548327,1.2372839819363435e-07,-3.328371462885116e-07,-9.969506209017709e-06,-0.0001601597759872675,-1.5330730676651,0.16240064799785614,0.020473727956414223,-0.0027875988744199276,-0.008622365072369576,0.012739196419715881,0.002215785440057516,0.0314331091940403,0.024913528934121132
155,0.0010976698249578476,0.0027015183586627245,0.0005024262936785817,-0.002565142000094056,-0.005125541239976883,-0.005556000862270594,-0.0042948368936777115,-0.0033124282490462065,-0.0035531402099877596,-0.003724999027326703,-0.0035359496250748634,-0.002813922241330147,-0.0028872149996459484,-0.0012603506911545992,0.007708117365837097,0.03026515431702137,0.06191598251461983,0.06655225157737732,0.0892065167427063,0.07326029241085052,0.050216179341077805,0.023581521585583687,-0.0026346854865550995,-0.013570759445428848,-0.018897373229265213,-0.012011516839265823,-0.01508418284356594,-0.011076239868998528,-0.010153614915907383,-0.009066621772944927,-0.010722004808485508,-0.00772725697606802,-0.008466065861284733,-0.014350395649671555,-0.014258411712944508,0.005766722839325666,0.10765855014324188,0.2673065662384033,0.46071138978004456,0.4643513262271881,0.4914248287677765,0.410236656665802,0.2628881633281708,0.0962650328874588,0.0006097313016653061,-0.04986623302102089,-0.05516447871923447,-0.043679170310497284,-0.04017151519656181,-0.023027287796139717,-0.030091673135757446,-0.015219487249851227,-0.015429480001330376,-0.011974566616117954,-0.012361835688352585,0.0008024017442949116,0.02499634586274624,0.030640611425042152,0.03760465979576111,0.037589821964502335,0.01263215858489275,0.01722613349556923,0.06683056801557541,0.02784222736954689,0.058125708252191544,0.12333235144615173,-0.04172040894627571,0.05581142008304596,0.019275669008493423,-0.002273708116263151,-0.0330347865819931,-0.031673364341259,-0.007127866148948669,0.05640484020113945,0.028243770822882652,0.11402507871389389,-0.07304435223340988,0.07514467090368271,-0.0005641498719342053,0.02175511233508587,0.04035856947302818,-0.009972194209694862,-0.006801004521548748,-0.024992069229483604,-0.01602274738252163,0.15949630737304688,-0.027927542105317116,0.051418304443359375,-0.05014082416892052,-0.012509455904364586,-0.007920002564787865,0.0054482351988554,0.013728046789765358,0.038661256432533264,0.12789684534072876,-0.044313643127679825,0.2964578866958618,-1.2861360311508179,0.3113678991794586,-0.059903040528297424,0.8337860107421875,-0.2887268662452698,-0.01967776194214821,-0.028920184820890427,0.00502030411735177,-0.02196064405143261,-0.048130955547094345,-0.03345976024866104,-0.057240210473537445,-0.01929139904677868,-0.011175306513905525,0.0071482351049780846,-0.06933615356683731,-0.014305406250059605,-0.02358679473400116,-0.042779482901096344,0.36332836747169495,-2.07566499710083,3.09173583984375,-0.6006964445114136,-0.9534395933151245,-1.4665606021881104,-0.19461749494075775,1.4798933267593384,0.17444530129432678,-0.20666161179542542,-0.03690997138619423,-0.05153625085949898,0.10064921528100967,-0.020128415897488594,-0.06604874134063721,0.0006553411949425936,-0.1511411815881729,0.31098228693008423,-0.07692888379096985,0.02167229726910591,-0.3475600481033325,0.24216914176940918,-0.05641491711139679,0.01152858603745699,0.12455864995718002,5.967687144448064e-08,-0.007273902650922537,-0.00015083393373060971,-1.3303385912877275e-06,1.0991703192075875e-07,-1.63185759447515e-05,-0.0003050882660318166,-2.300851345062256,0.20404279232025146,0.03158828243613243,-0.004152631387114525,-0.015539264306426048,0.019803063943982124,0.01633927971124649,0.04568525031208992,0.02849201112985611
156,0.0026018002536147833,0.006162053439766169,0.003302097786217928,-0.004860480781644583,-0.012188445776700974,-0.012191983871161938,-0.006792670581489801,0.0008792536100372672,0.012876063585281372,0.028332481160759926,0.030658792704343796,0.024414941668510437,0.02059740573167801,0.009444819763302803,-0.002216736786067486,-0.011277965269982815,-0.013387173414230347,-0.008995840325951576,-0.006256328895688057,-0.0004442828649189323,0.0009047208586707711,-0.0036515246611088514,-0.012347414158284664,-0.023699700832366943,-0.03360014408826828,-0.019841017201542854,-0.024934975430369377,-0.013004708103835583,-0.008276883512735367,-0.004758968949317932,-0.010454456321895123,-0.024588188156485558,-0.03677622601389885,-0.04894360899925232,-0.0629698857665062,-0.09888409823179245,-0.1304665356874466,-0.11391154676675797,-0.08162730932235718,-0.04184229299426079,-0.03302856907248497,-0.04084993898868561,-0.058748502284288406,-0.07417764514684677,-0.16635793447494507,-0.11482550203800201,-0.09608891606330872,-0.053431130945682526,-0.024503394961357117,0.004572581499814987,0.02616015076637268,0.015987509861588478,-0.0041923183016479015,-0.016851123422384262,-0.040278270840644836,-0.024525465443730354,-0.04542301595211029,-0.030217036604881287,-0.028764313086867332,-0.021558545529842377,-0.006812666077166796,-0.012680340558290482,-0.035225220024585724,-0.0011655526468530297,-0.029025303199887276,-0.06106472760438919,0.04434243217110634,-0.0023259606678038836,-0.10159505158662796,0.01726161129772663,0.007168716285377741,-0.021021675318479538,-0.029295828193426132,-0.17695441842079163,-0.018511103466153145,-0.002993241883814335,0.08224279433488846,-0.026682456955313683,-0.009472887963056564,-0.02452615648508072,-0.0495346374809742,0.022563857957720757,-0.038056451827287674,-0.0017770915292203426,0.015462350100278854,-0.08777344226837158,0.038001690059900284,-0.04981940612196922,0.076963409781456,-0.11948640644550323,-0.0035639521665871143,0.026883291080594063,0.1101502999663353,-0.07007928937673569,-0.08039699494838715,0.10513156652450562,-0.05941685661673546,0.24316245317459106,-0.02726389840245247,-0.014206765219569206,-0.15373064577579498,0.09090231359004974,0.03347943350672722,-0.09788000583648682,-0.01748582348227501,0.3518731892108917,-0.18783153593540192,0.09390437602996826,-0.09820210933685303,0.2793014347553253,-0.24981696903705597,0.21512770652770996,-0.2158084362745285,-0.03621295467019081,0.09783919155597687,0.10940801352262497,-0.18610964715480804,0.4439990818500519,-0.37985584139823914,0.09766890108585358,0.020513243973255157,0.25999122858047485,-0.02352161332964897,-0.20738011598587036,-0.11567418277263641,0.029082398861646652,0.17951013147830963,-0.35084158182144165,0.5573755502700806,-0.08178268373012543,-0.14078034460544586,-0.004123447462916374,0.23715442419052124,-0.38092926144599915,0.16051125526428223,0.41984009742736816,-0.42877912521362305,0.1918593794107437,0.1489633023738861,-0.030506134033203125,0.060894012451171875,-4.902226535818954e-08,-0.04679598659276962,0.00023498931841459125,-7.439355727001384e-07,1.3782856740363059e-06,7.370073490164941e-06,0.001243555685505271,2.255622148513794,-0.273409903049469,-0.05159355700016022,0.019425539299845695,-0.03500186279416084,0.03446844592690468,-0.06151815876364708,-0.043160051107406616,-0.021566005423665047
157,-0.0015512864338234067,-0.006154496222734451,-0.011838949285447598,-0.01387449074536562,-0.009925133548676968,0.0007462484645657241,0.008802957832813263,0.012906670570373535,0.010748522356152534,0.0050363438203930855,-0.0013842240441590548,-0.004285234957933426,-0.0071380529552698135,-0.009165559895336628,-0.006714584305882454,0.00012249613064341247,0.010454338043928146,0.015149646438658237,0.021849021315574646,0.02262065000832081,0.017510421574115753,0.006548549514263868,-0.009608912281692028,-0.02315436489880085,-0.03425120562314987,-0.02143291011452675,-0.031051794067025185,-0.02109253965318203,-0.023967154324054718,-0.02620360441505909,-0.04073329642415047,-0.028691640123724937,-0.016363196074962616,-0.010750955902040005,-0.013855686411261559,-0.030490761622786522,-0.06610651314258575,-0.09398232400417328,-0.11163534224033356,-0.0883762389421463,-0.09221555292606354,-0.09208767116069794,-0.0809914618730545,-0.059497248381376266,-0.08838580548763275,-0.054897382855415344,-0.053117625415325165,-0.046370379626750946,-0.05406280606985092,-0.048458281904459,-0.08273406326770782,-0.060715846717357635,-0.050076887011528015,-0.04549984261393547,-0.059929970651865005,-0.03186170011758804,-0.05723658949136734,-0.044861629605293274,-0.052691586315631866,-0.07650134712457657,-0.029624994844198227,-0.04853501170873642,-0.08001735061407089,-0.0061317505314946175,-0.04140903055667877,-0.0677415058016777,0.030175086110830307,-0.012611170299351215,-0.10135940462350845,0.020843854174017906,-0.003989422228187323,-0.02551938034594059,-0.04493703320622444,-0.18119630217552185,-0.02479589357972145,-0.01721206307411194,0.058377478271722794,-0.0317315012216568,-0.005956246051937342,-0.004543931223452091,-0.04001273959875107,0.01684250310063362,-0.02723586931824684,0.0008148136548697948,0.0068040513433516026,-0.09964746981859207,0.02736652083694935,-0.06538913398981094,0.119295634329319,-0.13134554028511047,0.011332896538078785,0.03181755170226097,0.08770348876714706,-0.06941941380500793,-0.056577082723379135,0.0638887882232666,-0.06738193333148956,0.27153918147087097,0.001895957044325769,0.022907745093107224,-0.23650623857975006,0.11405085772275925,0.031123505905270576,-0.10765184462070465,-0.014180656522512436,0.23983176052570343,-0.19678765535354614,0.08095356076955795,-0.11396757513284683,0.30248937010765076,-0.3110235333442688,0.2160111516714096,-0.2463105469942093,-0.03608278930187225,0.07830620557069778,0.0686165988445282,-0.20366862416267395,0.4336969554424286,-0.40534287691116333,0.08922991901636124,0.028913341462612152,0.23466958105564117,-0.041468434035778046,-0.2043643444776535,-0.12389060109853745,0.05454929918050766,0.20116351544857025,-0.42150789499282837,0.5586437582969666,-0.09343169629573822,-0.13146013021469116,0.018552135676145554,0.24992558360099792,-0.3646438717842102,0.12130626291036606,0.45304638147354126,-0.493121474981308,0.2523408532142639,0.08127374947071075,-0.0402008481323719,0.06024157255887985,-1.1327534821248264e-06,-0.006634426768869162,-2.7209265681449324e-05,3.493638800478038e-08,-7.090994245118054e-07,1.5687830455135554e-05,0.00018198050383944064,2.72698974609375,-0.26721346378326416,0.0028253626078367233,0.013734934851527214,-0.014103972353041172,0.03091900609433651,-0.007364856079220772,0.01399760227650404,0.027979396283626556
158,0.0004144475096836686,0.0030487815383821726,0.0042863404378294945,0.0010256191017106175,-0.0022407816722989082,-0.004506839904934168,-0.0043821875005960464,-0.004772812593728304,-0.004164968151599169,-0.00510335061699152,-0.003705250332131982,-0.0035269164945930243,-0.004921233747154474,-0.007527644746005535,-0.009212831035256386,-0.011351283639669418,-0.012423344887793064,-0.012170515023171902,-0.016051560640335083,-0.017708169296383858,-0.016077538952231407,0.0004948253626935184,0.03379339724779129,0.09021716564893723,0.1370527744293213,0.08828330039978027,0.10706156492233276,0.04968807101249695,0.023364044725894928,0.0034650007728487253,-0.008747842162847519,-0.010035992600023746,-0.009418625384569168,-0.01137729361653328,-0.00573728047311306,0.03795434534549713,0.2224218249320984,0.4423808753490448,0.6761524677276611,0.6020387411117554,0.6244126558303833,0.4770362377166748,0.2769271433353424,0.13647696375846863,0.1876336932182312,0.15134930610656738,0.16063688695430756,0.14075593650341034,0.09742575138807297,0.02672567404806614,-0.010766471736133099,-0.02021910808980465,-0.020849185064435005,-0.009453680366277695,-0.007120872847735882,-0.005890840198844671,-0.01615658402442932,-0.019278181716799736,-0.030676813796162605,-0.03468545153737068,-0.015800466760993004,-0.03150884807109833,-0.03637725114822388,-0.006742485798895359,-0.004638946149498224,6.188234692672268e-05,-0.038843121379613876,0.02279910445213318,0.08957067877054214,-0.01391054317355156,0.024646854028105736,0.04450148344039917,0.028633488342165947,-0.004326328635215759,-0.011829499155282974,-0.028989650309085846,0.008942542597651482,-0.055979155004024506,-0.042615167796611786,0.02980949729681015,0.03957638517022133,-0.021162869408726692,-0.014696817845106125,-0.009745365008711815,-0.021360687911510468,0.04553192853927612,-0.08412576466798782,0.08058170229196548,-0.13857753574848175,0.12621045112609863,-0.003496639197692275,-0.0856214314699173,-0.06599771976470947,-0.022875258699059486,-0.03900221362709999,0.03215278685092926,-0.0244255680590868,0.003653595456853509,-0.037225861102342606,-0.07131925970315933,0.2628445625305176,-0.6333381533622742,-0.7032639384269714,0.8603582382202148,-0.6041588187217712,-1.3972073793411255,1.335511565208435,-0.270309716463089,0.2850763201713562,-0.13782985508441925,0.5297273993492126,-0.4173581302165985,0.10711494833230972,0.09124593436717987,0.0490257665514946,-0.11723987013101578,1.839360237121582,-2.6061294078826904,3.855989694595337,-0.7590258717536926,-0.6645674705505371,-1.2116246223449707,0.5018044114112854,0.6150205135345459,0.39771485328674316,0.01433520670980215,-1.1527388095855713,0.6394649744033813,-0.5341092348098755,0.20071204006671906,-0.0368935726583004,-0.07605219632387161,-0.21703049540519714,0.6937933564186096,-0.17718499898910522,-1.139589548110962,1.169495701789856,-0.2618541419506073,0.05203401297330856,0.06033364683389664,0.02982017956674099,1.2732130016956944e-07,0.0011794344754889607,-0.00016087231051642448,-9.29919565351156e-07,2.705849055928411e-07,-1.4490423382085282e-05,-0.0003095656866207719,-4.269560813903809,0.2553034722805023,0.03158532828092575,-0.007151033729314804,-0.01829715073108673,0.023792777210474014,0.01756664365530014,0.040118344128131866,0.011165344156324863
159,0.0026596870739012957,0.006008634809404612,0.0031678159721195698,-0.003892707172781229,-0.010887596756219864,-0.011705415323376656,-0.00954652950167656,-0.009120456874370575,-0.008233312517404556,-0.008914975449442863,-0.0066408030688762665,-0.0057901968248188496,-0.0071622952818870544,-0.010888614691793919,-0.012501572258770466,-0.015441338531672955,-0.01711461879312992,-0.014708755537867546,-0.019380146637558937,-0.024515341967344284,-0.032553866505622864,-0.04168887063860893,-0.0320812352001667,-0.03440576046705246,-0.036829642951488495,-0.020735781639814377,-0.028847789391875267,-0.019016815349459648,-0.022128459066152573,-0.025780178606510162,-0.052615128457546234,-0.05049145966768265,-0.04889795556664467,-0.05185626447200775,-0.05213169381022453,-0.04374054819345474,0.04361395910382271,0.21609510481357574,0.4305996894836426,0.44099557399749756,0.5482969284057617,0.5104333162307739,0.3455471694469452,0.1303286999464035,0.028165487572550774,-0.06686659902334213,-0.09338954836130142,-0.07635511457920074,-0.06698852777481079,-0.0520470067858696,-0.08011108636856079,-0.054206449538469315,-0.04501178488135338,-0.04178250581026077,-0.05701315775513649,-0.029550783336162567,-0.05329995974898338,-0.03458647429943085,-0.04303353652358055,-0.061464086174964905,-0.01565198041498661,-0.04192941635847092,-0.06431907415390015,0.0028654984198510647,-0.025020809844136238,-0.06774451583623886,0.054776277393102646,-0.009641864337027073,-0.054346367716789246,0.041967716068029404,-0.017437441274523735,-0.013793914578855038,-0.035894718021154404,-0.1836692988872528,0.008808826096355915,-0.008528612554073334,-0.045365605503320694,0.005253336392343044,0.025018390268087387,-0.3052630126476288,-0.48972639441490173,-0.014217443764209747,-0.16087007522583008,-0.11133686453104019,-0.057543449103832245,-0.047874610871076584,0.01963791996240616,-0.06797409802675247,0.1637009084224701,-0.12880636751651764,0.0203572865575552,0.06093893572688103,0.1479523777961731,-0.09931934624910355,-0.06898186355829239,0.1069057434797287,-0.06693735718727112,0.31633085012435913,0.05246541649103165,0.017940375953912735,-0.25411731004714966,0.14315885305404663,0.05037730187177658,-0.1611727923154831,-0.003432906698435545,0.3380100131034851,-0.25572526454925537,0.12219718843698502,-0.1550171822309494,0.28535622358322144,-0.4752427637577057,0.26586785912513733,-0.20562708377838135,-0.08078069239854813,0.23438015580177307,0.058061640709638596,-0.19893673062324524,0.45263686776161194,-0.34196996688842773,0.0931946262717247,-0.03889564052224159,0.286891371011734,-0.06718882918357849,-0.12613211572170258,-0.03991864249110222,0.06470724195241928,0.1866459995508194,-0.3036547303199768,0.45991504192352295,-0.07417528331279755,-0.11653254181146622,-0.11970246583223343,0.27572888135910034,-0.3559132218360901,0.18773484230041504,0.3953477442264557,-0.5338190793991089,0.25228381156921387,0.03543667495250702,0.022090712562203407,0.04093775153160095,-6.781403953937115e-07,0.04371047392487526,0.0002463894197717309,9.232599040842615e-06,-7.634441772097489e-07,-2.3329444957198575e-05,-0.000664573977701366,1.2677617073059082,-0.236032634973526,-0.16618846356868744,-0.011487269774079323,-0.029679302126169205,-0.2551959753036499,-0.15237243473529816,-0.2147735357284546,-0.21754644811153412
160,-0.0015040163416415453,-0.0059480080381035805,-0.010913546197116375,-0.010316658765077591,-0.00034278928069397807,0.01751754991710186,0.029291430488228798,0.0362447164952755,0.03066764585673809,0.01994314230978489,0.005072837695479393,-0.002127713058143854,-0.006286530755460262,-0.00889735296368599,-0.006708793342113495,7.7559489000123e-05,0.010291693732142448,0.014698904007673264,0.021288229152560234,0.022273333743214607,0.017273522913455963,0.006227433681488037,-0.009674970991909504,-0.023180710151791573,-0.03430090844631195,-0.02148033119738102,-0.031101712957024574,-0.02131197415292263,-0.025052493438124657,-0.02981427125632763,-0.05621587485074997,-0.053759992122650146,-0.046501949429512024,-0.04225107654929161,-0.0427560992538929,-0.059024397283792496,-0.08661721646785736,-0.102324940264225,-0.11434691399335861,-0.08856326341629028,-0.09150803089141846,-0.09109227359294891,-0.08068801462650299,-0.059683386236429214,-0.0891324058175087,-0.0547795444726944,-0.05329570919275284,-0.045601069927215576,-0.05250377207994461,-0.04458100348711014,-0.07035622745752335,-0.04105016961693764,-0.02254621498286724,-0.00921643152832985,-0.008207587525248528,-0.010753195732831955,-0.028819715604186058,-0.03201178461313248,-0.045178115367889404,-0.07035592943429947,-0.024927841499447823,-0.042780227959156036,-0.06829022616147995,-0.0030885860323905945,-0.030305149033665657,-0.044239211827516556,0.022804634645581245,-0.011189091950654984,-0.09347323328256607,0.016583310440182686,0.005377127323299646,-0.02166648395359516,-0.03792661428451538,-0.17298923432826996,-0.018920091912150383,-0.007625550497323275,0.0647394061088562,-0.032201431691646576,-0.006698854733258486,0.004163287114351988,-0.03405195474624634,0.019686084240674973,-0.029312079772353172,-0.0052940985187888145,0.0020466598216444254,-0.09062826633453369,0.03253722935914993,-0.05782761797308922,0.12233529984951019,-0.13127464056015015,0.01262779999524355,0.029968595132231712,0.08879677951335907,-0.06742173433303833,-0.055412694811820984,0.06574752181768417,-0.06747686117887497,0.26983439922332764,0.0002781743532977998,0.02238941378891468,-0.21383734047412872,0.10370763391256332,0.02983916737139225,-0.10322976112365723,-0.015949424356222153,0.25814592838287354,-0.1984260082244873,0.09471949934959412,-0.1104239746928215,0.32043951749801636,-0.3126380443572998,0.21831874549388885,-0.22158798575401306,-0.023288924247026443,0.09389442205429077,0.08032085001468658,-0.19492143392562866,0.4700223207473755,-0.41726967692375183,0.09335386008024216,0.030985623598098755,0.22913263738155365,-0.036200810223817825,-0.19733722507953644,-0.10916560888290405,0.04907612130045891,0.18745660781860352,-0.4404347240924835,0.5797909498214722,-0.0992026999592781,-0.11395498365163803,0.01104996632784605,0.2406245619058609,-0.356557160615921,0.13872197270393372,0.45180678367614746,-0.461426317691803,0.25153592228889465,0.11077748984098434,-0.03082895651459694,0.0622623935341835,-1.121785771829309e-06,-0.025860706344246864,-6.476912676589563e-05,-7.451013175341359e-07,-7.04710316767887e-07,1.573156623635441e-05,5.4425614507636055e-05,2.4068853855133057,-0.25383448600769043,-0.024126481264829636,0.01654333993792534,-0.014040636830031872,0.030974814668297768,-0.03524402156472206,-0.02764701470732689,0.02730402909219265
161,-3.555664807208814e-05,0.00039958106935955584,0.0015786158619448543,0.0022564081009477377,0.0019105735700577497,0.0002049149916274473,-0.001035237219184637,-0.001507351640611887,-0.002392600756138563,-0.0023991139605641365,-0.0021902702283114195,-0.0018061003647744656,-0.002390440786257386,-0.003031829372048378,-0.002029129769653082,0.002665093634277582,0.014663664624094963,0.026867439970374107,0.039875030517578125,0.06780549138784409,0.0895303338766098,0.08691583573818207,0.03257766366004944,0.015205011703073978,-0.0016190099995583296,-0.005356224253773689,-0.008740299381315708,-0.006107268389314413,-0.008571729063987732,-0.008796646259725094,-0.011352352797985077,0.0051377806812524796,0.043616924434900284,0.11663275212049484,0.20025679469108582,0.44242456555366516,0.6945808529853821,0.6300070881843567,0.43771132826805115,0.18565155565738678,0.11179469525814056,0.027171649038791656,-0.008967014960944653,-0.02752549946308136,-0.050530239939689636,-0.03490815684199333,-0.029390471056103706,-0.019571974873542786,-0.022163180634379387,-0.019230984151363373,-0.030180247500538826,-0.019312944263219833,-0.019537482410669327,-0.015257702209055424,-0.023385128006339073,-0.012608448974788189,-0.019099894911050797,-0.013491279445588589,-0.014250759966671467,-0.009390427730977535,0.000749326660297811,0.011852164752781391,0.030312256887555122,0.009328484535217285,0.0036504322197288275,-0.0076121315360069275,0.0076545225456357,-0.020880259573459625,-0.030272776260972023,-0.0030083872843533754,-0.04221497103571892,-0.04314082860946655,-0.02832420915365219,-0.04902632161974907,-0.0033125928603112698,0.004501499235630035,-0.010352122597396374,0.07139623910188675,-0.037686627358198166,-0.07416241616010666,-0.0563136450946331,0.008239244110882282,0.018054690212011337,0.03958352282643318,0.0019860148895531893,-0.048187196254730225,0.008758974261581898,-0.013913116417825222,0.03111858107149601,-0.012642383575439453,-0.011185645125806332,-0.1107938140630722,-0.5032110214233398,0.11392989754676819,0.2807152569293976,-0.8350054025650024,0.4966813325881958,-1.2193976640701294,0.13447913527488708,0.33130204677581787,0.1733464002609253,-0.04147827625274658,-0.011653372086584568,-0.02711801789700985,-0.01696297712624073,0.05300804227590561,-0.06751833856105804,-0.03070274367928505,0.19470788538455963,-0.809371292591095,1.2488981485366821,-1.646201729774475,2.227944850921631,-0.1683160364627838,-1.511412501335144,0.7985238432884216,0.041649285703897476,-0.5420674085617065,0.5913179516792297,0.044919177889823914,0.05283762514591217,-0.028947554528713226,-0.011153687722980976,-0.10136143118143082,-0.16854670643806458,0.07431396096944809,0.07377781718969345,-0.1286333054304123,0.10308445245027542,-0.027743825688958168,0.011216987855732441,0.007443127688020468,0.058690253645181656,0.004107967019081116,0.11339183151721954,-0.33018025755882263,0.1675214022397995,-0.032752860337495804,-0.11695018410682678,-0.08722967654466629,0.013214562088251114,-1.872033408290008e-07,-0.006476901937276125,-0.00011901344259968027,7.71570611846073e-08,-3.016165806002391e-07,-8.674145647091791e-06,-0.00019256584346294403,-1.179565668106079,0.16210982203483582,0.019853541627526283,-0.0026943436823785305,-0.007641898468136787,0.013046467676758766,0.0016702375141903758,0.03153812885284424,0.0271450225263834
162,0.00116757454816252,0.003588623832911253,0.0018330287421122193,-0.0019347037887200713,-0.005300174467265606,-0.006468511186540127,-0.0050810412503778934,-0.004222119227051735,-0.0041129388846457005,-0.00462721660733223,-0.003979257307946682,-0.0036319622304290533,-0.004614631179720163,-0.006384751293808222,-0.004636362195014954,0.0024733764585107565,0.021278632804751396,0.04341191425919533,0.08591806888580322,0.10951325297355652,0.12202486395835876,0.13031691312789917,0.051975078880786896,0.01428508386015892,-0.009258758276700974,-0.0114723090082407,-0.01705123297870159,-0.011806134134531021,-0.009831054136157036,-0.007222640328109264,-0.007063754368573427,-0.00697821332141757,-0.011486775241792202,-0.020588738843798637,-0.021238800138235092,0.0014630159130319953,0.11999057233333588,0.3122456967830658,0.5305984616279602,0.5532863736152649,0.5810105204582214,0.5346851348876953,0.3326576352119446,0.13493728637695312,0.03662890940904617,-0.043322086334228516,-0.05698163062334061,-0.04707571491599083,-0.041642703115940094,-0.0212921891361475,-0.030527081340551376,-0.018313659355044365,-0.022819168865680695,-0.021570533514022827,-0.03353247791528702,-0.02123006246984005,-0.024429257959127426,-0.003943055402487516,0.013713283464312553,0.039591532200574875,0.023202158510684967,0.03774169087409973,0.09352642297744751,0.008656746707856655,0.05776875466108322,0.13956473767757416,-0.0683484598994255,0.04739344120025635,0.027956301346421242,-0.0025022586341947317,-0.030047906562685966,-0.05155034363269806,-0.03383936733007431,-0.12543252110481262,-0.02146681770682335,-0.03174212947487831,0.002089070389047265,0.026231616735458374,0.028872160241007805,-0.036145761609077454,-0.034256838262081146,0.008992927148938179,-0.014999977312982082,-0.038007400929927826,-0.047183696180582047,0.1732383668422699,-0.08175168931484222,0.05065362527966499,-0.038699232041835785,-0.018458915874361992,-0.0047765769995749,-0.004327717237174511,0.024879155680537224,-0.042603749781847,-0.020003387704491615,-0.02923974022269249,0.011859484016895294,-1.2205311059951782,0.3857574462890625,-0.20541590452194214,2.364506483078003,-0.9358909726142883,-0.07314249873161316,-0.05209021270275116,-0.0575319342315197,-0.11284364759922028,-0.05393075942993164,-0.08431331068277359,-0.025230824947357178,-0.05147701874375343,0.040667466819286346,0.0066408803686499596,-0.05565383657813072,-0.029344409704208374,-0.024339953437447548,-0.00342985219322145,0.4279417395591736,-2.3704240322113037,3.21982741355896,-0.818680465221405,-0.8338503241539001,-1.9311696290969849,0.2996930181980133,1.731935739517212,0.6774218678474426,-0.06288830935955048,-0.3648686408996582,0.562004804611206,-0.24873512983322144,0.10755046457052231,0.025068974122405052,0.04096459597349167,-0.03863782435655594,0.02592342160642147,0.07209111750125885,0.08426710963249207,-0.12308593839406967,0.050765059888362885,-0.015921661630272865,-0.003458811203017831,0.16626298427581787,5.1951005275441275e-08,-0.007588205859065056,-0.00019052995776291937,-1.4719478258484742e-06,1.1755301443372446e-07,-1.8000702766585164e-05,-0.0004488739650696516,-3.5486488342285156,0.22608444094657898,0.03204777464270592,-0.005155140999704599,-0.018907606601715088,0.0245821550488472,0.02005619741976261,0.028417082503437996,0.008963609114289284
163,0.0006685652188025415,0.002886764006689191,0.0019264002330601215,-0.0017997240647673607,-0.0057221646420657635,-0.006336902268230915,-0.005057241301983595,-0.004800931550562382,-0.004131465218961239,-0.00497075542807579,-0.0036839651875197887,-0.003527798457071185,-0.00489812670275569,-0.0074940393678843975,-0.00921571720391512,-0.011295665055513382,-0.012254363857209682,-0.012142620049417019,-0.015667064115405083,-0.017474738880991936,-0.015959734097123146,0.0005655435379594564,0.03268425539135933,0.09006541222333908,0.13540787994861603,0.08868467062711716,0.10502501577138901,0.04902833700180054,0.022930175065994263,0.0025682193227112293,-0.010584374889731407,-0.01140624936670065,-0.009421378374099731,-0.009901177138090134,-0.0024503092281520367,0.04486524313688278,0.23252129554748535,0.4512939453125,0.6861178278923035,0.6100234985351562,0.6263993978500366,0.4821668863296509,0.26917967200279236,0.12158863991498947,0.14459431171417236,0.12402122467756271,0.1480790674686432,0.14006491005420685,0.10699298232793808,0.035511597990989685,-0.0036787777207791805,-0.018016109243035316,-0.020287444815039635,-0.008973360992968082,-0.005829932633787394,-0.005019775591790676,-0.015406095422804356,-0.02005709521472454,-0.03227054327726364,-0.034589655697345734,-0.015023717656731606,-0.02763303369283676,-0.029708553105592728,-0.0030649197287857533,-0.0006856140680611134,0.005698604974895716,-0.044690798968076706,0.027590211480855942,0.08280663937330246,-0.005040425807237625,0.025448806583881378,0.04291730001568794,0.02248862199485302,-0.013202978298068047,-0.012584629468619823,-0.022601086646318436,0.0043367790058255196,-0.0230435561388731,-0.02685127966105938,0.020510200411081314,0.045986276119947433,-0.02241075597703457,-0.006550408434122801,0.000644282263237983,-0.013535675592720509,0.037001706659793854,-0.09252955764532089,0.07806123048067093,-0.1183125302195549,0.08244094997644424,-0.01548511628061533,-0.10154359042644501,-0.06977536529302597,-0.01548758801072836,-0.033724717795848846,0.031178941950201988,-0.023651324212551117,0.008057706989347935,-0.03608538210391998,-0.060160111635923386,0.23718798160552979,-0.6012008786201477,-0.5827479958534241,0.9490025043487549,-0.5348963141441345,-1.37325119972229,1.500078797340393,-0.2703322768211365,0.3683415651321411,-0.16489624977111816,0.48291507363319397,-0.3830656111240387,0.09942639619112015,0.10179393738508224,0.05381133779883385,-0.060433343052864075,1.5684547424316406,-2.3306636810302734,3.6822891235351562,-0.9376088976860046,-0.6664824485778809,-1.395521640777588,0.5770856738090515,0.5337004661560059,0.42814990878105164,0.039446983486413956,-1.2549936771392822,0.6835522651672363,-0.6798163056373596,0.2975737154483795,-0.05010925605893135,-0.04729887470602989,-0.11962637305259705,0.5716899037361145,-0.26427242159843445,-1.0348377227783203,1.0824553966522217,-0.18871665000915527,0.05582744628190994,0.03651035577058792,0.04932604357600212,1.216234579715092e-07,0.0030473850201815367,-0.00020435117767192423,-1.14072850010416e-06,3.751654276129557e-07,-1.981651075766422e-05,-0.00038402393693104386,-4.3330078125,0.25041133165359497,0.032441817224025726,-0.007346733007580042,-0.019996490329504013,0.020412836223840714,0.018057920038700104,0.04061358422040939,0.011801513843238354
164,-0.0005643386393785477,-0.0019842595793306828,-0.0043320851400494576,-0.0048567140474915504,-0.0054683866910636425,-0.004753537010401487,-0.0030996096320450306,-0.0025373215321451426,-0.002704337937757373,-0.002698716474696994,-0.002271070843562484,-0.0012004630407318473,0.0010101916268467903,0.008999265730381012,0.022961575537919998,0.048592984676361084,0.06640119850635529,0.04734661802649498,0.04437517747282982,0.02940140850841999,0.023042557761073112,0.019020939245820045,0.00942644290626049,0.00494956411421299,-0.0009333739872090518,-0.0037276134826242924,-0.007927811704576015,-0.006536907982081175,-0.008411346934735775,-0.0061302524991333485,0.007453166879713535,0.05453786253929138,0.12264078110456467,0.23784081637859344,0.3165322542190552,0.4825436770915985,0.6220667958259583,0.4733443558216095,0.3176999092102051,0.14298886060714722,0.07797523587942123,0.03441990539431572,-0.0006693808827549219,-0.02042563073337078,-0.05383429676294327,-0.04976050928235054,-0.04129636287689209,-0.03416822478175163,-0.03277399018406868,-0.021270273253321648,-0.034519217908382416,-0.02143295854330063,-0.021046318113803864,-0.015066102147102356,-0.020534297451376915,-0.015197345986962318,-0.021955709904432297,-0.015963604673743248,-0.018245693296194077,-0.026092128828167915,-0.012178540229797363,-0.014261468313634396,-0.031097233295440674,-0.00832259003072977,-0.010532882995903492,-0.026685738936066628,0.014322261326014996,-0.025804802775382996,-0.04013950377702713,-0.011732388287782669,0.01083486806601286,0.07236380875110626,0.08467122167348862,0.15919502079486847,0.028924942016601562,0.01483306847512722,0.0026893173344433308,-0.03827260062098503,-0.024420268833637238,0.05301493778824806,0.16365480422973633,-0.05597930774092674,0.056046199053525925,0.026756878942251205,-0.006002260372042656,0.06233357638120651,-0.08986537903547287,0.17328375577926636,-0.050502628087997437,0.33820196986198425,0.11992514133453369,-0.5076314806938171,-1.4423246383666992,0.33589619398117065,0.612922728061676,-0.4148227572441101,0.295236736536026,-0.21902097761631012,0.16521550714969635,0.26621633768081665,0.40145963430404663,-0.2423705756664276,0.30354493856430054,0.16325519979000092,0.04007884860038757,-0.45706629753112793,0.4669743478298187,-0.1682296246290207,1.2990251779556274,-2.2759017944335938,2.1811578273773193,-0.9218246340751648,2.044881820678711,-0.6100914478302002,-0.4049866199493408,-0.4573407471179962,0.26647406816482544,-0.3358153998851776,0.7868400812149048,0.27477625012397766,0.05759033188223839,-0.06725230813026428,-0.006379576399922371,-0.07254660129547119,-0.047265276312828064,-0.021044379100203514,0.011217423714697361,0.0887461006641388,-0.2151210904121399,0.018905093893408775,0.06830492615699768,-0.004176231101155281,-0.008751878514885902,-0.2474028319120407,-0.33095428347587585,0.8424413800239563,-0.6966525912284851,1.794288992881775,-1.0642399787902832,-0.21451793611049652,-0.14026635885238647,-1.8935270418296568e-07,0.0065894280560314655,-0.00010388720693299547,-3.5343452964298194e-07,-1.9252961180882266e-07,-7.398565685434733e-06,-0.00014594114327337593,-4.539933681488037,0.15566504001617432,0.01117126364260912,-0.0036242064088582993,0.005403526127338409,0.012311489321291447,-0.0039282916113734245,0.015490951016545296,-0.004883113317191601
165,0.0011092585045844316,0.0025688065215945244,0.0003895231639035046,-0.0026125432923436165,-0.005110946949571371,-0.005495226942002773,-0.004245167598128319,-0.0032464289106428623,-0.0035113475751131773,-0.0036520028952509165,-0.0034798630513250828,-0.002777080051600933,-0.002818120876327157,-0.0012383970897644758,0.007490308489650488,0.02935289405286312,0.06030631437897682,0.06434725224971771,0.08737311512231827,0.07184801995754242,0.04900546371936798,0.02293279580771923,-0.002659117802977562,-0.01338365487754345,-0.01868373155593872,-0.011897195130586624,-0.01483438815921545,-0.010911048389971256,-0.010032247751951218,-0.008966535329818726,-0.010662399232387543,-0.007673037704080343,-0.008412804454565048,-0.014198924414813519,-0.014058642089366913,0.005548220127820969,0.10576574504375458,0.2624025344848633,0.44910895824432373,0.45298898220062256,0.47909069061279297,0.40168502926826477,0.25832638144493103,0.09402593225240707,-0.0007339307339861989,-0.04934825375676155,-0.054241012781858444,-0.04308026656508446,-0.03966797888278961,-0.022682275623083115,-0.02964075095951557,-0.014937721192836761,-0.01505042053759098,-0.011693339794874191,-0.011692502535879612,0.0013682233402505517,0.025728285312652588,0.029833707958459854,0.03779304400086403,0.03542349115014076,0.012145774438977242,0.016589060425758362,0.06514652818441391,0.02842765301465988,0.05640539899468422,0.12428205460309982,-0.0442282035946846,0.05388569086790085,0.019508354365825653,-0.00262905634008348,-0.032098133116960526,-0.03049991838634014,-0.007704348303377628,0.05322270467877388,0.02525227889418602,0.11460781842470169,-0.07063194364309311,0.07621519267559052,0.0002916402299888432,0.017602767795324326,0.0404062494635582,-0.008757037110626698,-0.0007138055516406894,-0.025736436247825623,-0.018755603581666946,0.1505570262670517,-0.02348022162914276,0.05233555659651756,-0.05245809629559517,-0.013672868721187115,-0.008948368020355701,0.005093766842037439,0.01334364153444767,0.03485497087240219,0.12014418840408325,-0.08349703997373581,0.22471874952316284,-1.2694530487060547,0.34411683678627014,-0.05570753663778305,0.7793669700622559,-0.2792741358280182,-0.020854255184531212,-0.02735944837331772,0.005659668240696192,-0.018527792766690254,-0.045684054493904114,-0.02741616778075695,-0.054783888161182404,-0.01801721379160881,-0.015259698033332825,0.00754675455391407,-0.071932353079319,-0.016847459599375725,-0.026910757645964622,-0.03904097527265549,0.3709879219532013,-1.9550668001174927,2.9836456775665283,-0.527138352394104,-1.167762279510498,-1.402750849723816,-0.19485744833946228,1.3999100923538208,0.11930585652589798,-0.20792250335216522,-0.03448226675391197,-0.05522651597857475,0.09955327957868576,-0.01895097829401493,-0.07592207938432693,0.002541924361139536,-0.17197731137275696,0.2979274094104767,-0.08860985189676285,0.013022426515817642,-0.3167845606803894,0.21039068698883057,-0.058750588446855545,0.015799449756741524,0.12019339948892593,5.377823697472195e-08,-0.007021261844784021,-0.00014180410653352737,-1.2550424344226485e-06,1.0520714255335406e-07,-1.5896295735728927e-05,-0.0002763473312370479,-1.8187175989151,0.20377114415168762,0.032268498092889786,-0.004039113875478506,-0.015242991968989372,0.019418954849243164,0.016122110188007355,0.044731076806783676,0.03701341524720192
166,-0.0008221497992053628,-0.004117581527680159,-0.008108330890536308,-0.007355915382504463,-0.0062893531285226345,-0.00043307492160238326,0.004054846242070198,0.006837609689682722,0.00674781296402216,0.003950456157326698,-0.00034868918010033667,-0.0025349026545882225,-0.004517498426139355,-0.007985644042491913,-0.009699967689812183,-0.010914099402725697,-0.010337289422750473,-0.0062147481366992,-0.0015597811434417963,0.009164000861346722,0.034933146089315414,0.10202918201684952,0.11782459169626236,0.17557699978351593,0.1823023408651352,0.07950928062200546,0.06550752371549606,0.01763835921883583,-0.0002879168896470219,-0.008494837209582329,-0.014306596480309963,-0.010141574777662754,-0.011290119960904121,-0.01929667964577675,-0.03279198706150055,-0.058677852153778076,-0.09437984973192215,-0.08974166214466095,-0.08295551687479019,-0.06235682964324951,-0.06469400227069855,-0.05606463924050331,0.0007609306485392153,0.12875962257385254,0.6020913124084473,0.714106023311615,0.8547052145004272,0.7599166035652161,0.678170919418335,0.24865363538265228,0.15279589593410492,0.05533892288804054,0.07674334943294525,0.15004520118236542,0.2879936993122101,0.2033972442150116,0.1962823122739792,0.08676981180906296,0.03869468718767166,0.03120211698114872,0.04348396882414818,0.10755098611116409,0.2876852750778198,0.1457410305738449,0.10402857512235641,0.13476507365703583,-0.06871449947357178,0.016175778582692146,0.028355756774544716,0.0008497938979417086,-0.005278978031128645,-0.0026141395792365074,-0.0012730327434837818,-0.03847905248403549,-0.028103230521082878,-0.06047241389751434,0.006526940036565065,-0.18327613174915314,-0.20106135308742523,0.0927739217877388,0.13741080462932587,-0.026379916816949844,0.007631175685673952,0.02219206467270851,-0.024995261803269386,0.07097209990024567,-0.0794023796916008,0.08350318670272827,-0.14393256604671478,-0.03730807453393936,-0.06675391644239426,0.017898499965667725,-0.19914837181568146,0.12766261398792267,0.14545667171478271,-0.08802609145641327,0.007924584671854973,-0.11071376502513885,-0.045040760189294815,-0.026880385354161263,-0.06234198808670044,0.02439703419804573,-0.014376983046531677,0.028504613786935806,0.026511013507843018,-0.3916999399662018,0.9279079437255859,-0.19657683372497559,0.4998393952846527,-1.0594861507415771,1.7168054580688477,-1.4862525463104248,0.24693408608436584,0.14081734418869019,-0.060867778956890106,-0.08872417360544205,0.7615482211112976,-0.6205773949623108,1.394120454788208,0.03729855641722679,0.04753359407186508,-0.21909835934638977,0.019227325916290283,-0.07607506960630417,0.055158719420433044,0.010202636942267418,-0.40124571323394775,0.5598379373550415,-1.24587881565094,0.3785899579524994,0.644564688205719,-0.958478569984436,-1.0088181495666504,1.7094098329544067,-0.09144487231969833,-1.9324983358383179,1.1880329847335815,-0.38663017749786377,-0.028065679594874382,0.1275016963481903,0.004439316689968109,5.544742620600118e-08,-0.017001990228891373,-0.00021596519218292087,-2.0744066659972304e-06,4.295295639167307e-07,-2.0406007024575956e-05,-0.00030207273084670305,-6.250494480133057,0.2918090522289276,0.04570801183581352,-0.006523821037262678,-0.008612019009888172,0.029870321974158287,0.038534704595804214,0.06665197759866714,0.040872130542993546
167,0.002575194463133812,0.007911274209618568,0.005941727198660374,0.00048923707799986,-0.003222741885110736,-0.004422888159751892,-0.003900995245203376,-0.0030335483606904745,-0.0032768219243735075,-0.003470339346677065,-0.002905702916905284,-0.002620370825752616,-0.0024867416359484196,-0.00124726805370301,0.007287230808287859,0.028050405904650688,0.05853826925158501,0.06328389793634415,0.08769147843122482,0.06651917845010757,0.04761728271842003,0.022472092881798744,-0.002666229847818613,-0.012952269986271858,-0.018235132098197937,-0.011695194989442825,-0.014485492371022701,-0.010398427955806255,-0.009704630821943283,-0.008720854297280312,-0.010478313080966473,-0.007529818918555975,-0.008552741259336472,-0.014455806463956833,-0.014505184255540371,0.005397159140557051,0.10494484007358551,0.24877196550369263,0.43512681126594543,0.47144925594329834,0.4814578890800476,0.4257707893848419,0.25177133083343506,0.0999000295996666,0.008282351307570934,-0.04469742625951767,-0.04956888034939766,-0.04265376180410385,-0.03816613554954529,-0.0220956988632679,-0.02943456918001175,-0.013887557201087475,-0.013282008469104767,-0.008413882926106453,0.0029142058920115232,0.02119574137032032,0.08345580101013184,0.062223199754953384,0.10318806022405624,0.08123070746660233,0.029323818162083626,0.026224050670862198,0.059978075325489044,0.006720178294926882,0.03435960039496422,0.11125210672616959,-0.07079647481441498,0.02489195019006729,0.009285707026720047,-0.0009302600519731641,-0.023205529898405075,-0.024369312450289726,-0.003206396708264947,0.07198413461446762,0.021068856120109558,0.11389495432376862,-0.08584272116422653,0.1284077763557434,0.05746164917945862,-0.001113337348215282,-0.027241643518209457,0.015066254884004593,-0.029565734788775444,-0.012546615675091743,0.014902840368449688,0.1581447720527649,-0.07215214520692825,0.03992120921611786,-0.044555358588695526,-0.004362634848803282,-0.00427455548197031,-0.0003314848872832954,0.010866120457649231,0.017373722046613693,0.14362722635269165,-0.22528095543384552,-0.07419552654027939,-1.1976124048233032,0.25590091943740845,0.15514184534549713,0.754223644733429,-0.31142574548721313,-0.030961662530899048,0.0006207075784914196,-0.0607488639652729,-0.22000232338905334,0.11937496811151505,-0.014443306252360344,0.008098588325083256,-0.035321228206157684,0.0074480329640209675,0.01661865971982479,-0.04545033350586891,-0.005799211096018553,-0.04510096088051796,-0.06088126078248024,0.7796972393989563,-1.4358378648757935,2.039593458175659,-0.5663999319076538,-1.1117370128631592,-1.3681025505065918,0.2902714014053345,1.008890151977539,0.07931675016880035,-0.04931507632136345,-0.22220303118228912,0.11016575992107391,-0.013963676989078522,0.024509193375706673,-0.06669978052377701,0.14135195314884186,-0.24439124763011932,0.2364334762096405,-0.2153811752796173,-0.2156960666179657,0.22371546924114227,-0.10499762743711472,-0.03775554150342941,0.014591958373785019,-0.17581191658973694,1.7536636676140915e-07,-0.0064589218236505985,-0.00014641819871030748,-1.3968343637316138e-06,4.2523839738350944e-07,-1.5422174328705296e-05,-0.0003027189814019948,-1.3763213157653809,0.2068721354007721,0.030730336904525757,-0.0037540430203080177,-0.014023005031049252,0.017921511083841324,0.015940409153699875,0.04668799042701721,0.03621158003807068
168,0.0006890952354297042,0.006627583876252174,0.02098890207707882,0.03922153636813164,0.05514843389391899,0.04825688898563385,0.028543222695589066,0.015836015343666077,0.005172597710043192,-0.001436420250684023,-0.0024850312620401382,-0.00018883684242609888,0.004166746512055397,0.009981387294828892,0.012475992552936077,0.00968879647552967,0.002483820542693138,-0.0017415995243936777,-0.0010755985276773572,0.006533027160912752,0.020931854844093323,0.04505469277501106,0.043908338993787766,0.04723256081342697,0.03285869583487511,0.0075668529607355595,-0.001068464363925159,-0.003441573353484273,0.003960784524679184,0.019192032516002655,0.05739203840494156,0.052183449268341064,0.02687179483473301,-0.0001985665294341743,-0.0286826491355896,-0.06917742639780045,-0.10275881737470627,-0.07959730923175812,-0.04043842479586601,-0.006633934564888477,0.0007709588971920311,-0.008010441437363625,-0.02464083582162857,-0.028688911348581314,-0.004336928017437458,0.06808825582265854,0.1737528294324875,0.18152791261672974,0.18489578366279602,0.14372527599334717,0.19496533274650574,0.10801926255226135,0.0628284439444542,0.05533004552125931,0.07676896452903748,0.03741764649748802,0.08449507504701614,0.029882078990340233,0.03681943193078041,0.04061153531074524,-0.008600995875895023,0.0019640785176306963,0.017136480659246445,-0.022678490728139877,0.01019449532032013,0.05272289738059044,-0.041911330074071884,-0.009198770858347416,-0.01967206597328186,-0.023076511919498444,-0.014652891084551811,-0.01724443957209587,-0.0022903166245669127,0.06878756731748581,-0.0004147708532400429,-0.08408929407596588,-0.1747814118862152,0.005080053582787514,0.04414426535367966,-0.09313586354255676,-0.0796603336930275,0.01918914169073105,-0.07119628041982651,-0.22797076404094696,-0.179887056350708,0.11498648673295975,-0.09166745096445084,0.018404070287942886,-0.19732174277305603,0.020205890759825706,-0.1443045735359192,-0.1153499186038971,-0.3630075454711914,-0.016316059976816177,0.09019582718610764,-0.15290550887584686,0.0551554374396801,-0.19919483363628387,-0.10337275266647339,-0.011309055611491203,-0.1446373015642166,0.1257387399673462,0.04207586124539375,-0.08420006930828094,0.007247202564030886,0.3622804880142212,-0.1994936764240265,0.1290115863084793,-0.04297570884227753,0.40150830149650574,-0.39810261130332947,0.17338746786117554,-0.27371305227279663,0.0576881542801857,0.3178301155567169,0.09698398411273956,-0.14674730598926544,0.5071001648902893,-0.4399765431880951,0.09879539906978607,-0.0019087325781583786,0.16080889105796814,0.0539645291864872,-0.22714994847774506,-0.025769880041480064,0.013792953453958035,0.13161911070346832,-0.4031718671321869,0.48762938380241394,-0.1136617362499237,-0.06210241839289665,-0.08175288885831833,0.17402011156082153,-0.43760770559310913,0.2274034023284912,0.4363623261451721,-0.32182133197784424,0.22881557047367096,0.035862118005752563,0.13588671386241913,0.03140777722001076,-7.000317054917105e-07,-0.04567939043045044,-0.0002678946766536683,-2.302937900822144e-06,-4.961240165357594e-07,2.6266247914463747e-06,-0.0004085440014023334,0.12123342603445053,-0.05581856146454811,-0.13437610864639282,-0.008722652681171894,-0.02234804444015026,-0.17550136148929596,-0.14040853083133698,-0.11179865896701813,-0.16142714023590088
169,0.001019286923110485,0.004747254308313131,0.007598649710416794,0.0049635302275419235,-0.0015277990605682135,-0.006839212495833635,-0.008072493597865105,-0.009037838317453861,-0.008453384973108768,-0.009421750903129578,-0.007615610491484404,-0.00645752577111125,-0.008401656523346901,-0.011521540582180023,-0.013787447474896908,-0.015861012041568756,-0.014560045674443245,-0.009220635518431664,-0.006321609951555729,-0.00035490974551066756,0.0008037708466872573,-0.00396451260894537,-0.012301052920520306,-0.023823032155632973,-0.03393124043941498,-0.020901329815387726,-0.029851185157895088,-0.019985340535640717,-0.021536901593208313,-0.020714500918984413,-0.028052758425474167,-0.020271092653274536,-0.018769074231386185,-0.02655467391014099,-0.04161591827869415,-0.07277093827724457,-0.09983651340007782,-0.09185265749692917,-0.08218230307102203,-0.06390727311372757,-0.07199294865131378,-0.0835031047463417,-0.08350598812103271,-0.07041316479444504,-0.12842653691768646,-0.0889001414179802,-0.08908984810113907,-0.07217130064964294,-0.07114654779434204,-0.057829637080430984,-0.08580886572599411,-0.05772167444229126,-0.046082597225904465,-0.03614535555243492,-0.04330946132540703,-0.01835070550441742,-0.030988235026597977,-0.026715891435742378,-0.03836405649781227,-0.05973930284380913,-0.01799035631120205,-0.0337713286280632,-0.056616634130477905,0.0025499570183455944,-0.02467401511967182,-0.05727197229862213,0.046903908252716064,-0.0035185343585908413,-0.08724193274974823,0.03393711894750595,0.013152345083653927,-0.012434680014848709,-0.037439167499542236,-0.16291619837284088,-0.019181380048394203,-0.00663702841848135,0.0742006003856659,-0.01958673819899559,-0.006585212424397469,-0.010376312769949436,-0.04176396131515503,0.02689209394156933,-0.020792514085769653,0.011572056449949741,0.020528536289930344,-0.08303176611661911,0.03700938820838928,-0.051468413323163986,0.13674817979335785,-0.12426065653562546,0.037216026335954666,0.04977501928806305,0.13553351163864136,-0.07211881875991821,-0.07357002049684525,0.10281362384557724,-0.05890733003616333,0.29329416155815125,0.015988752245903015,0.03700491413474083,-0.2607528269290924,0.14550112187862396,0.07191401720046997,-0.10291725397109985,-0.030446872115135193,0.346332848072052,-0.19964364171028137,0.13012975454330444,-0.13713274896144867,0.3311624825000763,-0.3595784902572632,0.19713765382766724,-0.23436154425144196,-0.002711185719817877,0.09747402369976044,0.11374686658382416,-0.1827699989080429,0.39376452565193176,-0.3761826157569885,0.09797070920467377,0.007894161157310009,0.2829050123691559,-0.02778303064405918,-0.1883368343114853,-0.09910327941179276,0.05363599583506584,0.21137386560440063,-0.3143266439437866,0.5325272679328918,-0.05641292780637741,-0.11147589981555939,0.02043534629046917,0.21564950048923492,-0.3298391103744507,0.1408921778202057,0.4169401526451111,-0.4466233253479004,0.20203642547130585,0.13129061460494995,-0.020535476505756378,0.07470379024744034,2.6626294129528105e-06,-0.016807429492473602,0.0007254756637848914,-3.970523323459929e-07,1.284793597733369e-06,8.879024244379252e-05,0.0017649345099925995,2.334310531616211,-0.4452736973762512,-0.0678727775812149,0.026218101382255554,-0.029983796179294586,0.010421767830848694,-0.06231250613927841,-0.12370193004608154,-0.038334328681230545
170,-0.0012951605021953583,-0.005781399551779032,-0.011678565293550491,-0.016583116725087166,-0.01846788451075554,-0.015386885963380337,-0.010753273032605648,-0.009637217037379742,-0.008456065319478512,-0.009129183366894722,-0.007006305735558271,-0.004980055615305901,-0.0036965026520192623,0.00024568336084485054,0.008407115004956722,0.013942752964794636,0.010891332291066647,0.0005814455216750503,-0.011412478983402252,-0.022204667329788208,-0.03313719481229782,-0.04694760590791702,-0.033938877284526825,-0.03565020486712456,-0.03893144428730011,-0.021989241242408752,-0.03049010969698429,-0.021355995908379555,-0.02433973178267479,-0.027856705710291862,-0.049171287566423416,-0.04090963676571846,-0.030569572001695633,-0.02662745676934719,-0.03303222730755806,-0.06296967715024948,-0.10908470302820206,-0.12937287986278534,-0.13157208263874054,-0.09392895549535751,-0.08792160451412201,-0.08642727136611938,-0.07729446142911911,-0.0664752870798111,-0.13369174301624298,-0.09980268031358719,-0.0993303507566452,-0.07784466445446014,-0.07210393995046616,-0.04998146370053291,-0.06358452141284943,-0.035444241017103195,-0.027566926553845406,-0.02473895438015461,-0.04108364135026932,-0.026279741898179054,-0.05019698664546013,-0.04384646192193031,-0.0560426339507103,-0.08254849910736084,-0.030274637043476105,-0.049704503268003464,-0.07496335357427597,-0.0005609613144770265,-0.03484819456934929,-0.06828897446393967,0.03850729763507843,-0.006356236059218645,-0.0950145348906517,0.009676720947027206,-0.0033149290829896927,-0.019964519888162613,-0.03756837546825409,-0.16652801632881165,-0.023803947493433952,-0.018346207216382027,0.07559885829687119,-0.024639038369059563,-0.006178467068821192,-0.008763395249843597,-0.037433870136737823,0.031122660264372826,-0.020773762837052345,0.01428478118032217,0.028500569984316826,-0.09330189228057861,0.04087543115019798,-0.05001754313707352,0.1070249006152153,-0.12841154634952545,0.025401512160897255,0.046689849346876144,0.15219756960868835,-0.08297670632600784,-0.08431359380483627,0.09763514250516891,-0.072759710252285,0.3080584704875946,0.002680911449715495,0.01903945952653885,-0.2743508517742157,0.13336864113807678,0.051469262689352036,-0.11442127078771591,-0.03421429544687271,0.33780568838119507,-0.18949483335018158,0.11353716254234314,-0.118733711540699,0.31194788217544556,-0.3111782670021057,0.20695944130420685,-0.2843988537788391,-0.015276836231350899,0.06074977666139603,0.12864869832992554,-0.21671737730503082,0.4652940332889557,-0.4255080819129944,0.0808849185705185,-0.0031169047579169273,0.29138967394828796,-0.026050610467791557,-0.1766010820865631,-0.08448806405067444,0.03708493709564209,0.19382566213607788,-0.28247860074043274,0.5053572654724121,-0.052450068295001984,-0.11642929166555405,0.00038349084206856787,0.24786250293254852,-0.34786558151245117,0.1554131805896759,0.4175763428211212,-0.4187116324901581,0.1983168125152588,0.15022318065166473,-0.009388002566993237,0.07001384347677231,4.487403657549294e-06,-0.014612940140068531,0.0011930688051506877,2.5377277168558976e-08,3.157410219500889e-06,0.00015462578448932618,0.0026853992603719234,2.4493861198425293,-0.502408504486084,-0.05492992326617241,0.020113157108426094,0.012792513705790043,0.018070990219712257,-0.026143770664930344,-0.09381803870201111,0.020959990099072456
171,-0.0003518606536090374,-0.0013614698546007276,-0.003185827285051346,-0.003339118091389537,-0.003888477571308613,-0.003394352737814188,-0.002467675367370248,-0.0020563954021781683,-0.0017050182214006782,0.00013229645264800638,0.004360645078122616,0.008355203084647655,0.021677212789654732,0.045421235263347626,0.04935836419463158,0.05379384383559227,0.03229730203747749,0.008474714122712612,5.08697958139237e-05,-0.005122136324644089,-0.009732411243021488,-0.012136577628552914,-0.006754180416464806,-0.004857608117163181,-0.0020736237056553364,-0.00023387970577459782,-0.000989840249530971,-0.00208856537938118,-0.0046628909185528755,-0.006745152175426483,-0.011684225872159004,-0.003059345530346036,0.02070608362555504,0.06601179391145706,0.1570444405078888,0.3762560188770294,0.5847993493080139,0.5912789106369019,0.4415324330329895,0.20524665713310242,0.08130940794944763,0.012241629883646965,-0.01771189272403717,-0.030522720888257027,-0.05645624175667763,-0.042511504143476486,-0.03787714242935181,-0.026974137872457504,-0.025346310809254646,-0.018508758395910263,-0.024571601301431656,-0.016767702996730804,-0.019009092822670937,-0.012803514488041401,-0.01844760775566101,-0.010468593798577785,-0.015482389368116856,-0.014261790551245213,-0.017378194257616997,-0.02118304744362831,-0.0032671457156538963,-0.00877036340534687,-0.015925290063023567,0.0028610052540898323,-0.00010955183824989945,0.01372743584215641,-0.07616844773292542,0.04360942542552948,0.12757065892219543,0.03804100304841995,0.04142244532704353,0.01479335967451334,0.0005124323652125895,0.005392212420701981,0.00025545997777953744,-0.00706943916156888,-0.00589376874268055,-0.014836207963526249,0.005496751517057419,0.11399824172258377,0.2780340015888214,-0.09819374233484268,0.08933064341545105,0.05945207551121712,-0.016864852979779243,0.06148345768451691,-0.16190318763256073,0.32896825671195984,-0.5736730098724365,0.5717177391052246,-0.23713210225105286,-1.0639102458953857,-0.5358931422233582,0.26439353823661804,0.08041036874055862,-0.033598680049180984,-0.01781141571700573,0.031120505183935165,-0.005200154613703489,0.04369586706161499,0.26157259941101074,-0.241781085729599,0.023289749398827553,0.1636175811290741,-0.008536793291568756,-0.23153357207775116,0.031520020216703415,-0.027654018253087997,0.09227427840232849,-0.25839999318122864,0.5209652781486511,-1.011989951133728,2.9393200874328613,-0.3678652048110962,-2.0420095920562744,-0.2729378044605255,0.2815854847431183,-0.40361687541007996,0.202311709523201,0.27439749240875244,-0.09718247503042221,-0.27643853425979614,0.1447855681180954,0.27869823575019836,0.10356945544481277,-0.05671161413192749,-0.043022774159908295,0.115801602602005,-0.08198973536491394,-0.03561269864439964,-0.18225029110908508,0.08376097679138184,-0.040792860090732574,-0.34287574887275696,-1.7134755849838257,1.4732128381729126,-0.6828404068946838,0.27557092905044556,0.08396104723215103,-0.17484526336193085,-0.40078988671302795,-1.5781265005898604e-07,0.005878953263163567,-2.813312312355265e-05,1.6788085588359536e-07,-2.187428833622107e-07,-4.056858870171709e-06,-1.667299511609599e-05,0.4260244071483612,0.13220402598381042,0.013082037679851055,-0.002537489403039217,0.002217054832726717,0.01079693902283907,0.001029303064569831,0.016107844188809395,0.016728021204471588
172,0.000869106559548527,0.004360570572316647,0.007749505806714296,0.006111546419560909,0.00018682096560951322,-0.005574174225330353,-0.007528909016400576,-0.00881056860089302,-0.008439049124717712,-0.009487280622124672,-0.007659537252038717,-0.006534944754093885,-0.008482657372951508,-0.011627224273979664,-0.013844872824847698,-0.015898682177066803,-0.014704437926411629,-0.009282100014388561,-0.006332626566290855,-0.0003074146225117147,0.0009893412934616208,-0.003854412352666259,-0.012380041182041168,-0.02404857613146305,-0.034246478229761124,-0.021189169958233833,-0.030580351129174232,-0.020990271121263504,-0.02475707046687603,-0.02933487482368946,-0.056911926716566086,-0.055673230439424515,-0.05146648734807968,-0.05067414417862892,-0.050867047160863876,-0.05854465067386627,-0.05023068189620972,-0.028912803158164024,-0.03125141188502312,-0.04335525259375572,-0.0650574341416359,-0.08572104573249817,-0.09032359719276428,-0.07600254565477371,-0.13148756325244904,-0.08715198189020157,-0.08583200722932816,-0.06974633783102036,-0.0713069960474968,-0.05841391906142235,-0.08661090582609177,-0.05750361084938049,-0.04511037841439247,-0.03421827778220177,-0.03989717736840248,-0.018544498831033707,-0.03351885825395584,-0.030810074880719185,-0.045403167605400085,-0.07392110675573349,-0.025476552546024323,-0.0471498928964138,-0.07652867585420609,0.0013181574176996946,-0.0321074053645134,-0.06572336703538895,0.042385853826999664,-0.008070528507232666,-0.08764825761318207,0.03135741129517555,0.008623898960649967,-0.01551408227533102,-0.041435275226831436,-0.16677123308181763,-0.02719699777662754,-0.012106897309422493,0.07347501814365387,-0.023378051817417145,-0.00676932604983449,-0.012059133499860764,-0.041055891662836075,0.022853536531329155,-0.018671508878469467,0.011657584458589554,0.021179748699069023,-0.08823522925376892,0.032662533223629,-0.052074164152145386,0.12809862196445465,-0.12071609497070312,0.03512340784072876,0.05492643639445305,0.152166947722435,-0.07783415913581848,-0.07954248040914536,0.09727639704942703,-0.0555712915956974,0.23893098533153534,-0.002010755706578493,0.025409670546650887,-0.25631481409072876,0.14299896359443665,0.07058839499950409,-0.11047382652759552,-0.04278118908405304,0.3924911916255951,-0.20735150575637817,0.13864360749721527,-0.16653484106063843,0.33945250511169434,-0.3759121894836426,0.1927802860736847,-0.22201986610889435,-0.004120592959225178,0.08461938798427582,0.09668060392141342,-0.18747924268245697,0.38300827145576477,-0.38627809286117554,0.09436054527759552,0.01924814097583294,0.2923201322555542,-0.03644109144806862,-0.21876852214336395,-0.12138649821281433,0.05795891955494881,0.21838000416755676,-0.3438270092010498,0.5316938161849976,-0.06034710258245468,-0.10253459960222244,0.027168409898877144,0.22240786254405975,-0.28631705045700073,0.13375316560268402,0.3990892171859741,-0.4358338415622711,0.18671110272407532,0.13432762026786804,-0.040859632194042206,0.07127173990011215,-1.0502692475711228e-06,-0.017629321664571762,0.00032310871756635606,1.2366326700430363e-06,1.5132851558519178e-06,-2.523498551454395e-05,0.0007608228479512036,2.62642240524292,-0.3641478717327118,-0.025532815605401993,0.018171239644289017,-0.0296307522803545,0.04072624444961548,0.01262643188238144,-0.050606392323970795,-0.001808470580726862
173,-0.00029713744879700243,-0.00271244952455163,-0.006546874064952135,-0.0063454508781433105,-0.008268225938081741,-0.007539974059909582,-0.005846800748258829,-0.004405841697007418,-0.004510259721428156,-0.005074965301901102,-0.0042089903727173805,-0.0041970619931817055,-0.0055939010344445705,-0.007875082083046436,-0.009605367667973042,-0.010857220739126205,-0.00973355583846569,-0.006370300427079201,-0.003633285639807582,-0.00022959821217227727,0.0012283269315958023,-0.001447498332709074,-0.005948129575699568,-0.0076731666922569275,0.0028402325697243214,0.02118401601910591,0.069849893450737,0.07856485247612,0.11819900572299957,0.10109014064073563,0.11059725284576416,0.031971581280231476,-0.010281547904014587,-0.02779400162398815,-0.031179768964648247,-0.044049061834812164,-0.05054932087659836,-0.034286875277757645,-0.0030337574426084757,0.06550204753875732,0.19636650383472443,0.4736654758453369,0.6259429454803467,0.6838682889938354,1.0090177059173584,0.46146339178085327,0.2339678555727005,0.09101542830467224,0.0679861456155777,0.05459369346499443,0.1197216659784317,0.09869139641523361,0.09168574213981628,0.05196649953722954,0.030215037986636162,0.015436152927577496,0.05271206051111221,0.10568037629127502,0.1854782998561859,0.23315206170082092,0.10885220766067505,0.0914962887763977,0.08545845746994019,-0.0036327983252704144,-0.008088896982371807,-0.012517238035798073,0.006458955816924572,-0.006533329375088215,-0.013539338484406471,-0.007781487423926592,-0.026056310161948204,-0.06238126382231712,-0.016512412577867508,-0.10610854625701904,-0.031138164922595024,-0.04733358696103096,0.05631053447723389,-0.034920834004879,-0.1646488755941391,0.04231589660048485,0.2630814015865326,-0.1104985922574997,0.14165689051151276,0.012574388645589352,-0.03425038978457451,0.0852479636669159,-0.11333076655864716,-0.0015373717760667205,-0.04729827865958214,-0.05710362643003464,0.012672887183725834,0.03691388666629791,0.06682100892066956,-0.03787526860833168,-0.027363432571291924,-0.00552754569798708,-0.007493497803807259,-0.38919222354888916,-0.013475983403623104,-0.019292907789349556,0.30573874711990356,-0.2008303701877594,-0.06520954519510269,0.04086284339427948,-0.09582655876874924,-0.2272946685552597,0.20008717477321625,0.007272551767528057,-0.009716985747218132,-0.610481321811676,1.4319251775741577,-1.7307711839675903,0.49343857169151306,0.14702269434928894,-0.24742718040943146,-0.14249637722969055,0.23054464161396027,-0.5422109961509705,0.6813018321990967,-0.058324601501226425,0.19152671098709106,-0.49267467856407166,0.03591165691614151,0.41608041524887085,-0.23350095748901367,-1.0403406620025635,-2.2546844482421875,1.9369640350341797,-4.22626256942749,1.5551042556762695,-0.6046080589294434,0.0014204203616827726,-0.007824113592505455,-0.06876492500305176,-0.665923535823822,-0.655153751373291,0.9098118543624878,-0.1140940710902214,0.12128868699073792,-0.13713054358959198,0.002529022516682744,-2.64415707107446e-08,-0.024603374302387238,-0.0001228621695190668,-2.2567094219994033e-06,2.5560083827258495e-08,-1.7601889339857735e-05,-0.00014828122220933437,0.027117297053337097,0.2646269202232361,0.046336542814970016,-0.006741682533174753,0.017796404659748077,0.02352095954120159,0.045803748071193695,0.06462143361568451,0.019466783851385117
174,-0.0006586397066712379,-0.003698145505040884,-0.006669041700661182,-0.007146124262362719,-0.008450827561318874,-0.007780653890222311,-0.005489846225827932,-0.004350675269961357,-0.004243413917720318,-0.004743429832160473,-0.0043148682452738285,-0.003723821369931102,-0.004735512658953667,-0.0064590126276016235,-0.0046006496995687485,0.002350653987377882,0.021255113184452057,0.04137461632490158,0.08620497584342957,0.11299224942922592,0.12368414551019669,0.1282975673675537,0.05183202773332596,0.01412189844995737,-0.009478870779275894,-0.011566941626369953,-0.01724758744239807,-0.01200129184871912,-0.009981452487409115,-0.0075897471979260445,-0.007383647840470076,-0.006962172221392393,-0.01114373467862606,-0.02019493095576763,-0.020276399329304695,0.003479065140709281,0.12523190677165985,0.31904512643814087,0.5457306504249573,0.5577362179756165,0.602135419845581,0.5176020860671997,0.3295552432537079,0.1286960244178772,0.022413847967982292,-0.0485541932284832,-0.0605853796005249,-0.04805712401866913,-0.042475614696741104,-0.02185460738837719,-0.031114526093006134,-0.018282704055309296,-0.02198740839958191,-0.020991161465644836,-0.03431535139679909,-0.024593837559223175,-0.04087202250957489,-0.032647766172885895,-0.03200921788811684,-0.03785965219140053,-0.014057387597858906,-0.0036222110502421856,0.051252663135528564,0.03336363285779953,0.08059488236904144,0.1328408420085907,-0.04016782343387604,0.06212298572063446,0.028411682695150375,-0.003212700830772519,-0.03528401628136635,-0.05430729314684868,-0.04580264165997505,-0.1418524533510208,-0.024256104603409767,-0.042565006762742996,0.012554865330457687,-0.024208562448620796,-0.02138221077620983,0.079167939722538,0.08273954689502716,-0.03989267721772194,-0.011888685636222363,-0.019011493772268295,-0.036558955907821655,0.1823359727859497,-0.019163474440574646,0.06017002463340759,-0.04819905012845993,-0.025410765781998634,-0.005881888326257467,0.0009629470878280699,0.028388967737555504,-0.046366360038518906,-0.013440780341625214,0.004947273526340723,0.13092462718486786,-1.156144618988037,0.4271068274974823,-0.13846558332443237,2.212244987487793,-0.997020423412323,-0.005952559877187014,-0.06366757303476334,0.02184860222041607,0.22213046252727509,-0.13273054361343384,0.029786886647343636,-0.0652695894241333,0.018152717500925064,0.04443078115582466,-0.022087417542934418,-0.0688348188996315,-0.025167973712086678,-0.019550345838069916,-0.002483156742528081,0.35456132888793945,-2.797207832336426,4.109857559204102,-0.6159599423408508,-0.5350067019462585,-1.4529072046279907,-0.24426467716693878,1.997111201286316,0.4685456156730652,-0.2767314314842224,-0.21439222991466522,0.35500288009643555,-0.058256156742572784,0.04924597218632698,-0.005948217585682869,-0.004023388959467411,-0.006517330184578896,0.008493541739881039,0.10202711075544357,0.17101788520812988,-0.2611360549926758,0.19745558500289917,-0.32405972480773926,-0.14401061832904816,0.35000255703926086,2.5836506267751247e-08,-0.016037119552493095,-0.00016712139768060297,-1.3043429589743027e-06,8.290063391314106e-08,-1.6559990399400704e-05,-0.0004229669866617769,-4.4288530349731445,0.22404597699642181,0.03365671634674072,-0.005656725261360407,0.013914939016103745,0.02395690232515335,0.019982075318694115,0.028167877346277237,0.009579147212207317
175,0.001102549722418189,0.0030811550095677376,0.001291319727897644,-0.0020570503547787666,-0.005026675295084715,-0.005946109537035227,-0.004639617167413235,-0.003798498073592782,-0.0037547696847468615,-0.00422058766707778,-0.0036831386387348175,-0.00329186231829226,-0.004047267138957977,-0.005101379472762346,-0.0017556747188791633,0.009230206720530987,0.032238926738500595,0.051161184906959534,0.08858099579811096,0.09958363324403763,0.09462001174688339,0.08466263860464096,0.027792440727353096,0.001804387429729104,-0.013540110550820827,-0.011532538570463657,-0.015897344797849655,-0.011159905232489109,-0.00970445480197668,-0.0077788131311535835,-0.008202165365219116,-0.006938337814062834,-0.010240030474960804,-0.018227696418762207,-0.01870226301252842,0.0017351671122014523,0.10969248414039612,0.2794598639011383,0.48330917954444885,0.4986535608768463,0.5270763039588928,0.46058499813079834,0.2968406677246094,0.11920919269323349,0.026699302718043327,-0.041955508291721344,-0.05372632294893265,-0.04477861151099205,-0.04096652567386627,-0.021348267793655396,-0.029223879799246788,-0.016119124367833138,-0.0190040972083807,-0.017334001138806343,-0.027780426666140556,-0.015156197361648083,-0.011220156215131283,0.007362262345850468,0.02256057970225811,0.04189496114850044,0.020076608285307884,0.030750855803489685,0.08266027271747589,0.01821773312985897,0.06140599772334099,0.13816018402576447,-0.06356319040060043,0.05267763137817383,0.02553289197385311,-0.0006678239442408085,-0.030407587066292763,-0.039942704141139984,-0.025105103850364685,-0.08927054703235626,-0.004102188162505627,0.012327959761023521,-0.02515764907002449,0.07311861962080002,0.031001247465610504,-0.022043680772185326,-0.011298571713268757,-0.004193826112896204,-0.022841276600956917,-0.04182130843400955,-0.03368284925818443,0.15665726363658905,-0.041137274354696274,0.03343133255839348,-0.05065734684467316,-0.019080445170402527,-0.0044548530131578445,0.0024447820615023375,0.023600254207849503,-0.027820033952593803,0.004115608055144548,-0.058328136801719666,0.006532417144626379,-1.1983087062835693,0.6481199264526367,-0.07546663284301758,1.648300051689148,-0.6267971992492676,-0.03549806401133537,-0.02199183963239193,-0.028633249923586845,-0.06917494535446167,-0.05033063888549805,-0.05333525687456131,-0.031886570155620575,-0.027133649215102196,0.016431186348199844,0.022125354036688805,-0.06290600448846817,-0.02189556695520878,-0.012251254171133041,-0.022874969989061356,0.4541640877723694,-1.883132815361023,2.948068141937256,-0.7769988775253296,-1.4070578813552856,-1.7657147645950317,-0.06014707311987877,1.738413691520691,0.40742290019989014,-0.13101422786712646,-0.21199317276477814,0.34551170468330383,-0.0596846304833889,0.0722440779209137,-0.016578903421759605,0.049389708787202835,-0.047377582639455795,0.051305141299963,0.010009235702455044,-0.052688147872686386,-0.05902039632201195,0.07507921755313873,-0.023484664037823677,-0.023496100679039955,0.2078304886817932,5.030651806237074e-08,-0.0071293627843260765,-0.0001866091915871948,-1.767271328390052e-06,1.0210241896402295e-07,-1.735212754283566e-05,-0.00040235306369140744,-2.712507486343384,0.21377672255039215,0.033095698803663254,-0.004573072772473097,-0.016515018418431282,0.021722251549363136,0.01876053214073181,0.03890427201986313,0.025248071178793907
176,0.0006282059475779533,0.006249355152249336,0.01961550861597061,0.03265215829014778,0.037414610385894775,0.024225812405347824,0.008197315037250519,-0.0009711012826301157,-0.005708741489797831,-0.008708084933459759,-0.00756039097905159,-0.0065454295836389065,-0.008473265916109085,-0.01154936570674181,-0.013581980019807816,-0.015553864650428295,-0.01449753250926733,-0.009000872261822224,-0.006146525032818317,-0.0001699636923149228,0.0012148205423727632,-0.003638593014329672,-0.012254210188984871,-0.023852497339248657,-0.034081753343343735,-0.02123977057635784,-0.030602246522903442,-0.021091831848025322,-0.02459242194890976,-0.029605774208903313,-0.056430842727422714,-0.05530598387122154,-0.05260266736149788,-0.055131036788225174,-0.06603008508682251,-0.10386878997087479,-0.1472286731004715,-0.148948535323143,-0.14176951348781586,-0.10095441341400146,-0.10155154764652252,-0.10933274030685425,-0.10934627056121826,-0.08619148284196854,-0.10928428918123245,-0.030195599421858788,0.008039643988013268,0.017711834982037544,0.006875378079712391,-0.010971427895128727,-0.03695295751094818,-0.023873694241046906,-0.013348590582609177,-0.004939887207001448,-0.010403338819742203,-0.01417387556284666,-0.03657061234116554,-0.03552047908306122,-0.04955393821001053,-0.07646068930625916,-0.027426790446043015,-0.048310793936252594,-0.08172264695167542,-0.00479095196351409,-0.042054690420627594,-0.07489848136901855,0.03356415778398514,-0.010277613997459412,-0.09424907714128494,0.028689591214060783,0.013878530822694302,-0.012465848587453365,-0.04414762184023857,-0.18473631143569946,-0.029359634965658188,-0.012747232802212238,0.07782313227653503,-0.033225756138563156,-0.004372898954898119,0.01902315765619278,-0.01800522953271866,0.022840693593025208,-0.020988134667277336,-0.0017600448336452246,-0.0004933658638037741,-0.081819549202919,0.030713390558958054,-0.04739084094762802,0.10060727596282959,-0.1173672154545784,0.01133089791983366,0.038214292377233505,0.12996791303157806,-0.07464021444320679,-0.0796344056725502,0.08135537058115005,-0.06510929018259048,0.2145044356584549,-0.014950104057788849,0.02153041400015354,-0.23043254017829895,0.11985869705677032,0.048415716737508774,-0.12104640156030655,-0.055651187896728516,0.36447858810424805,-0.19655638933181763,0.1239047423005104,-0.15189236402511597,0.36343303322792053,-0.35939842462539673,0.19985134899616241,-0.20472267270088196,-0.009659354574978352,0.0873352661728859,0.08986207097768784,-0.20736876130104065,0.44530680775642395,-0.4412344694137573,0.08268516510725021,0.042449455708265305,0.3208041489124298,-0.005832206457853317,-0.32621797919273376,-0.20150651037693024,0.06182657554745674,0.18201464414596558,-0.39337921142578125,0.5164743661880493,-0.08287722617387772,-0.07747774571180344,0.029240628704428673,0.23393788933753967,-0.2880571186542511,0.14946696162223816,0.3519943654537201,-0.40762975811958313,0.18632107973098755,0.14084677398204803,-0.03820290416479111,0.06705816090106964,8.630655656816089e-07,0.013027342036366463,0.0008078671526163816,3.6050691960554104e-06,1.559361976433138e-06,3.637334157247096e-05,0.0011585104512050748,2.5180504322052,-0.31386780738830566,-0.02916649729013443,0.017223140224814415,-0.025650646537542343,0.007033112924546003,-0.01398011576384306,-0.03361376002430916,0.005346339195966721
177,-0.0006071112584322691,-0.0029799446929246187,-0.006113236304372549,-0.006179998628795147,-0.007497645448893309,-0.006276324857026339,-0.0043715122155845165,-0.003178216051310301,-0.003899060655385256,-0.004001750610768795,-0.003460266161710024,-0.002085550455376506,-5.471544136526063e-05,0.010032318532466888,0.027606796473264694,0.06259702146053314,0.0938621461391449,0.07123412936925888,0.07096529752016068,0.03862413763999939,0.014145411550998688,-0.006694228388369083,-0.013863196596503258,-0.017699353396892548,-0.020125940442085266,-0.012212192639708519,-0.015207534655928612,-0.010036767460405827,-0.0077947149984538555,-0.005491754971444607,-0.004089835099875927,-0.0021606902591884136,-0.0036004227586090565,-0.006006727926433086,-0.008531144820153713,-0.004487526603043079,0.04220524802803993,0.15268248319625854,0.319923996925354,0.4290727376937866,0.49706363677978516,0.5033766031265259,0.3502259850502014,0.15410590171813965,0.0580345056951046,-0.029648691415786743,-0.04955581948161125,-0.043017346411943436,-0.036739781498909,-0.02054419368505478,-0.02868523634970188,-0.01582380384206772,-0.016352904960513115,-0.01681206375360489,-0.026219956576824188,-0.019177837297320366,-0.033328380435705185,-0.024850450456142426,-0.02198018878698349,-0.016908595338463783,0.0035493439063429832,0.015013434924185276,0.08646436780691147,0.0199505016207695,0.06760863959789276,0.1125119999051094,-0.02033923752605915,0.056854039430618286,0.014460572972893715,-0.0032682071905583143,-0.0001706872135400772,0.03852306678891182,0.06443307548761368,0.2994445264339447,0.06360816955566406,0.07350266724824905,0.0008260484901256859,-0.1159609854221344,-0.12271665036678314,0.1182931512594223,0.1648096740245819,-0.07812713086605072,-0.03236784040927887,-0.0014868139987811446,0.005766172427684069,0.14674830436706543,-0.021154973655939102,0.086823970079422,-0.1278189718723297,0.008951413445174694,0.005054788198322058,-0.028469134122133255,-0.020186183974146843,0.11867086589336395,0.26955658197402954,0.17029951512813568,0.352440744638443,-1.2217741012573242,0.19077424705028534,-0.018411658704280853,0.6508824229240417,-0.1909029334783554,-0.010769668966531754,-0.0310174822807312,0.022975865751504898,0.2108953595161438,-0.08682175725698471,0.0009681021911092103,-0.05630870163440704,0.01127762533724308,-0.027590857818722725,0.004399334546178579,-0.04355357587337494,-0.01782577857375145,-0.02673308365046978,0.0018043533200398088,0.09903839975595474,-1.7093579769134521,2.4343621730804443,0.1906030923128128,-0.1609531193971634,-1.9568729400634766,0.07027801126241684,2.074524164199829,0.14094796776771545,-0.11660849303007126,0.10417955368757248,-0.2193114161491394,0.03626522421836853,-0.01509564183652401,0.02613195776939392,-0.13720139861106873,-0.10444384813308716,-0.09905172884464264,0.16734528541564941,0.7172672748565674,-1.561996579170227,0.3600572347640991,-0.6375778913497925,0.10979541391134262,0.058761682361364365,-2.2254887710460025e-08,-0.012510768137872219,-7.510136492783204e-05,-1.0106367653861525e-06,-1.0453256749087814e-07,-2.349307123949984e-06,-8.9908397058025e-05,-3.41255521774292,0.19796884059906006,0.03211646154522896,-0.004183487500995398,0.008015353232622147,0.02001987397670746,0.01878649927675724,0.039849091321229935,0.03645238280296326
178,-0.001477107172831893,-0.006173333618789911,-0.012473675422370434,-0.01744038797914982,-0.019277136772871017,-0.014666277915239334,-0.007350880187004805,0.0007299385033547878,0.012815868481993675,0.02821635827422142,0.030857384204864502,0.02452749013900757,0.020713526755571365,0.00940962228924036,-0.002211384940892458,-0.011225077323615551,-0.013460898771882057,-0.009033999405801296,-0.006285399664193392,-0.0005047586164437234,0.0009137489250861108,-0.0037262197583913803,-0.012440742924809456,-0.023784693330526352,-0.033625278621912,-0.0199645534157753,-0.025070922449231148,-0.013093150220811367,-0.008329281583428383,-0.00488743931055069,-0.010494801215827465,-0.024690305814146996,-0.03682462126016617,-0.049251291900873184,-0.061984915286302567,-0.09539271146059036,-0.11843680590391159,-0.09106317907571793,-0.05237721651792526,-0.02519986592233181,-0.028132162988185883,-0.05196366459131241,-0.07984589040279388,-0.09169097989797592,-0.18859107792377472,-0.1252586841583252,-0.10354768484830856,-0.06404858082532883,-0.04774072393774986,-0.029562372714281082,-0.05030125752091408,-0.04296226054430008,-0.04292232543230057,-0.04052208364009857,-0.057171110063791275,-0.029463112354278564,-0.05064018815755844,-0.036133553832769394,-0.03801935911178589,-0.040649037808179855,-0.0134383924305439,-0.02265583537518978,-0.048497725278139114,-0.00201615272089839,-0.031666237860918045,-0.06409522145986557,0.04192037135362625,-0.0037880244199186563,-0.106526218354702,0.021362854167819023,0.004165017977356911,-0.02609613724052906,-0.041894249618053436,-0.19586403667926788,-0.022764598950743675,-0.013180078938603401,0.07940699905157089,-0.028046611696481705,-0.007769514806568623,-0.005984170828014612,-0.036609988659620285,0.02752779610455036,-0.024289017543196678,0.014270475134253502,0.02574821002781391,-0.09613431990146637,0.033903054893016815,-0.05406157672405243,0.06891968846321106,-0.11898401379585266,-0.0010868232930079103,0.036642756313085556,0.13380099833011627,-0.07242444157600403,-0.0882728099822998,0.10985067486763,-0.055977195501327515,0.23802721500396729,-0.03094334527850151,-0.010586924850940704,-0.17348091304302216,0.10600698739290237,0.04133133962750435,-0.10372219979763031,-0.027705367654561996,0.3664569556713104,-0.1797739863395691,0.09795155376195908,-0.10663570463657379,0.28612107038497925,-0.22588829696178436,0.22557218372821808,-0.2281530797481537,-0.03538460284471512,0.10261617600917816,0.1114102154970169,-0.1911987066268921,0.4057391285896301,-0.3548567295074463,0.09798985719680786,0.02604503184556961,0.28633561730384827,-0.022669008001685143,-0.2273673266172409,-0.13886967301368713,0.046842850744724274,0.19427640736103058,-0.3560279905796051,0.5698348879814148,-0.06633585691452026,-0.20614002645015717,-0.0055254977196455,0.2670074701309204,-0.4219985902309418,0.15626706182956696,0.42868542671203613,-0.4178050458431244,0.17355108261108398,0.15717272460460663,-0.02560146152973175,0.07081626355648041,-1.9898189762557195e-08,0.021823672577738762,0.0007775808335281909,2.0999182197556365e-06,3.418760798012954e-06,0.00012506984057836235,0.0012841852148994803,2.562655448913574,-0.29389768838882446,-0.013257389888167381,0.015394885092973709,-0.0029184326995164156,0.03444962203502655,-0.019472062587738037,0.02170454151928425,-0.010983637534081936
179,-0.0011966715101152658,-0.005222679115831852,-0.009485935792326927,-0.009514948353171349,-0.0029145339503884315,0.0070596132427453995,0.010802787728607655,0.010497301816940308,0.00539094302803278,-0.0008403072715736926,-0.004540093243122101,-0.005563871469348669,-0.008050152100622654,-0.011387711390852928,-0.013959561474621296,-0.016985751688480377,-0.018575670197606087,-0.01704120822250843,-0.023208370432257652,-0.027737949043512344,-0.03325452655553818,-0.038110021501779556,-0.018757056444883347,-0.008233918808400631,-0.0012876566033810377,-0.0009653724264353514,-0.007733052596449852,-0.011742113158106804,-0.01905062608420849,-0.026559974998235703,-0.05484569072723389,-0.054733384400606155,-0.05213828757405281,-0.055133454501628876,-0.06463369727134705,-0.10171020776033401,-0.143191397190094,-0.14647608995437622,-0.13759185373783112,-0.09392083436250687,-0.08827877044677734,-0.0858592540025711,-0.07710778713226318,-0.06664662808179855,-0.134268119931221,-0.09834663569927216,-0.09826596826314926,-0.07509491592645645,-0.06718709319829941,-0.04245625436306,-0.04203192889690399,-0.01209569163620472,-0.005742190405726433,-0.006443949416279793,-0.02315216325223446,-0.020444557070732117,-0.04455217719078064,-0.039461780339479446,-0.05315949022769928,-0.07790203392505646,-0.025220118463039398,-0.04702053219079971,-0.07448016852140427,0.0015350593021139503,-0.03132728114724159,-0.06522595137357712,0.04141896590590477,-0.0037130573764443398,-0.087140753865242,0.017482666298747063,0.0039016734808683395,-0.013082759454846382,-0.030982237309217453,-0.1615368276834488,-0.022490864619612694,-0.012271135114133358,0.08289764076471329,-0.02096637152135372,-0.007064382079988718,-0.008102268911898136,-0.04001082479953766,0.02999846823513508,-0.01942558027803898,0.015236446633934975,0.027205070480704308,-0.08794105052947998,0.04165097326040268,-0.045464638620615005,0.09755218774080276,-0.11899284273386002,0.02016809582710266,0.045402783900499344,0.14564929902553558,-0.07719209045171738,-0.08304500579833984,0.10152992606163025,-0.06921301037073135,0.292944073677063,0.011971883475780487,0.028420139104127884,-0.2623099684715271,0.13821519911289215,0.06424584984779358,-0.11146561056375504,-0.03742609918117523,0.3435172736644745,-0.1926870495080948,0.1205490455031395,-0.1295272409915924,0.31191304326057434,-0.3472107946872711,0.203834667801857,-0.27814778685569763,-0.022358208894729614,0.07412339001893997,0.1213337779045105,-0.20589423179626465,0.43456196784973145,-0.4041508138179779,0.0898674950003624,0.007259946316480637,0.2793879508972168,-0.032872274518013,-0.18440522253513336,-0.09451629966497421,0.041095588356256485,0.19950523972511292,-0.31941598653793335,0.5262412428855896,-0.06651563942432404,-0.12572623789310455,0.0034865732304751873,0.23152460157871246,-0.34431225061416626,0.1565750688314438,0.3530137836933136,-0.4054186940193176,0.17423449456691742,0.15689201653003693,-0.02228427864611149,0.06906828284263611,4.5017995944363065e-06,-0.014898454770445824,0.0013462882488965988,3.2013326745072845e-07,2.9662646738870535e-06,0.00015381786215584725,0.0031975298188626766,2.4088103771209717,-0.45557668805122375,-0.0451919361948967,0.02407807484269142,-0.016374588012695312,0.018239039927721024,-0.050609298050403595,-0.09411827474832535,0.0213658157736063
180,-0.00041949833394028246,-0.003168126568198204,-0.006417061667889357,-0.005721996072679758,-0.007727628108114004,-0.006432005204260349,-0.004972564522176981,-0.003921655472368002,-0.0027176477015018463,-0.0002387782878940925,0.0036426237784326077,0.007749462500214577,0.015474122948944569,0.023257186636328697,0.020140523090958595,0.009682830423116684,-0.0017406826373189688,-0.008249900303781033,-0.01420154795050621,-0.01711403951048851,-0.021044133231043816,-0.02780262939631939,-0.011393633671104908,0.0060861241072416306,0.03718249127268791,0.039324261248111725,0.0755159854888916,0.054578863084316254,0.04477386549115181,0.024484507739543915,0.009182097390294075,-0.005986036732792854,-0.008149215951561928,-0.007827860303223133,-0.0006725323619320989,0.03662245720624924,0.16629809141159058,0.3433578908443451,0.524312436580658,0.534099280834198,0.5351402163505554,0.481401652097702,0.29933416843414307,0.1858040988445282,0.22019396722316742,0.14502805471420288,0.14599035680294037,0.10829051584005356,0.070602647960186,0.014470742084085941,-0.006005910690873861,-0.009291908703744411,-0.009379243478178978,-0.00609525665640831,-0.011635729111731052,-0.014012233354151249,-0.025905011221766472,-0.025508135557174683,-0.03433366119861603,-0.03717153146862984,-0.018693070858716965,-0.030764590948820114,-0.0323251411318779,-0.002544540213420987,-0.003754266304895282,-0.006880664266645908,-0.011432258412241936,0.010429800488054752,0.09051761031150818,-0.010654817335307598,0.08821430802345276,0.05426792427897453,0.009951448068022728,0.004290273413062096,-0.001770779024809599,-0.012369852513074875,0.012035328894853592,-0.06027570366859436,-0.037320297211408615,0.08745178580284119,0.09716787189245224,0.00409297738224268,0.027488503605127335,-0.0035067908465862274,0.0065351249650120735,-0.0023379388730973005,-0.05206139013171196,0.0018169285031035542,-0.08866696059703827,0.07367867231369019,0.021587736904621124,-0.3122228980064392,-0.371590793132782,0.11723402887582779,0.04124456271529198,-0.06043979525566101,-0.026145461946725845,-0.11378800868988037,-0.052782267332077026,-0.05563545972108841,0.20203907787799835,-0.16180114448070526,-0.14421753585338593,0.3040139079093933,-0.1562621146440506,-1.0295673608779907,1.2649688720703125,-0.5582373738288879,0.4269814193248749,-0.11097738891839981,0.15527856349945068,-0.177149698138237,0.06746844202280045,0.0447850301861763,-0.0399438850581646,-0.11869968473911285,1.2060117721557617,-2.8024489879608154,2.9915084838867188,-0.566356897354126,-1.2813913822174072,-2.0831298828125,0.8761772513389587,1.2350044250488281,0.6642379760742188,-0.020975058898329735,-0.6605135202407837,0.45738449692726135,-0.3854781687259674,0.0987125113606453,0.02369912900030613,0.030826371163129807,0.03895143046975136,0.07291272282600403,0.10841352492570877,-0.40387406945228577,0.7561636567115784,0.09205605834722519,0.1098787784576416,0.06330979615449905,-0.11205482482910156,2.394073419509368e-07,-0.015537356957793236,-0.00021489021310117096,-2.105084831782733e-06,4.355332521299715e-07,-1.787492146831937e-05,-0.00043775077210739255,-3.275104284286499,0.24484992027282715,0.035876866430044174,-0.006820360664278269,0.0026363725773990154,0.02465049736201763,0.02153865434229374,0.04717853665351868,0.015910092741250992
181,-0.0006860942230559886,-0.0035323239862918854,-0.0063390270806849,-0.006221435964107513,-0.008658175356686115,-0.00804096832871437,-0.0058322204276919365,-0.0048240432515740395,-0.004648889880627394,-0.004782299045473337,-0.0036186061333864927,-0.0021453157532960176,3.1383005989482626e-05,0.005089452024549246,0.013055412098765373,0.020928945392370224,0.023924613371491432,0.031360507011413574,0.05431921035051346,0.07927646487951279,0.10943861305713654,0.18042625486850739,0.10832148045301437,0.07347629964351654,0.04506363347172737,0.010603371076285839,-0.0018060196889564395,-0.008518950082361698,-0.014758595265448093,-0.02026461437344551,-0.03984746336936951,-0.0414796844124794,-0.03615842014551163,-0.036368343979120255,-0.03712518885731697,-0.033538948744535446,0.0303857009857893,0.15618939697742462,0.3494952619075775,0.4355895519256592,0.49421626329421997,0.6512184739112854,0.5235850811004639,0.5005858540534973,0.6308978796005249,0.3169110119342804,0.20412024855613708,0.11498377472162247,0.07456380128860474,0.014960109256207943,-0.008067645132541656,-0.022282171994447708,-0.030879339203238487,-0.025916339829564095,-0.03050447814166546,-0.019620338454842567,-0.028307590633630753,-0.028052177280187607,-0.03497764468193054,-0.04371458292007446,-0.024162283167243004,-0.03617945685982704,-0.055683426558971405,-0.0016895761946216226,-0.01886751875281334,-0.025927366688847542,0.013193965889513493,-0.008525141514837742,0.0007321370649151504,0.005098650697618723,0.051485054194927216,0.0983140841126442,0.09602013230323792,0.24010640382766724,0.033614274114370346,0.034041814506053925,0.0003671769518405199,-0.05048998072743416,-0.07164529711008072,0.00862087681889534,0.0776270180940628,-0.04356060549616814,0.02132672630250454,0.009515187703073025,0.02284274622797966,-0.028092926368117332,-0.030264010652899742,-0.016932278871536255,-0.06542053073644638,0.03512409329414368,0.015224087052047253,-0.09791858494281769,-0.17873050272464752,0.05881049111485481,0.032389912754297256,-0.01426897943019867,0.11911267042160034,-0.595181405544281,0.16706755757331848,-0.0021655624732375145,1.7842607498168945,-0.8857700824737549,-0.11836042255163193,0.8958190083503723,-0.4096783697605133,-0.8980135917663574,1.2354629039764404,-0.49501216411590576,-0.06895541399717331,-0.153116375207901,0.1372751146554947,-0.002142180223017931,-0.09103666990995407,-0.07184509932994843,-0.02957218699157238,0.0039972709491848946,0.023556005209684372,-0.829533576965332,1.2517834901809692,0.10862832516431808,-0.40612301230430603,-2.455430746078491,1.62244713306427,1.282641887664795,1.0252374410629272,0.8918883800506592,-1.7375622987747192,1.2520314455032349,-1.2588502168655396,0.4408022165298462,0.36202162504196167,-0.11447444558143616,-0.4123859107494354,0.5996420383453369,0.08371149748563766,-0.2473941594362259,0.16457559168338776,-0.02678857557475567,0.062406037002801895,-0.02319464273750782,0.07159505784511566,1.969435885484927e-07,-0.01446450687944889,-0.000281563465250656,-3.054620719922241e-06,6.563195711351e-07,-2.4867124011507258e-05,-0.0004650229529943317,-6.780552387237549,0.27778807282447815,0.042227040976285934,-0.007402665913105011,0.007060041651129723,0.028866231441497803,0.034350182861089706,0.04611806571483612,0.02359461784362793
182,0.0011221785098314285,0.0029862874653190374,0.001015258370898664,-0.0023116343654692173,-0.0052497610449790955,-0.006057360675185919,-0.004694924224168062,-0.0038141573313623667,-0.003765928791835904,-0.004219492897391319,-0.003656171029433608,-0.003317194525152445,-0.004058907274156809,-0.005248287692666054,-0.0022434175480157137,0.007949384860694408,0.030113501474261284,0.04976838082075119,0.08785355091094971,0.10038497298955917,0.0976172387599945,0.08901418000459671,0.02910558134317398,0.0023050152231007814,-0.013555468991398811,-0.011606413871049881,-0.01595066301524639,-0.011205242946743965,-0.009781422093510628,-0.00787731446325779,-0.008303448557853699,-0.006917009595781565,-0.010181286372244358,-0.01822507567703724,-0.018805144354701042,0.001194185926578939,0.10894317924976349,0.2778916358947754,0.4786798357963562,0.49657031893730164,0.5181697607040405,0.46224135160446167,0.2982531785964966,0.12104446440935135,0.03175900876522064,-0.039723772555589676,-0.05259135738015175,-0.04468829929828644,-0.041103802621364594,-0.021606653928756714,-0.029789797961711884,-0.016178138554096222,-0.01890932396054268,-0.017514806240797043,-0.027711568400263786,-0.014694945886731148,-0.010425850749015808,0.008092841133475304,0.024294357746839523,0.042839307337999344,0.020268889144062996,0.03137754276394844,0.08167389780282974,0.014641838148236275,0.06050531566143036,0.13740764558315277,-0.06783059984445572,0.048909783363342285,0.024470413103699684,-0.000488588004373014,-0.02922872081398964,-0.04184309020638466,-0.025332966819405556,-0.09453365951776505,-0.006257924716919661,0.006096372846513987,-0.025825679302215576,0.07003273069858551,0.03570646420121193,-0.027321340516209602,-0.014440485276281834,-0.00378392799757421,-0.022288132458925247,-0.03938734531402588,-0.03919000178575516,0.14693835377693176,-0.053932417184114456,0.03225897625088692,-0.05194452404975891,-0.01904410496354103,-0.007756108418107033,-0.0008357045007869601,0.0229491014033556,-0.0313769169151783,-0.002507137367501855,-0.06070657819509506,-0.02443499118089676,-1.211245059967041,0.5658055543899536,-0.05138109251856804,1.7031831741333008,-0.6191837191581726,-0.041953399777412415,-0.03234677016735077,-0.03360922634601593,-0.06992702186107635,-0.05032014101743698,-0.05203966051340103,-0.031045246869325638,-0.02773633413016796,0.01604604907333851,0.02015046589076519,-0.05617785081267357,-0.023678461089730263,-0.0114167844876647,-0.027818776667118073,0.49509966373443604,-1.8949750661849976,2.838059186935425,-0.8538568615913391,-1.3363724946975708,-1.7963298559188843,0.0409759059548378,1.7134037017822266,0.415669322013855,-0.1421404927968979,-0.24388223886489868,0.34904250502586365,-0.0792788714170456,0.06579181551933289,0.001496786018833518,0.061738718301057816,-0.029120763763785362,0.03902058303356171,0.011855300515890121,-0.06999789923429489,-0.00440837349742651,0.025584347546100616,0.01994539611041546,-0.00674574775621295,0.14005786180496216,4.895275651506381e-08,-0.006884350441396236,-0.00016989759751595557,-1.5003070075181313e-06,1.0668506433830771e-07,-1.5950614397297613e-05,-0.0003926563076674938,-2.5248985290527344,0.2149818390607834,0.03322622925043106,-0.0042813001200556755,-0.01675567589700222,0.021744459867477417,0.019180668517947197,0.037143006920814514,0.025872616097331047
183,0.0022066491656005383,0.008013293147087097,0.008332864381372929,0.003529513953253627,7.768083742121235e-05,-0.002624641405418515,-0.0031681396067142487,-0.0027966294437646866,-0.00322754867374897,-0.0033482119906693697,-0.0029538648668676615,-0.0026624163147062063,-0.0026577054522931576,-0.0019719500560313463,0.005195563193410635,0.023678403347730637,0.05195716768503189,0.05784029886126518,0.08428361266851425,0.06948313862085342,0.051241543143987656,0.027179159224033356,-0.0006033927784301341,-0.011821327731013298,-0.01748361997306347,-0.011505989357829094,-0.014399812556803226,-0.01024458184838295,-0.009673821739852428,-0.008647921495139599,-0.010433093644678593,-0.007584136910736561,-0.008683586493134499,-0.01494463998824358,-0.016126371920108795,-0.0012960904277861118,0.087141253054142,0.22301071882247925,0.4051513075828552,0.43548256158828735,0.45906862616539,0.41973721981048584,0.26060763001441956,0.11841379851102829,0.04382970929145813,-0.024986008182168007,-0.04008188098669052,-0.03852476924657822,-0.03645983338356018,-0.02084210328757763,-0.028410984203219414,-0.013977238908410072,-0.014372939243912697,-0.012376982718706131,-0.01256384328007698,0.0032040707301348448,0.03738343343138695,0.04367019608616829,0.0791812539100647,0.08630579710006714,0.044352129101753235,0.043811339884996414,0.08494406938552856,0.0108444569632411,0.040023788809776306,0.11886180937290192,-0.05852522701025009,0.02722775749862194,0.014282816089689732,-0.0007654759683646262,-0.025179551914334297,-0.030365977436304092,-0.008390435017645359,0.03426295518875122,0.0037867880892008543,0.08958929032087326,-0.0657607838511467,0.10556961596012115,0.03895913437008858,-0.007346187252551317,-0.023048287257552147,0.021283889189362526,-0.05037451535463333,-0.02640467882156372,0.014627812430262566,0.18119677901268005,-0.09002359211444855,0.028540723025798798,-0.05657459422945976,-0.01311655156314373,-0.009235020726919174,0.0023698736913502216,0.014721170999109745,0.003905331715941429,0.09120535850524902,-0.18592292070388794,-0.14331454038619995,-1.159893274307251,0.45547449588775635,0.0493437759578228,0.7855616211891174,-0.35614582896232605,-0.02287009358406067,-0.01952623575925827,-0.03552631288766861,-0.18359068036079407,0.10733836144208908,-0.04147922247648239,0.018540000542998314,-0.06077294051647186,0.016855314373970032,0.013684260658919811,-0.056070730090141296,-0.024767553433775902,-0.019654426723718643,-0.023873763158917427,0.6457688808441162,-1.373859167098999,1.7680526971817017,-0.5778917670249939,-1.2670300006866455,-1.4140985012054443,0.082239530980587,0.9032490253448486,0.07118779420852661,-0.02834523469209671,-0.22470606863498688,0.1753116101026535,-0.04956122860312462,0.009465237148106098,-0.05372459813952446,0.12768441438674927,-0.24395959079265594,0.2517337203025818,-0.12237810343503952,-0.09558948874473572,-0.02828562818467617,0.00990382395684719,0.024085357785224915,-0.07074402272701263,-0.18212789297103882,1.4466853315298067e-07,-0.007997380569577217,-0.00015123366029001772,-1.6572771528444719e-06,2.846871609563095e-07,-1.5364641512860544e-05,-0.0003228208515793085,-0.29535478353500366,0.20370127260684967,0.031770460307598114,-0.0036516343243420124,-0.013632319867610931,0.017671529203653336,0.018524345010519028,0.04573208838701248,0.03587380796670914
184,-0.001481790211983025,-0.0062135192565619946,-0.012555934488773346,-0.017474129796028137,-0.019259070977568626,-0.014710403978824615,-0.0073955063708126545,0.0007435870356857777,0.012837564572691917,0.02833687886595726,0.03095860965549946,0.02453494258224964,0.020779332146048546,0.00940010417252779,-0.002606818452477455,-0.012728930450975895,-0.017866848036646843,-0.017072908580303192,-0.023102564737200737,-0.025933783501386642,-0.02822970598936081,-0.024292584508657455,-0.005868878681212664,0.0024418749380856752,0.0002045819564955309,-0.004916043486446142,-0.012418181635439396,-0.009340805932879448,-0.00676196301355958,-0.004313276614993811,-0.009693187661468983,-0.022481339052319527,-0.03149668127298355,-0.03748456761240959,-0.04209026321768761,-0.0602058544754982,-0.08577393740415573,-0.09927062690258026,-0.10968320071697235,-0.0844765454530716,-0.0843566507101059,-0.0839725136756897,-0.07721754163503647,-0.0698157250881195,-0.13971959054470062,-0.10203671455383301,-0.09288079291582108,-0.06096688285470009,-0.04652318358421326,-0.02934246137738228,-0.05011025443673134,-0.043887220323085785,-0.04309045150876045,-0.04163527861237526,-0.057813409715890884,-0.029791420325636864,-0.05131334438920021,-0.037673719227313995,-0.038346681743860245,-0.04066368564963341,-0.01362905278801918,-0.02344217523932457,-0.04965437576174736,-0.0014437779318541288,-0.03369327634572983,-0.06669684499502182,0.041399043053388596,-0.005229622591286898,-0.10743500292301178,0.02057030238211155,0.00331340660341084,-0.02518792450428009,-0.04393552988767624,-0.19283244013786316,-0.02283385768532753,-0.009207607246935368,0.08092162758111954,-0.02849673107266426,-0.006862357258796692,0.0028405438642948866,-0.029050786048173904,0.027017416432499886,-0.022810667753219604,0.009512127377092838,0.006620173342525959,-0.07500599324703217,0.023958733305335045,-0.04703449085354805,0.09339211136102676,-0.13460522890090942,0.02582988515496254,0.05151334032416344,0.13400211930274963,-0.07037679105997086,-0.07074185460805893,0.09218322485685349,-0.06168641895055771,0.2547055780887604,-0.019395889714360237,0.0024228408001363277,-0.19849620759487152,0.11158697307109833,0.044176146388053894,-0.10463882982730865,-0.020544417202472687,0.2956993579864502,-0.190104678273201,0.09642966836690903,-0.11614874750375748,0.3114100992679596,-0.25527703762054443,0.22684678435325623,-0.17774666845798492,-0.009630083106458187,0.09481029212474823,0.10230328142642975,-0.20422038435935974,0.4694608449935913,-0.4102841019630432,0.0947442352771759,0.02147221565246582,0.2779448330402374,-0.027038894593715668,-0.207539901137352,-0.11555974930524826,0.04590752348303795,0.19642208516597748,-0.37059736251831055,0.591205358505249,-0.08154933899641037,-0.20536038279533386,0.001406657975167036,0.26034054160118103,-0.38932865858078003,0.14507551491260529,0.4402996003627777,-0.42007148265838623,0.19617405533790588,0.14635178446769714,-0.024898769333958626,0.07015451788902283,-8.242141120717861e-07,-0.012341160327196121,0.00010938806371996179,1.8571343218809488e-07,6.659861924163124e-07,-1.7534812286612578e-05,0.0004660107661038637,2.647529125213623,-0.2847338318824768,-0.009914248250424862,0.014946913346648216,-0.002917059464380145,0.03450890630483627,-0.006437825039029121,0.015102580189704895,0.015495451167225838
185,-0.0006323966663330793,-0.0018799591343849897,-0.0050855958834290504,-0.005634709727019072,-0.0068407244980335236,-0.00549912266433239,-0.0036271705757826567,-0.0033091760706156492,-0.0031990769784897566,-0.0031968357507139444,-0.0028691322077065706,-0.0024681962095201015,-0.0027255704626441,-0.0031421720050275326,0.00010701450082706288,0.01058978121727705,0.029040256515145302,0.040913719683885574,0.06833582371473312,0.07767999172210693,0.10265558958053589,0.09239475429058075,0.034988828003406525,0.009874783456325531,-0.005860702600330114,-0.007321360986679792,-0.011524662375450134,-0.007240258622914553,-0.008533268235623837,-0.0015947677893564105,0.03114418499171734,0.10536283999681473,0.18971383571624756,0.3083101212978363,0.3727072477340698,0.6067231893539429,0.7877078056335449,0.6091228723526001,0.36535510420799255,0.12253880500793457,0.03475159406661987,-0.01749321073293686,-0.03701473027467728,-0.050408534705638885,-0.0877842977643013,-0.06694725900888443,-0.05230049788951874,-0.040873169898986816,-0.03948580473661423,-0.026966789737343788,-0.03989136964082718,-0.02599588967859745,-0.02405332215130329,-0.01655733399093151,-0.023328587412834167,-0.017116084694862366,-0.0250044297426939,-0.015128819271922112,-0.02170332707464695,-0.024836620315909386,-0.010748080909252167,-0.01676928997039795,-0.036157745867967606,-0.0032935726922005415,-0.0006062401807866991,-0.019881676882505417,0.026932349428534508,-0.016287270933389664,-0.05423881486058235,-0.033715683966875076,-0.04495154321193695,-0.05324896052479744,-0.023672359064221382,-0.04080907627940178,-0.0030744706746190786,0.0034469033125787973,0.007128437981009483,0.0016836385475471616,-0.012324530631303787,-0.0035931917373090982,0.12575475871562958,-0.07407587021589279,0.04575207084417343,-0.002939327619969845,0.005600559059530497,0.044458553194999695,-0.09053236991167068,0.1548701673746109,-0.10085080564022064,0.08603794127702713,-0.12399674952030182,-0.18024227023124695,-1.6799640655517578,0.49497950077056885,1.1332356929779053,-0.9178448915481567,0.5134211778640747,-0.49359580874443054,-0.2817836403846741,0.11315924674272537,0.35404106974601746,-0.2358330637216568,0.3889186978340149,0.5247979164123535,0.30820780992507935,-0.725022554397583,0.804559588432312,-0.090300053358078,1.7776434421539307,-2.411129951477051,3.0981502532958984,-0.07284054160118103,2.1035614013671875,-0.09240212291479111,-0.6906504034996033,-0.5507189631462097,0.20606669783592224,-0.26417961716651917,0.3531423807144165,0.11672376096248627,0.013564626686275005,0.020802484825253487,-0.019503436982631683,-0.1151750311255455,-0.10465368628501892,-0.019064392894506454,0.14107847213745117,-0.15824145078659058,0.2357003092765808,-0.0935199186205864,-0.05270562693476677,0.02438875287771225,-0.03462368994951248,-0.05608087405562401,-0.05854947119951248,0.23113392293453217,-0.4277178943157196,1.5386629104614258,-1.0810755491256714,-0.02906547673046589,-0.44312652945518494,-2.1660397919731622e-07,0.01487441174685955,-5.4490425100084394e-05,7.879320378378907e-07,-1.9321717559250828e-07,4.87633940338128e-07,-0.00013374855916481465,-5.8984808921813965,0.18446339666843414,0.007276929449290037,-0.005259575787931681,0.008869276382029057,0.01577751711010933,-0.0077118645422160625,0.012546167708933353,-0.022844644263386726
186,-0.0004108638677280396,-0.0017045631539076567,-0.004281611181795597,-0.004403700586408377,-0.005060481373220682,-0.004613131750375032,-0.0032884865067899227,-0.002708930056542158,-0.0028790393844246864,-0.0027139740996062756,-0.0014694412238895893,0.0009414926753379405,0.0075519210658967495,0.023194465786218643,0.04024812579154968,0.0596565343439579,0.056672558188438416,0.028453640639781952,0.014041385613381863,0.0021010874770581722,-0.002125652739778161,0.003794133197516203,0.012989198789000511,0.0253436341881752,0.027275897562503815,0.01150374673306942,0.006082642823457718,-0.0014678717125207186,-0.006547451950609684,-0.008607473224401474,-0.00981602631509304,0.012346266768872738,0.056363046169281006,0.14508026838302612,0.2671694755554199,0.4923946261405945,0.7458369731903076,0.6759299039840698,0.4865993559360504,0.1978720724582672,0.06804217398166656,0.0004174260247964412,-0.027169644832611084,-0.03937878832221031,-0.07362422347068787,-0.058914151042699814,-0.047209471464157104,-0.03487168252468109,-0.03256634995341301,-0.0223715640604496,-0.0354175791144371,-0.021105902269482613,-0.0220343004912138,-0.015675397589802742,-0.023273199796676636,-0.014365548267960548,-0.020105531439185143,-0.01815887913107872,-0.020001081749796867,-0.02963227406144142,-0.008937917649745941,-0.012159432284533978,-0.027614790946245193,0.0009580974001437426,-0.009674891829490662,-0.0186218973249197,0.011223774403333664,-0.007946725003421307,0.012554303742945194,0.027079693973064423,0.06806772947311401,0.0925641804933548,0.03935256972908974,0.0376691035926342,0.005983267445117235,-0.0037852181121706963,-0.0032922783866524696,-0.019602375105023384,0.007270747795701027,0.06953208148479462,0.21481375396251678,-0.13801050186157227,0.09099031984806061,0.07473979890346527,-0.013569224625825882,0.09136845916509628,-0.16708920896053314,0.16941048204898834,-0.33254706859588623,0.24858640134334564,0.04327324032783508,-0.8424033522605896,-0.7824241518974304,0.43480953574180603,0.23631229996681213,-0.16197694838047028,0.08027544617652893,-0.20768018066883087,0.13759280741214752,0.3899517357349396,1.0985631942749023,-0.4259413182735443,0.4110212028026581,0.12533386051654816,0.008412482216954231,-0.32226479053497314,0.0638224184513092,-0.04812707379460335,0.3502311706542969,-1.1267088651657104,1.9364591836929321,-2.346257448196411,3.667341947555542,-0.4792692959308624,-1.0331581830978394,-0.6028429269790649,-0.18124519288539886,-0.5596746206283569,0.2859702408313751,0.08457013964653015,0.04565872624516487,-0.024457000195980072,0.00047241017455235124,0.01947566121816635,0.08207318186759949,-0.02750800922513008,-0.06873521208763123,0.09169203788042068,-0.06051627919077873,-0.002253373386338353,0.0015530483797192574,0.005150466226041317,-0.11401360481977463,-0.20765669643878937,-0.7990332245826721,1.3655818700790405,-0.9226630330085754,1.0135416984558105,-0.7839223146438599,-0.08095338195562363,-0.03615737706422806,-2.3702183682416944e-07,0.011639579199254513,-5.78079852857627e-05,4.381353448934533e-07,-2.6992668722414237e-07,-5.085593784315279e-06,-7.745785114821047e-05,-2.6985769271850586,0.16401581466197968,0.011644615791738033,-0.0040513621643185616,0.004447422921657562,0.0076812636107206345,-0.0014981476124376059,0.01742517575621605,-0.007360502611845732
187,0.0007262019789777696,0.0016486268723383546,0.0012388222385197878,-0.00039983043097890913,-0.0023823764640837908,-0.0029224944300949574,-0.0023589145857840776,-0.0019495586166158319,-0.0021377564407885075,-0.0021508592180907726,-0.0018540883902460337,-0.0015994879649952054,-0.0021526210475713015,-0.002364081097766757,-0.0004146459687035531,0.007036227732896805,0.022255536168813705,0.03328258544206619,0.039235636591911316,0.06875587999820709,0.07399721443653107,0.058386821299791336,0.017699863761663437,0.0031576359178870916,-0.006661871448159218,-0.005595159716904163,-0.008487419225275517,-0.005859411787241697,-0.008044322021305561,-0.00848640687763691,-0.013463806360960007,-0.004988015163689852,0.019472813233733177,0.06760118901729584,0.1539185345172882,0.3734402656555176,0.6822608709335327,0.6458130478858948,0.47840163111686707,0.17178969085216522,0.1099894568324089,0.025287769734859467,-0.00674986420199275,-0.02223833091557026,-0.047967974096536636,-0.03795825317502022,-0.039092306047677994,-0.02589234709739685,-0.027231179177761078,-0.02157510258257389,-0.027073591947555542,-0.017784101888537407,-0.017691072076559067,-0.013627343811094761,-0.020680973306298256,-0.00863886158913374,-0.007183209527283907,0.002216768218204379,0.015176496468484402,0.02904004603624344,0.009079496376216412,0.021929366514086723,0.006965176202356815,-0.005829696077853441,-0.008720348589122295,-0.018176445737481117,0.010049095377326012,-0.016291223466396332,-0.025776363909244537,0.004631888121366501,-0.029299205169081688,-0.026646222919225693,-0.018910955637693405,-0.004451856017112732,0.01969635672867298,0.023987382650375366,-0.08574586361646652,0.15335090458393097,-0.06348362565040588,-0.032149724662303925,0.12897618114948273,0.08631182461977005,0.07632466405630112,0.07787549495697021,0.014536702074110508,-0.03683508560061455,0.004300135187804699,-0.012067988514900208,0.030375052243471146,-0.010190807282924652,-0.01768738217651844,-0.06977473944425583,-0.4799253046512604,0.10336589068174362,-0.1869209259748459,-1.0853028297424316,0.2097836583852768,-1.2817391157150269,-0.22322151064872742,0.0859401673078537,0.060040656477212906,-0.00584243331104517,-0.0036089783534407616,-0.02836804836988449,-0.03325015679001808,0.07256028801202774,-0.13255128264427185,-0.028986865654587746,-0.00590346148237586,-0.23344352841377258,0.8250237703323364,-1.3196470737457275,1.584484577178955,-0.630803108215332,-0.7220656871795654,0.2596711218357086,0.7674009799957275,-0.3385462760925293,0.7561913132667542,0.027363084256649017,0.017591549083590508,0.12333700060844421,-0.04582277312874794,-0.12299644947052002,-0.21605361998081207,0.046031638979911804,0.026826582849025726,-0.10024020820856094,0.06497421115636826,-0.023089319467544556,-0.008569199591875076,0.03786393254995346,0.10777171701192856,0.1417575180530548,-0.12495733052492142,-1.5545685291290283,0.9157817959785461,0.013287725858390331,-0.3341400623321533,0.017024515196681023,0.1340056210756302,-1.4845475959646137e-07,-0.004242917522788048,-1.9038021491724066e-05,1.719770921226882e-07,-1.5373308315247414e-07,-2.83166446024552e-06,-0.00013104152458254248,0.34919872879981995,0.14590252935886383,0.01930440217256546,-0.002581870649009943,-0.008384625427424908,0.009860818274319172,0.0033382130786776543,0.028711237013339996,0.020662827417254448
188,-0.0006702521932311356,-0.0037837685085833073,-0.006853065453469753,-0.007318784017115831,-0.0086674764752388,-0.007994395680725574,-0.00563299935311079,-0.004474259447306395,-0.004353741649538279,-0.004858227446675301,-0.0043722763657569885,-0.0038220155984163284,-0.0048999846912920475,-0.00685728108510375,-0.005677421111613512,-0.0005806644912809134,0.015636855736374855,0.03626067936420441,0.08092031627893448,0.11344055831432343,0.13294659554958344,0.1480836570262909,0.06375779956579208,0.02128816768527031,-0.0063699171878397465,-0.011183078400790691,-0.0173079464584589,-0.01192509662359953,-0.009694370441138744,-0.006900761276483536,-0.006533354055136442,-0.007104921154677868,-0.011994937434792519,-0.02155633270740509,-0.021566933020949364,0.0025232071056962013,0.1261085569858551,0.3274400234222412,0.5560863614082336,0.5608111619949341,0.6141115427017212,0.5367318391799927,0.34185904264450073,0.1361081600189209,0.028642160817980766,-0.04710060730576515,-0.05995378643274307,-0.04810125753283501,-0.04237065464258194,-0.02124268002808094,-0.030968334525823593,-0.019110925495624542,-0.023113273084163666,-0.021805351600050926,-0.035814207047224045,-0.025254687294363976,-0.041537266224622726,-0.03321274369955063,-0.03277605026960373,-0.03862503916025162,-0.014166012406349182,-0.005105499643832445,0.04731181636452675,0.022671392187476158,0.06671006232500076,0.13263684511184692,-0.061654604971408844,0.05696678161621094,0.03463568165898323,-0.0034247557632625103,-0.032368604093790054,-0.05532584339380264,-0.04549524560570717,-0.14850184321403503,-0.02790551260113716,-0.05787413567304611,0.024567067623138428,-0.051171526312828064,-0.038230255246162415,0.07587017863988876,0.06580512970685959,-0.045502327382564545,-0.01524712610989809,-0.02698761411011219,-0.04803960397839546,0.18766087293624878,-0.03558935225009918,0.052622999995946884,-0.04335256293416023,-0.028285276144742966,-0.006867596879601479,8.122773579088971e-05,0.028455223888158798,-0.051481083035469055,-0.02324574813246727,-0.0010376181453466415,0.08590272814035416,-1.0867373943328857,0.40503445267677307,-0.2104526311159134,2.388646364212036,-1.2408937215805054,-0.03243419900536537,-0.0846552699804306,0.002310144016519189,0.20564718544483185,-0.13952010869979858,0.033547550439834595,-0.07228352874517441,-0.0001399501779815182,0.04213254153728485,-0.026599597185850143,-0.06597524881362915,-0.02955290675163269,-0.02269243262708187,0.005568497348576784,0.3127276599407196,-2.854907751083374,4.040436744689941,-0.7146116495132446,-0.5007771849632263,-1.594422698020935,-0.21984918415546417,1.8264645338058472,0.4548870623111725,-0.2902243137359619,-0.2555663585662842,0.49880316853523254,-0.15520595014095306,0.0880427286028862,-0.0058332448825240135,-0.0011628955835476518,0.0016415143618360162,-0.010034122504293919,0.10446812212467194,0.19408133625984192,-0.263374388217926,0.18642258644104004,-0.26358625292778015,-0.11413281410932541,0.3593066334724426,2.1703275621121065e-08,-0.015897618606686592,-0.00022001117758918554,-1.7952779671759345e-06,1.1383055209535087e-07,-2.0427680283319205e-05,-0.00048641342436894774,-3.752737522125244,0.2283986359834671,0.03443136066198349,-0.005900890100747347,0.014728153124451637,0.026044080033898354,0.021419459953904152,0.02944752387702465,0.009632876142859459
189,-0.0010424918727949262,-0.00554225780069828,-0.0111125148832798,-0.014579297974705696,-0.014344682916998863,-0.006765424273908138,0.002220932161435485,0.00962224043905735,0.01215042732656002,0.011170204728841782,0.003949772100895643,-0.0013198971282690763,-0.0057474346831440926,-0.010605979710817337,-0.014081870205700397,-0.01753641478717327,-0.019093379378318787,-0.01793786697089672,-0.02407558262348175,-0.02876388281583786,-0.03637968376278877,-0.04836001247167587,-0.03434273973107338,-0.03648371621966362,-0.03950999304652214,-0.022119155153632164,-0.031105557456612587,-0.02163184992969036,-0.025316990911960602,-0.029447048902511597,-0.05778174102306366,-0.05695230886340141,-0.05331820994615555,-0.05589711666107178,-0.06557594239711761,-0.09787347912788391,-0.12217865884304047,-0.08845993876457214,-0.03744988515973091,0.0007286642212420702,0.014977681450545788,-0.0020628024358302355,-0.03768235445022583,-0.06611248850822449,-0.15382951498031616,-0.09228711575269699,-0.06289922446012497,-0.02284334786236286,-0.0069695995189249516,-0.006942488253116608,-0.03393079712986946,-0.0376819409430027,-0.039155263453722,-0.02989862486720085,-0.02864915132522583,-0.010817380622029305,-0.012142579071223736,-0.01612207666039467,-0.03244250267744064,-0.05699043720960617,-0.01963888667523861,-0.04149051383137703,-0.06562613695859909,-0.0015448674093931913,-0.027586666867136955,-0.04604563117027283,0.04135347902774811,0.0004546717391349375,-0.0890386775135994,0.03140336275100708,0.004030002746731043,-0.015271182172000408,-0.04245513305068016,-0.18896882236003876,-0.03486347198486328,-0.01613505370914936,0.07992009073495865,-0.02773473598062992,-0.009870021604001522,-0.010570867918431759,-0.036435816437006,0.02760612778365612,-0.023926520720124245,0.007167063653469086,0.007667337078601122,-0.0667748972773552,0.015376698225736618,-0.026975303888320923,0.0036539994180202484,-0.11421704292297363,0.010675061494112015,0.04612508788704872,0.12073665857315063,-0.09147241711616516,-0.06688372045755386,0.08376740664243698,-0.060778263956308365,0.23546215891838074,0.00741799408569932,0.04417400807142258,-0.27608048915863037,0.15870259702205658,0.08208547532558441,-0.10335437208414078,-0.008906147442758083,0.3134443461894989,-0.23527218401432037,0.11851909011602402,-0.13530178368091583,0.31502750515937805,-0.3446944057941437,0.25065773725509644,-0.20315110683441162,-0.013220970518887043,0.10614420473575592,0.15076470375061035,-0.23233851790428162,0.43689998984336853,-0.3776053190231323,0.10344896465539932,0.029524991288781166,0.19903811812400818,-0.06302256137132645,-0.15381860733032227,-0.0644112080335617,0.01743166707456112,0.18070146441459656,-0.22692446410655975,0.3912579119205475,-0.06473894417285919,-0.033751148730516434,0.0038510835729539394,0.22065629065036774,-0.28503191471099854,0.13344688713550568,0.13125360012054443,-0.34390342235565186,0.07154455035924911,0.19523149728775024,-0.04324754700064659,0.08113688230514526,1.9920414615626214e-06,0.030810000374913216,0.0010691487696021795,3.2105817808769643e-06,1.1865024589496898e-06,0.0001285429170820862,0.0008610326331108809,2.0411815643310547,-0.2632429599761963,0.02930804155766964,0.012795661576092243,-0.010498062707483768,0.021933017298579216,0.03903203830122948,-0.001527481828816235,0.07957988232374191
190,-3.3616564905969426e-05,0.0003674729960039258,0.0013336222618818283,0.0021029149647802114,0.0017808809643611312,0.00020255337585695088,-0.0009832633659243584,-0.0015718386275693774,-0.0021665811073035,-0.0024559455923736095,-0.0020269884262233973,-0.0014632908860221505,-0.0016342878807336092,-0.00024448666954413056,0.006130145397037268,0.02292807586491108,0.04671454802155495,0.04495194926857948,0.05469836667180061,0.055597271770238876,0.043859973549842834,0.022163715213537216,0.0010860307374969125,-0.007470481097698212,-0.010620040819048882,-0.006869977805763483,-0.008408460766077042,-0.005808441434055567,-0.0076223621144890785,-0.008024959824979305,-0.01417852845042944,-0.007766583003103733,0.011366207152605057,0.05493330582976341,0.13373637199401855,0.3560369908809662,0.6589017510414124,0.6747391223907471,0.5156585574150085,0.22072966396808624,0.11158862709999084,0.017645079642534256,-0.018018491566181183,-0.029583869501948357,-0.048634134232997894,-0.03251679241657257,-0.026335587725043297,-0.017924271523952484,-0.018889257684350014,-0.017926884815096855,-0.0267172884196043,-0.01732960157096386,-0.017912883311510086,-0.014758056960999966,-0.020971545949578285,-0.011133919470012188,-0.0142582468688488,-0.0056463126093149185,0.0007722738082520664,0.0172383114695549,0.011046885512769222,0.021037353202700615,0.01932709477841854,0.001081260503269732,-0.005760448984801769,-0.020753100514411926,0.0074878595769405365,-0.025356125086545944,-0.028350505977869034,-0.004724062979221344,-0.030210187658667564,-0.020175468176603317,0.010628698393702507,0.08058774471282959,0.03681589663028717,0.01018036063760519,-0.0492086224257946,0.061746805906295776,-0.007289479486644268,0.038005925714969635,0.16275189816951752,0.06560850888490677,0.03508071228861809,0.04549679160118103,0.009101688861846924,-0.037473492324352264,0.0037867631763219833,-0.019835339859128,0.029833173379302025,-0.01594090275466442,-0.051169876009225845,-0.19275183975696564,-0.914404571056366,0.055945031344890594,0.20345503091812134,-0.8680200576782227,0.5871886610984802,-0.8989083170890808,-0.01202411763370037,0.003706839168444276,-0.0507221557199955,0.023937668651342392,-0.008280270732939243,-0.03016439452767372,-0.016907958313822746,0.05735580623149872,-0.11991968005895615,-0.026974555104970932,-0.024119211360812187,-0.13112850487232208,0.5479440093040466,-0.6374595165252686,1.762555480003357,-1.389202356338501,-0.5777906179428101,0.3705578148365021,0.8639981746673584,-0.5305474996566772,0.5762273073196411,0.10431939363479614,0.021194903180003166,0.023843644186854362,-0.02168712392449379,-0.20552845299243927,-0.22428447008132935,0.05317705124616623,0.03571581095457077,-0.13897012174129486,0.07288631796836853,-0.023226799443364143,0.06148727983236313,0.05072653666138649,0.2407216578722,0.18849754333496094,0.049358345568180084,-0.5754366517066956,-0.1881195455789566,0.4868162274360657,-1.120690941810608,-0.02386637032032013,-0.10874661058187485,-1.4440210804878006e-07,-0.0037065716460347176,-9.345089347334579e-05,7.252499756305042e-08,-2.524240585444204e-07,-9.192826837534085e-06,-0.00018035256653092802,-0.13764168322086334,0.1420883685350418,0.018281256780028343,-0.002826075302436948,-0.006985858082771301,0.010295999236404896,0.0010939323110505939,0.029944593086838722,0.022437602281570435
191,0.0012691657757386565,0.01121843047440052,0.02663579396903515,0.029966581612825394,0.04054821655154228,0.030293164774775505,0.015000940300524235,0.005413368344306946,-0.0008796496549621224,-0.0049032485112547874,-0.004354850854724646,-0.0031551423016935587,-0.0009338055388070643,0.004660081584006548,0.01282817404717207,0.01700734905898571,0.01275208406150341,0.007132787257432938,0.00838402658700943,0.014645383693277836,0.03410554677248001,0.06906647235155106,0.05621930584311485,0.05106540024280548,0.030817795544862747,0.0025719134137034416,-0.00761085469275713,-0.004158166237175465,0.006881005596369505,0.0238832775503397,0.0669495016336441,0.05848327651619911,0.028986893594264984,1.0653727258613799e-05,-0.02746002934873104,-0.058227211236953735,-0.07857806235551834,-0.05492040887475014,-0.03223472833633423,-0.014953313395380974,-0.010598372668027878,-0.0075681465677917,0.007949543185532093,0.04237082973122597,0.18684372305870056,0.21170195937156677,0.25653135776519775,0.2427949160337448,0.2644633650779724,0.14957983791828156,0.17096130549907684,0.06997063755989075,0.04663386940956116,0.034612733870744705,0.0589752197265625,0.045870523899793625,0.09327118843793869,0.07383273541927338,0.08540733903646469,0.07651352882385254,0.02200179174542427,0.02560747042298317,0.04520266875624657,0.011105145327746868,0.02698124200105667,0.03305327892303467,-0.04547635838389397,-0.009025482460856438,-0.013267258182168007,-0.006489913444966078,-0.005360132083296776,0.008715247735381126,0.03390220180153847,0.22205553948879242,0.10804242640733719,0.09779193252325058,-0.06565675884485245,0.11455631256103516,0.0724121630191803,-0.0049790930934250355,-0.026932790875434875,0.07240242511034012,-0.01857404224574566,-0.06238892301917076,-0.10625044256448746,0.17191432416439056,-0.05250466242432594,0.05369919538497925,-0.1301240772008896,0.16178911924362183,-0.02783115766942501,-0.004072941839694977,-0.21235442161560059,0.13673372566699982,0.12681959569454193,-0.06641063094139099,-0.0009060277952812612,-0.12076733261346817,-0.04619411751627922,-0.17401966452598572,0.3544485569000244,-0.37442511320114136,-0.1891804337501526,0.10457715392112732,-0.06621803343296051,-0.2530881464481354,0.23819708824157715,-0.11791634559631348,0.0321187898516655,-0.2294808328151703,0.2720559537410736,-0.0654958114027977,-0.003252622438594699,0.00881731417030096,-0.0021094605326652527,-0.11421196907758713,0.4459240436553955,-0.8023245930671692,0.9576866030693054,-0.19073933362960815,-0.09571719169616699,-0.44372808933258057,0.054358985275030136,0.30596810579299927,0.24516314268112183,0.04656841978430748,-0.22819402813911438,0.6728299260139465,-1.1000514030456543,0.006572723388671875,0.27571386098861694,0.01624094322323799,-0.411333829164505,1.0894140005111694,-0.023829778656363487,-1.2005395889282227,1.2612624168395996,-0.7442639470100403,-0.1000279113650322,0.28502681851387024,-0.1381371021270752,2.005222938805673e-07,-0.03586208447813988,-0.00035591801861301064,-3.521522785376874e-06,9.675462706582039e-07,-2.6711270038504153e-05,-0.0007666567689739168,-3.6027779579162598,0.25560757517814636,0.05177991837263107,-0.004351478535681963,-0.023652680218219757,0.03607334569096565,0.04408743605017662,0.06367803364992142,0.05180874839425087
192,-0.0012747860746458173,-0.005777289159595966,-0.012034453451633453,-0.016413487493991852,-0.01860382966697216,-0.01525568962097168,-0.010187391191720963,-0.007703820709139109,-0.0035251707304269075,0.0019580621737986803,0.007363063748925924,0.008871550671756268,0.010027153417468071,0.005839303135871887,-0.001729060080833733,-0.010671870782971382,-0.016376014798879623,-0.016611795872449875,-0.023874808102846146,-0.02846888080239296,-0.03628397360444069,-0.04778369888663292,-0.03410876542329788,-0.035265348851680756,-0.03626394644379616,-0.017744513228535652,-0.01806231215596199,-0.007173207122832537,-0.0029281366150826216,-0.004152212757617235,-0.01962103880941868,-0.035826992243528366,-0.04458298906683922,-0.05247047170996666,-0.06416887044906616,-0.10053133964538574,-0.14274463057518005,-0.1468377411365509,-0.1405102014541626,-0.10086270421743393,-0.10030149668455124,-0.11112046986818314,-0.11519503593444824,-0.10571549087762833,-0.19767439365386963,-0.12892061471939087,-0.11620358377695084,-0.08422782272100449,-0.07715366035699844,-0.05827099829912186,-0.0869295746088028,-0.05994449928402901,-0.050214171409606934,-0.045077331364154816,-0.06067661568522453,-0.03123374469578266,-0.05486205965280533,-0.04417108744382858,-0.05173076316714287,-0.06732035428285599,-0.018891459330916405,-0.022421875968575478,-0.028151601552963257,-0.003997569438070059,-0.0197428110986948,-0.04750137776136398,0.028232721611857414,-0.012766164727509022,-0.10087484866380692,0.01925080642104149,-0.0011566629400476813,-0.025531481951475143,-0.05438320338726044,-0.1897285133600235,-0.0316300131380558,-0.02345864661037922,0.07631698995828629,-0.027590742334723473,-0.006127370987087488,0.001582694472745061,-0.028429115191102028,0.028110994026064873,-0.01683844067156315,0.01789684221148491,0.029933255165815353,-0.09499584138393402,0.038152821362018585,-0.05755801126360893,0.13453425467014313,-0.13843199610710144,0.04168858006596565,0.04987353831529617,0.16099193692207336,-0.08447703719139099,-0.08276859670877457,0.08191926032304764,-0.06351995468139648,0.20214112102985382,-0.016192466020584106,0.01635824143886566,-0.25605517625808716,0.12702539563179016,0.047092828899621964,-0.11035169661045074,-0.03822755813598633,0.36219507455825806,-0.2010105699300766,0.1272331029176712,-0.13318590819835663,0.3384484350681305,-0.3410714566707611,0.22474054992198944,-0.2599315345287323,0.00477978028357029,0.06180037558078766,0.12577566504478455,-0.1988152414560318,0.4684112071990967,-0.43066710233688354,0.0777444988489151,0.0005258101737126708,0.27567267417907715,-0.011443541385233402,-0.19801115989685059,-0.09929396957159042,0.05215942859649658,0.20818297564983368,-0.3381768763065338,0.5293810963630676,-0.05130380392074585,-0.05706053599715233,0.027508355677127838,0.22295428812503815,-0.2994089722633362,0.15211856365203857,0.3955371081829071,-0.42020830512046814,0.2219475656747818,0.14572830498218536,-0.016930725425481796,0.07636234909296036,8.98891084943898e-06,0.03856200352311134,0.0024407256860285997,2.0355287233542185e-06,7.129355708457297e-06,0.00031861214665696025,0.0029501370154321194,2.454400062561035,-0.5161280035972595,-0.04922478646039963,0.02199726551771164,0.0002798200002871454,-0.004498787224292755,-0.08184400200843811,-0.11190144717693329,0.051713697612285614
193,-0.0014581686118617654,-0.006145686376839876,-0.011208184994757175,-0.013378624804317951,-0.01638617366552353,-0.013794708997011185,-0.009339524433016777,-0.008012228645384312,-0.006593977101147175,-0.004374234937131405,0.0014899077359586954,0.008273724466562271,0.019179264083504677,0.035568732768297195,0.03992218151688576,0.028064558282494545,0.007559934165328741,-0.007485445123165846,-0.019560931250452995,-0.02550458163022995,-0.03487758710980415,-0.041383035480976105,-0.019234562292695045,0.00901014357805252,0.06368905305862427,0.0714249461889267,0.14425981044769287,0.10077658295631409,0.09075362235307693,0.04660606384277344,0.014276605099439621,-0.03225773200392723,-0.04586508125066757,-0.05452479422092438,-0.06689684838056564,-0.10021675378084183,-0.13858111202716827,-0.12404897063970566,-0.09825111925601959,-0.06210241839289665,-0.06240412965416908,-0.07513490319252014,-0.09006896615028381,-0.0953500047326088,-0.18972960114479065,-0.12482942640781403,-0.11439239233732224,-0.08384978771209717,-0.07854709029197693,-0.05188918858766556,-0.05596696212887764,-0.014665485359728336,0.005646849982440472,0.01953296922147274,0.019767412915825844,-0.004520400892943144,-0.02885948121547699,-0.032075416296720505,-0.04904182627797127,-0.061495836824178696,-0.023347439244389534,-0.04394451156258583,-0.06455083936452866,-0.012045569717884064,-0.012737576849758625,0.012702569365501404,-0.04085969179868698,-0.011267468333244324,-0.03802420198917389,-0.008037691004574299,-0.011398565955460072,-0.026880117133259773,-0.04459838569164276,-0.18706510961055756,-0.03469317778944969,-0.040967728942632675,0.04746326431632042,-0.015163847245275974,0.008708132430911064,-0.0438951775431633,-0.09427420049905777,-0.013514812104403973,-0.015567203052341938,-0.009041216224431992,-0.007774434983730316,-0.07548879086971283,0.03236692398786545,-0.08811136335134506,0.0859561488032341,-0.12394140660762787,-0.0016764376778155565,-0.0046792542561888695,-0.10818347334861755,-0.012332950718700886,-0.01099863089621067,-0.03985249623656273,-0.03833003714680672,0.17287056148052216,0.027856260538101196,0.03924411162734032,-0.2511596083641052,0.16528545320034027,0.048528824001550674,-0.1145099550485611,-0.004073803778737783,0.0583195723593235,-0.054772086441516876,-0.07615701854228973,-0.07163023203611374,0.20808610320091248,-0.32683616876602173,0.3020245432853699,-0.2614692449569702,0.009157313033938408,0.10034286230802536,0.039926350116729736,-0.18321949243545532,0.2134840041399002,-0.07912828028202057,0.053374189883470535,0.03718869760632515,-0.08284734189510345,-0.004680391866713762,-0.08288399130105972,-0.016998402774333954,-0.0008669975213706493,0.23354873061180115,-0.3103262484073639,0.49062633514404297,-0.07666520774364471,-0.009766568429768085,0.05010605603456497,0.08000308275222778,0.3156399726867676,0.030083749443292618,-0.012816849164664745,-0.2312723994255066,0.12441998720169067,0.1392804980278015,-0.07357635349035263,0.05398474261164665,1.9968295816852333e-07,-0.02848772518336773,0.0011973133077844977,-4.432936748344218e-06,-2.9400282528513344e-06,0.00023053547192830592,0.0020191629882901907,1.3014254570007324,-0.05131835117936134,0.016637830063700676,0.005563120823353529,0.0060732802376151085,0.005787346512079239,0.03477909415960312,0.013341186568140984,0.05860140174627304
194,0.0004489863058552146,0.007099618669599295,0.02274002879858017,0.030940406024456024,0.04785579442977905,0.03775656223297119,0.018876126036047935,0.006671866402029991,-0.0008758234907872975,-0.004841185640543699,-0.003740869928151369,-0.0017227658536285162,0.0017459047958254814,0.00848016794770956,0.014717795886099339,0.014538640156388283,0.0071823010221123695,0.0019915455486625433,0.003184944624081254,0.010239362716674805,0.028330601751804352,0.06192288547754288,0.053493086248636246,0.05186073109507561,0.03411443904042244,0.004038035403937101,-0.00815996341407299,-0.0074635217897593975,0.0015049894573166966,0.019724013283848763,0.07031862437725067,0.0694473534822464,0.03734925016760826,0.002585921436548233,-0.03134254738688469,-0.06919988244771957,-0.09456057846546173,-0.06399622559547424,-0.028981583192944527,-0.0037309362087398767,0.0008559392881579697,-0.010176870971918106,-0.027690306305885315,-0.029974905773997307,0.01016900222748518,0.11086472123861313,0.22804884612560272,0.28040948510169983,0.33292484283447266,0.188363716006279,0.1919681429862976,0.07434996962547302,0.05774576589465141,0.04838519170880318,0.07697764784097672,0.045817699283361435,0.08307663351297379,0.058950282633304596,0.07188811898231506,0.06564522534608841,0.017382469028234482,0.01739167980849743,0.023064106702804565,-0.0011681504547595978,0.0026671276427805424,0.011097436770796776,-0.06115833297371864,-0.01525947730988264,0.005880533717572689,-0.010684654116630554,-0.007380342576652765,-0.004812219180166721,0.02086014300584793,0.17969784140586853,0.09879511594772339,0.09224094450473785,-0.09212081879377365,0.09958434104919434,0.06279432773590088,-0.002789617981761694,-0.02779373712837696,0.0604446642100811,-0.018146982416510582,-0.07394961267709732,-0.12133664637804031,0.15159989893436432,-0.042685616761446,0.03391002118587494,-0.08386897295713425,0.11019062995910645,-0.074368916451931,0.01124571543186903,-0.2529374361038208,0.09874621778726578,0.09797382354736328,-0.09320068359375,-0.017570551484823227,-0.1525905579328537,-0.047371238470077515,-0.13949289917945862,0.2818136513233185,-0.34115731716156006,-0.21191364526748657,0.10935255885124207,-0.06596918404102325,-0.18543170392513275,0.15206250548362732,-0.11910140514373779,-0.019654054194688797,-0.24143241345882416,0.2870856821537018,-0.09643466770648956,0.019864175468683243,-0.03979825600981712,-0.05854949355125427,-0.12624402344226837,0.25599706172943115,-0.7166679501533508,0.8142721056938171,-0.2615754306316376,-0.07524820417165756,-0.4356026351451874,0.07767999917268753,0.1748046725988388,0.19708210229873657,0.02076057530939579,-0.18918722867965698,0.6093139052391052,-1.0108721256256104,-0.1269194632768631,0.23895946145057678,0.037610430270433426,-0.2039332240819931,0.934889018535614,-0.08167340606451035,-1.210707426071167,1.2656018733978271,-0.5413076877593994,0.02946176379919052,0.09682001173496246,-0.05252335965633392,1.89565952268822e-07,-0.03566550463438034,-0.00026658448041416705,-2.853336809494067e-06,7.138461342037772e-07,-1.882004289655015e-05,-0.0005704475333914161,-1.9137160778045654,0.23229250311851501,0.04523579776287079,-0.003540982259437442,-0.02133912593126297,0.03363652154803276,0.027686774730682373,0.04874422401189804,0.04749101772904396
195,0.0004640096740331501,0.0014454626943916082,0.0022569014690816402,0.001179719576612115,-0.000505751115269959,-0.0019399994052946568,-0.0021951431408524513,-0.0021155551075935364,-0.002645136322826147,-0.0025667317677289248,-0.002113825874403119,-0.0018311970634385943,-0.002457830123603344,-0.0030088298954069614,-0.001793967094272375,0.004709347151219845,0.018724041059613228,0.03453829139471054,0.04846107214689255,0.07589036226272583,0.09332520514726639,0.08505886793136597,0.027032434940338135,0.009242377243936062,-0.005387998651713133,-0.006215041037648916,-0.009350566193461418,-0.00626999419182539,-0.00873892568051815,-0.009074518457055092,-0.0144649688154459,-0.0029081208631396294,0.028173090890049934,0.0862155333161354,0.18838238716125488,0.4448053538799286,0.7550099492073059,0.711376965045929,0.5330026745796204,0.2043725848197937,0.11772271990776062,0.021201981231570244,-0.013222474604845047,-0.026627417653799057,-0.047699470072984695,-0.035976216197013855,-0.03736177831888199,-0.027102360501885414,-0.029287278652191162,-0.02282685413956642,-0.0325385220348835,-0.020832421258091927,-0.019937537610530853,-0.01683182828128338,-0.024448014795780182,-0.010447283275425434,-0.015256930142641068,-0.008673980832099915,-0.0034403952304273844,0.011807214468717575,0.00801253505051136,0.028677452355623245,0.024522094056010246,0.004814129788428545,-0.0046478984877467155,-0.015982747077941895,0.013499893248081207,-0.0177383441478014,-0.029507795348763466,0.002539872657507658,-0.031437866389751434,-0.038144368678331375,-0.03170507773756981,-0.03837142512202263,0.0034543992951512337,0.024524623528122902,-0.0683203712105751,0.11553753167390823,-0.05461961030960083,-0.05310635268688202,0.010805998928844929,0.025619806721806526,0.021442601457238197,0.06613893061876297,-0.001518795033916831,-0.04822646081447601,0.00979373324662447,-0.007747463881969452,0.03516941890120506,-0.020205708220601082,0.0002730653795879334,-0.07071378082036972,-0.42332348227500916,0.026143604889512062,0.24156004190444946,-0.8612240552902222,0.4699171483516693,-1.5759179592132568,-0.08962725847959518,0.23703639209270477,0.15362811088562012,0.002149845939129591,-0.004020391963422298,-0.030845746397972107,-0.028964055702090263,0.056920990347862244,-0.15343168377876282,-0.027652127668261528,0.06749892234802246,-0.29404544830322266,0.8984853625297546,-0.9165013432502747,1.7279853820800781,0.663622260093689,-0.6400736570358276,0.7561677694320679,0.556800901889801,-0.471809446811676,0.6766337752342224,0.03420467674732208,0.0655154436826706,0.025257179513573647,-0.08754269033670425,-0.05014750733971596,-0.30810683965682983,0.047886669635772705,0.059617750346660614,-0.11147234588861465,0.10105577111244202,-0.01648171804845333,-0.019912730902433395,0.0021266350522637367,0.07826445251703262,0.06156672537326813,0.26243287324905396,-0.9479457139968872,0.7835034132003784,-0.17784248292446136,0.23409885168075562,-0.1292797029018402,0.16439364850521088,-1.6655025092404685e-07,-0.005768871400505304,-8.838930079946294e-05,1.7876276103834243e-07,-1.838017738009512e-07,-8.559590241929982e-06,-0.0002333538723178208,-3.692091226577759,0.16541872918605804,0.0202342439442873,-0.0030216537415981293,-0.00892295315861702,0.012650765478610992,0.0021195849403738976,0.033069368451833725,0.026160892099142075
196,-0.0014547831378877163,-0.006089759990572929,-0.012043210677802563,-0.015034210868179798,-0.011501051485538483,0.001947444980032742,0.016587499529123306,0.030863076448440552,0.03603212535381317,0.03335026279091835,0.01630197837948799,0.00402017030864954,-0.002406020648777485,-0.0068450127728283405,-0.005300330929458141,0.0007952985470183194,0.007843920029699802,0.007634047884494066,0.00436548562720418,-0.00201535876840353,-0.00838508177548647,-0.00624940637499094,0.0015667115803807974,0.0036853994242846966,-0.005170287564396858,-0.01034271065145731,-0.022870736196637154,-0.01920301839709282,-0.024286868050694466,-0.02968870848417282,-0.057166893035173416,-0.05676557496190071,-0.05274980515241623,-0.0540972501039505,-0.06004082038998604,-0.08407673239707947,-0.10106716305017471,-0.08637667447328568,-0.07266969233751297,-0.05150867626070976,-0.053399547934532166,-0.06105698645114899,-0.07051222771406174,-0.0742669403553009,-0.14716750383377075,-0.0943305492401123,-0.07649406790733337,-0.04950844869017601,-0.046542689204216,-0.03987478092312813,-0.07237999886274338,-0.054520342499017715,-0.04049837589263916,-0.028569282963871956,-0.024896742776036263,-0.009936920367181301,-0.012379365041851997,-0.016916489228606224,-0.03214868903160095,-0.05868988111615181,-0.02193710394203663,-0.04255174845457077,-0.07140019536018372,-6.576847954420373e-05,-0.03258294239640236,-0.05661756917834282,0.03281714767217636,-0.00756072485819459,-0.09681017696857452,0.01542612910270691,0.002578550949692726,-0.01883900910615921,-0.029277769848704338,-0.16157253086566925,-0.01737140864133835,-0.0027348261792212725,0.08602116256952286,-0.02837296389043331,-0.006751604378223419,0.010394522920250893,-0.02487408183515072,0.021489953622221947,-0.01958196423947811,0.006203850265592337,-0.0058717383071780205,-0.06522510945796967,0.021140024065971375,-0.04477855935692787,0.08051814883947372,-0.12981824576854706,0.01984531246125698,0.04682578518986702,0.13693863153457642,-0.06674648821353912,-0.06643888354301453,0.06745639443397522,-0.06329323351383209,0.22788962721824646,-0.007682519499212503,0.01671922579407692,-0.21401222050189972,0.11036602407693863,0.03516363725066185,-0.10174668580293655,-0.01514530647546053,0.25968027114868164,-0.19693315029144287,0.10722653567790985,-0.1145472601056099,0.3059448301792145,-0.3056212067604065,0.2043338418006897,-0.22864513099193573,-0.0271864365786314,0.09512889385223389,0.09309490770101547,-0.19910958409309387,0.4444175660610199,-0.403918594121933,0.09112026542425156,0.020587235689163208,0.24762137234210968,-0.03315753489732742,-0.17747247219085693,-0.08552639186382294,0.04202521592378616,0.18604019284248352,-0.44161003828048706,0.6212285161018372,-0.10197991132736206,-0.16491511464118958,0.012443779967725277,0.2436695694923401,-0.35722851753234863,0.15012556314468384,0.4267599880695343,-0.4398750364780426,0.2315552979707718,0.115626260638237,-0.01587659865617752,0.06867095082998276,-9.752826599651598e-07,-0.028852587565779686,1.1117846952402033e-05,-8.290336381833185e-07,-1.396744835346908e-07,3.1393537938129157e-06,0.00031160228536464274,2.333167791366577,-0.2572660446166992,-0.018022552132606506,0.016579091548919678,-0.010788191109895706,0.02986125275492668,-0.04521723836660385,-0.022667748853564262,0.03364236652851105
197,9.991386468755081e-05,0.0006987420492805541,0.0017123479628935456,0.0019961430225521326,0.0012097100261598825,-0.0004682533908635378,-0.0013798108557239175,-0.0016794009134173393,-0.002300882013514638,-0.0023176090326160192,-0.002032162854447961,-0.0016606810968369246,-0.002182714408263564,-0.0023583604488521814,-9.81047487584874e-05,0.008333997800946236,0.024185489863157272,0.03586946427822113,0.04388498142361641,0.06749444454908371,0.07423235476016998,0.06017885357141495,0.017975663766264915,0.0033259219489991665,-0.006856441963464022,-0.0060857320204377174,-0.008632885292172432,-0.005775931756943464,-0.008117650635540485,-0.008426405489444733,-0.01352695282548666,-0.004331138450652361,0.021531175822019577,0.07169768959283829,0.15847736597061157,0.3973728120326996,0.6906346082687378,0.6703837513923645,0.5071091651916504,0.1972663700580597,0.11144746840000153,0.0188471507281065,-0.015789728611707687,-0.028491942211985588,-0.04718710854649544,-0.03149139881134033,-0.028595419600605965,-0.01974436454474926,-0.02299838699400425,-0.020280973985791206,-0.028380136936903,-0.018157903105020523,-0.018719760701060295,-0.014176304452121258,-0.02188700996339321,-0.010515274479985237,-0.01564948260784149,-0.009753144346177578,-0.006970379967242479,0.004308367148041725,0.004013046156615019,0.021027572453022003,0.026202790439128876,0.006399861536920071,-0.002473912900313735,-0.013860831968486309,0.011309999972581863,-0.017773650586605072,-0.025644050911068916,-0.0005322341457940638,-0.032563596963882446,-0.03428908437490463,-0.02363225631415844,-0.023899603635072708,0.004769068211317062,0.012857344001531601,-0.056430667638778687,0.08413229137659073,-0.04057880491018295,-0.05468721315264702,0.03062586858868599,0.04299313202500343,0.04264035075902939,0.06005595996975899,0.00475863553583622,-0.04416051506996155,0.006063724867999554,-0.012397355400025845,0.029960041865706444,-0.01430649682879448,-0.01189397182315588,-0.09086044132709503,-0.5143581032752991,0.11938799917697906,0.12755616009235382,-0.9738467335700989,0.4646046459674835,-1.1838921308517456,-0.009333612397313118,0.1472129374742508,0.0714813619852066,0.007414191495627165,-0.0028875148855149746,-0.02833864837884903,-0.02208835817873478,0.05251126363873482,-0.11050061881542206,-0.02592325210571289,0.020966393873095512,-0.3135223090648651,0.6712890863418579,-0.7957797646522522,1.9704654216766357,-0.6168487071990967,-0.6578521728515625,0.37981218099594116,0.3983665704727173,-0.4191005825996399,0.5534722208976746,0.028447579592466354,0.04694481939077377,-0.010353250429034233,-0.01957731880247593,-0.09314632415771484,-0.2600332498550415,0.08618920296430588,0.06692499667406082,-0.12977829575538635,0.08361581712961197,-0.022552769631147385,-0.012536836788058281,0.009937245398759842,0.04496503248810768,0.021667854860424995,0.1260579377412796,-0.9734121561050415,0.377523809671402,-0.07890787720680237,-0.31274718046188354,-0.05585438013076782,0.07550512999296188,-1.9975404086380877e-07,-0.006353567820042372,-0.00012367610179353505,1.1923098952593136e-07,-2.944934749393724e-07,-1.0677790669433307e-05,-0.0002199435402872041,-0.770512044429779,0.14941170811653137,0.01890663243830204,-0.0026555550284683704,-0.007393611129373312,0.011761708185076714,0.0018777677323669195,0.03013640083372593,0.02420765720307827
198,-0.0013715190580114722,-0.005981983616948128,-0.012295029126107693,-0.017009129747748375,-0.018941447138786316,-0.01573794148862362,-0.011155284941196442,-0.009787035174667835,-0.00789665337651968,-0.0066393353044986725,-0.001960922032594681,0.0025701066479086876,0.008532842621207237,0.012616049498319626,0.012388477101922035,0.003549541812390089,-0.007730506826192141,-0.013724934309720993,-0.02251504175364971,-0.02809532731771469,-0.036521729081869125,-0.04832307621836662,-0.03281734138727188,-0.030593475326895714,-0.025281541049480438,-0.008322413079440594,-0.00397439394146204,-0.002104771789163351,-0.005361917894333601,-0.014943885616958141,-0.043496277183294296,-0.051791321486234665,-0.05196689814329147,-0.05622496455907822,-0.06512924283742905,-0.09985246509313583,-0.13077910244464874,-0.1134948879480362,-0.07729370146989822,-0.03620602935552597,-0.026275809854269028,-0.03724386543035507,-0.06051395460963249,-0.07735136896371841,-0.17618221044540405,-0.12611015141010284,-0.11559060215950012,-0.08518997579813004,-0.07786799222230911,-0.056301675736904144,-0.07827464491128922,-0.04675768315792084,-0.033545538783073425,-0.02479977160692215,-0.03415847569704056,-0.021207081153988838,-0.03972733020782471,-0.034383539110422134,-0.03879851475358009,-0.05315805971622467,-0.02056005783379078,-0.03923272714018822,-0.06587550044059753,-0.000667127373162657,-0.03115394525229931,-0.048325102776288986,0.031449589878320694,-0.007458310574293137,-0.09211024641990662,0.016943691298365593,-0.0022317992988973856,-0.026682622730731964,-0.0467185415327549,-0.2008819282054901,-0.02770252525806427,-0.014804110862314701,0.08102993667125702,-0.02745695784687996,-0.008451798930764198,-0.007880927063524723,-0.03678353503346443,0.025185588747262955,-0.03035605140030384,0.004547939635813236,0.01233036071062088,-0.08786942809820175,0.03337060660123825,-0.057524263858795166,0.12319613993167877,-0.13583940267562866,0.031149592250585556,0.04678177088499069,0.12046235054731369,-0.07756132632493973,-0.06024063378572464,0.08272679895162582,-0.059050340205430984,0.30499181151390076,0.010316509753465652,0.0294190663844347,-0.2534431517124176,0.13438592851161957,0.05461779609322548,-0.10233987122774124,-0.022839101031422615,0.3533984124660492,-0.19175530970096588,0.11784180253744125,-0.12153074890375137,0.30777570605278015,-0.2835061252117157,0.226130872964859,-0.24569560587406158,-0.025179388001561165,0.09827890247106552,0.1306249499320984,-0.21737909317016602,0.4705641269683838,-0.397996187210083,0.10769183933734894,0.023169618099927902,0.22104282677173615,-0.05766399949789047,-0.16870681941509247,-0.07749369740486145,0.02930285781621933,0.19032679498195648,-0.2964929938316345,0.5250834822654724,-0.060251858085393906,-0.15790554881095886,-0.010761718265712261,0.23677723109722137,-0.365218847990036,0.1332607865333557,0.39198213815689087,-0.43245989084243774,0.16358399391174316,0.1663379818201065,-0.031381480395793915,0.07046067714691162,-6.0344314078975e-07,-0.03179828077554703,9.396420500706881e-05,-3.526586667135234e-08,2.723137413340737e-07,-1.4452288269239943e-05,0.0006143745849840343,2.639185905456543,-0.32567715644836426,0.00624376954510808,0.013091850094497204,0.005910138133913279,0.0401579774916172,-0.0006267396965995431,0.015027237124741077,0.03553685545921326
199,-0.0013352794339880347,-0.005990374833345413,-0.011955488473176956,-0.016718707978725433,-0.018554678186774254,-0.015040324069559574,-0.009079517796635628,-0.004485994577407837,0.0019390214001759887,0.009181448258459568,0.011699729599058628,0.00895020179450512,0.006072238087654114,-0.0011640022275969386,-0.00820036418735981,-0.01469850167632103,-0.01795775443315506,-0.016751477494835854,-0.023061376065015793,-0.02836182899773121,-0.03601137548685074,-0.048346295952796936,-0.0342644639313221,-0.03544874116778374,-0.0359371192753315,-0.0159425251185894,-0.007093917578458786,0.012405907735228539,0.041308000683784485,0.07054237276315689,0.12933865189552307,0.07126982510089874,0.012911885976791382,-0.025629831477999687,-0.05388959124684334,-0.09762643277645111,-0.14302827417850494,-0.14590801298618317,-0.13932614028453827,-0.09767694771289825,-0.0989091768860817,-0.10938068479299545,-0.11305128037929535,-0.10273203253746033,-0.19051215052604675,-0.11541424691677094,-0.08888015896081924,-0.04172059893608093,-0.016936449334025383,-0.0014630495570600033,-0.011821601539850235,-0.024744002148509026,-0.034137241542339325,-0.03682442009449005,-0.055314961820840836,-0.02893535979092121,-0.05176626518368721,-0.04115428775548935,-0.0522935725748539,-0.07246370613574982,-0.01995670050382614,-0.04335690289735794,-0.07312870770692825,-0.0028782321605831385,-0.040285591036081314,-0.0706670880317688,0.03493176028132439,-0.003670008620247245,-0.10452207922935486,0.03384949639439583,0.009181411936879158,-0.023270025849342346,-0.039970364421606064,-0.19080443680286407,-0.020330719649791718,-0.00876875314861536,0.0905844122171402,-0.027935409918427467,-0.011148292571306229,0.0005379052017815411,-0.030976109206676483,0.01741512306034565,-0.02233038656413555,0.020208638161420822,0.025162745267152786,-0.09169979393482208,0.04095073044300079,-0.06004386022686958,0.12148399651050568,-0.1477799415588379,0.031660065054893494,0.07045905292034149,0.16063377261161804,-0.0726175382733345,-0.08762255311012268,0.09385735541582108,-0.060797736048698425,0.10434898734092712,-0.07106872648000717,-0.06184084713459015,-0.03790352866053581,0.05419125035405159,0.024594586342573166,-0.0952097475528717,-0.028042126446962357,0.3656272292137146,-0.18553341925144196,0.15965691208839417,-0.13481196761131287,0.32028624415397644,-0.3562934398651123,0.22396500408649445,-0.32267534732818604,-0.042819879949092865,0.10970878601074219,0.09282482415437698,-0.17919200658798218,0.30175095796585083,-0.25491103529930115,0.11022031307220459,0.03244835510849953,0.1882539540529251,-0.0392136313021183,-0.21588028967380524,-0.10997697710990906,0.029745575040578842,0.18775878846645355,-0.4243302047252655,0.609732985496521,-0.08515726774930954,-0.2583231031894684,-0.03029400296509266,0.28634926676750183,-0.44787487387657166,0.19689418375492096,0.3835207521915436,-0.37639468908309937,0.10669206082820892,0.16133728623390198,-0.046991631388664246,0.07742857933044434,3.469960120128235e-06,0.028038956224918365,0.0018346705473959446,2.828611286531668e-06,5.260548732621828e-06,0.00018535378330852836,0.003470421303063631,2.1759142875671387,-0.28036734461784363,0.01013283059000969,0.011915016919374466,-0.0027660750783979893,0.03408896550536156,0.03346218913793564,0.0453932099044323,0.047327835112810135
200,0.001194356824271381,0.005019655451178551,0.0070352451875805855,0.003524858271703124,-0.0028420030139386654,-0.007206751499325037,-0.007946977391839027,-0.00861264392733574,-0.008128578774631023,-0.00893350224941969,-0.006732656620442867,-0.0058259316720068455,-0.007230707444250584,-0.011082427576184273,-0.012795759364962578,-0.015963109210133553,-0.017463231459259987,-0.014690876007080078,-0.0198102705180645,-0.02510288543999195,-0.03289290517568588,-0.04230517894029617,-0.03263546898961067,-0.03528531268239021,-0.037418484687805176,-0.021057365462183952,-0.029165146872401237,-0.01916668377816677,-0.02241307497024536,-0.025840289890766144,-0.05187978222966194,-0.04795072227716446,-0.03949715569615364,-0.028964323922991753,-0.008016162551939487,0.032574545592069626,0.10513949394226074,0.15443040430545807,0.20714546740055084,0.20106810331344604,0.27790722250938416,0.33305278420448303,0.3504857122898102,0.2485417127609253,0.34664836525917053,0.09046289324760437,0.006442999932914972,-0.03731000795960426,-0.05325942859053612,-0.04983096197247505,-0.07946370542049408,-0.05709860846400261,-0.04535442218184471,-0.03962663188576698,-0.05789412558078766,-0.028429515659809113,-0.051498375833034515,-0.031881723552942276,-0.04375512897968292,-0.05832882970571518,-0.0077959331683814526,-0.03740846365690231,-0.06458133459091187,0.01159628201276064,-0.020999828353524208,-0.05970026180148125,0.05898762121796608,-6.549130193889141e-05,-0.05047523230314255,0.04427548870444298,-0.0008266287040896714,-0.0033709597773849964,-0.016483314335346222,-0.07856742292642593,0.00017747296078596264,-0.0036474543157964945,-0.09396448731422424,-0.018907543271780014,0.03535253927111626,-0.16377365589141846,-0.22966733574867249,0.005517369136214256,-0.11959429830312729,-0.1889759600162506,-0.1725294440984726,0.10194957256317139,-0.06118656322360039,-0.015653613954782486,0.05133998394012451,-0.12146737426519394,0.03267043083906174,0.06604079902172089,0.14510315656661987,-0.10412686318159103,-0.0857781395316124,0.10435464978218079,-0.06798609346151352,0.31111010909080505,0.08288905769586563,0.03412916138768196,-0.24085916578769684,0.17475368082523346,0.0696568638086319,-0.14234872162342072,-0.01963135413825512,0.34764161705970764,-0.25428205728530884,0.12684820592403412,-0.1286228895187378,0.2883481979370117,-0.4642926752567291,0.20937101542949677,-0.19003237783908844,-0.07439278811216354,0.2379228174686432,0.07226922363042831,-0.2474050372838974,0.47308364510536194,-0.3617740869522095,0.08234914392232895,-0.011105699464678764,0.2610740065574646,-0.046591538935899734,-0.14407415688037872,-0.03061952069401741,0.05451304093003273,0.1851348578929901,-0.30402448773384094,0.47692030668258667,-0.08814757317304611,-0.11719679832458496,-0.08100418001413345,0.23455139994621277,-0.38634824752807617,0.16386856138706207,0.42801013588905334,-0.4987146258354187,0.2310168743133545,0.03393092006444931,0.045290179550647736,0.05541876703500748,-5.914401981499395e-07,0.035805389285087585,4.037460166728124e-05,5.225791937846225e-06,-5.881382207917341e-07,-2.7232365027884953e-05,-0.0004683468723669648,1.02532958984375,-0.24087485671043396,-0.16580919921398163,-0.011000688187777996,-0.027244217693805695,-0.24083580076694489,-0.16330645978450775,-0.2085534632205963,-0.2076592594385147
201,-0.0005841124802827835,-0.0029846965335309505,-0.004732789471745491,-0.004948421381413937,-0.0032754724379628897,0.0004997746436856687,0.0035389671102166176,0.004376254975795746,0.004333234392106533,0.0017145245801657438,-0.000825734343379736,-0.001862361910752952,-0.002195579931139946,1.7141712305601686e-05,0.009821898303925991,0.03598150238394737,0.06589654088020325,0.06540068984031677,0.0806150734424591,0.0631316602230072,0.04333457350730896,0.015546667389571667,-0.005732426419854164,-0.014762201346457005,-0.0184486024081707,-0.011899390257894993,-0.015260234475135803,-0.01176413893699646,-0.01229325495660305,-0.014997185207903385,-0.027454715222120285,-0.027938220649957657,-0.023545637726783752,-0.024775687605142593,-0.015509354881942272,0.02069351077079773,0.15957079827785492,0.33240076899528503,0.5241970419883728,0.4642694890499115,0.46039485931396484,0.33305901288986206,0.1897565871477127,0.044823359698057175,-0.03625558689236641,-0.05950179323554039,-0.05795758217573166,-0.04266046732664108,-0.041811347007751465,-0.0248784851282835,-0.030924541875720024,-0.011763063259422779,-0.006731982808560133,-0.0026962251868098974,-0.00719008594751358,-0.010089969262480736,-0.02433943748474121,-0.02222687192261219,-0.023839205503463745,-0.02825658582150936,-0.006626126356422901,0.004145240411162376,0.06660187244415283,0.04918801784515381,0.07228376716375351,0.14582087099552155,-0.015238565392792225,0.11133193224668503,0.06697346270084381,-0.01420640293508768,-0.021382369101047516,-0.0269937701523304,-0.0009230972500517964,0.07973121106624603,-0.0022951625287532806,0.072334423661232,-0.06295019388198853,-0.013364781625568867,-0.010404761880636215,0.12082649767398834,0.23058030009269714,0.1066841185092926,0.015846485272049904,-0.01579422689974308,-0.05689863860607147,0.33598148822784424,0.01389613002538681,0.15308669209480286,-0.17801673710346222,0.01165645569562912,-0.010614406317472458,0.016245590522885323,0.002624035347253084,0.08078911900520325,0.2761550545692444,0.014398770406842232,0.5519146919250488,-1.408387303352356,0.35492998361587524,0.07803136110305786,0.5829372406005859,-0.11490622907876968,-0.01667018048465252,-0.015510528348386288,-0.01966046541929245,0.2580915689468384,-0.17483094334602356,0.017554104328155518,-0.07172699272632599,0.044886264950037,-0.057209987193346024,0.05818319693207741,-0.09780151396989822,-0.003282232442870736,-0.10086309909820557,0.01793503575026989,0.3001895844936371,-4.129629611968994,3.1080708503723145,-0.5092943906784058,-0.1695406436920166,-1.093543529510498,-0.6713401675224304,1.265153169631958,-0.0675782635807991,-0.13244011998176575,0.12461264431476593,-0.5122067332267761,0.27585893869400024,-0.06122301518917084,0.03863852471113205,-0.16511036455631256,-0.3058311343193054,0.7639776468276978,0.05932117626070976,0.5170101523399353,-1.182269811630249,0.6237969994544983,-0.6327985525131226,0.07384270429611206,0.2268005758523941,-2.8102247640049427e-08,-0.003493210766464472,-5.666342985932715e-05,-4.499789270084875e-07,-1.6452479201234382e-07,-8.430833076999988e-06,-0.00017677969299256802,-1.1959543228149414,0.19399568438529968,0.029365569353103638,-0.003962356597185135,-0.005967067554593086,0.014130819588899612,0.014220206066966057,0.03119591623544693,0.02664373070001602
202,-0.0006570100667886436,-0.0030516607221215963,-0.007261599414050579,-0.007198096252977848,-0.009906558319926262,-0.008283326402306557,-0.004734738729894161,-0.0038902265951037407,-0.004464918281883001,-0.00504670524969697,-0.00401036674156785,-0.004012941848486662,-0.004636669065803289,-0.006913044955581427,-0.009316608309745789,-0.009837633930146694,-0.0077652898617088795,-0.001098091248422861,0.013907439075410366,0.04308824986219406,0.10559432953596115,0.23065219819545746,0.17573729157447815,0.17029646039009094,0.11041823029518127,0.030248403549194336,0.007549444679170847,-0.0077368272468447685,-0.01461550872772932,-0.017508339136838913,-0.034915048629045486,-0.03691001981496811,-0.03411487117409706,-0.03367277979850769,-0.035947248339653015,-0.05911894887685776,-0.07806158810853958,-0.06101253628730774,-0.04552819952368736,-0.03234893083572388,-0.03147823363542557,-0.020648149773478508,0.04260624200105667,0.22805620729923248,0.7907242774963379,0.8774994611740112,1.0965467691421509,0.848407506942749,0.740961492061615,0.2477932721376419,0.12221111357212067,0.007789191324263811,-0.02330203354358673,-0.03348216414451599,-0.04491668939590454,-0.03536027669906616,-0.040632396936416626,-0.025857342407107353,0.0006466269260272384,0.05892829969525337,0.1288609355688095,0.18084678053855896,0.42867809534072876,0.16833719611167908,0.16251249611377716,0.1122446209192276,-0.005241038743406534,0.011711182072758675,-0.02723190188407898,-0.03217124193906784,-0.026880575343966484,-0.028833577409386635,-0.039084542542696,-0.09015344083309174,-0.06856343150138855,-0.08035322278738022,0.0453050397336483,-0.20906108617782593,-0.2538811266422272,-0.03947407379746437,0.18693526089191437,0.07615040987730026,0.019350677728652954,-0.03303983807563782,-0.2615319788455963,0.2314821183681488,-0.16038937866687775,0.043329376727342606,-0.07192859053611755,-0.007571029476821423,-0.07838491350412369,-0.01947350800037384,-0.07009486109018326,-0.03097972646355629,-0.03297673910856247,0.02722962200641632,-0.12549826502799988,0.16298942267894745,-0.006239148322492838,-0.024384330958127975,-0.144163578748703,0.010177971795201302,0.0011677829315885901,0.26722338795661926,0.5008322596549988,-1.0607035160064697,1.7222222089767456,0.4371820390224457,0.8084291219711304,-0.38334110379219055,1.355090618133545,-0.21871495246887207,0.12284798175096512,-0.006900650914758444,-0.048020072281360626,-0.06707967817783356,-0.18870238959789276,0.16523310542106628,-0.1709151715040207,0.0032400437630712986,0.03850167989730835,-0.4951854646205902,0.26952192187309265,0.555580735206604,0.5387591123580933,0.6784224510192871,-0.2610319256782532,0.9373522996902466,-1.7691929340362549,1.123466968536377,0.9914543628692627,-2.322371244430542,-1.1275429725646973,1.100602626800537,-0.7801929116249084,-1.8934564590454102,1.331096887588501,-0.21636661887168884,0.045877210795879364,0.006162292789667845,0.0366559773683548,6.552510711799187e-08,-0.010292546823620796,-5.0577542424434796e-05,-6.59552313209133e-07,1.526809256802153e-07,-1.232183876709314e-05,-0.00015230280405376107,-7.305116653442383,0.27212610840797424,0.043515678495168686,-0.005888693500310183,0.017315834760665894,0.020560594275593758,0.03695901855826378,0.05410069599747658,0.03615294396877289
203,0.001208035391755402,0.004995177499949932,0.008095238357782364,0.007232618518173695,0.0064293439500033855,0.011052780784666538,0.019847355782985687,0.03188660740852356,0.03649446740746498,0.03367069736123085,0.016298435628414154,0.004270908422768116,-0.0013139804359525442,-0.0028869546949863434,0.0054763248190283775,0.02267080917954445,0.037305451929569244,0.03175920993089676,0.026647338643670082,0.009865577332675457,-0.012225980870425701,-0.03490937501192093,-0.03168372064828873,-0.03623437136411667,-0.04013077914714813,-0.02254307083785534,-0.03155529499053955,-0.021527836099267006,-0.025412805378437042,-0.0302756167948246,-0.05735590308904648,-0.05720512568950653,-0.05360015109181404,-0.05547166243195534,-0.06679407507181168,-0.10310918092727661,-0.14525118470191956,-0.14175236225128174,-0.12425903975963593,-0.07461848109960556,-0.06365205347537994,-0.058287475258111954,-0.05427176132798195,-0.048426661640405655,-0.0840914249420166,-0.05078714340925217,-0.03709462657570839,-0.014289113692939281,0.00036779820220544934,0.010521856136620045,0.013968323357403278,-0.0016541752265766263,-0.015443901531398296,-0.017684629186987877,-0.01921742968261242,-0.007365138735622168,0.00020353906438685954,-0.0002711951092351228,-0.0028863095212727785,-0.009554920718073845,-0.008997166529297829,-0.02340123988687992,-0.04545873403549194,-0.004684175830334425,-0.020774122327566147,-0.031669389456510544,0.021911393851041794,-0.0073072477243840694,-0.10279298573732376,0.020898083224892616,0.014882444404065609,-0.018663868308067322,-0.028029587119817734,-0.1365753412246704,-0.005414398852735758,0.00782092660665512,0.06695839762687683,-0.02907288633286953,-0.010040191002190113,0.017020339146256447,-0.02112564630806446,0.01743285357952118,-0.018274860456585884,0.011178570799529552,0.008377615362405777,-0.07774009555578232,0.030187422409653664,-0.04113336279988289,0.07228168100118637,-0.12356103211641312,0.01018812321126461,0.034674569964408875,0.11532711982727051,-0.06210695952177048,-0.05990741774439812,0.06006591022014618,-0.058192890137434006,0.15991440415382385,-0.029478808864951134,-0.0006270010489970446,-0.1855531930923462,0.09504672139883041,0.02592744678258896,-0.09313829243183136,-0.012384021654725075,0.2153475135564804,-0.1988907903432846,0.07271191477775574,-0.08699837327003479,0.31095150113105774,-0.2859479486942291,0.19809584319591522,-0.19891291856765747,0.00048258728929795325,0.09974897652864456,0.08880883455276489,-0.1810111254453659,0.46683037281036377,-0.41810208559036255,0.09021074324846268,0.03264281898736954,0.2553585469722748,-0.0046159191988408566,-0.18354740738868713,-0.0744074359536171,0.03260868042707443,0.18101806938648224,-0.4461728632450104,0.6164551973342896,-0.11086319386959076,-0.1325065940618515,0.0017252835677936673,0.21955633163452148,-0.34676802158355713,0.16075043380260468,0.4326271116733551,-0.4315165579319,0.24079173803329468,0.12813347578048706,-0.021257231011986732,0.05968368798494339,-1.0697109473767341e-06,0.003909658640623093,-9.297213546233252e-05,-1.5223520222207299e-07,-6.003671160215163e-07,1.97998288058443e-05,-0.00024263067462015897,1.8137444257736206,-0.20428764820098877,-0.035513270646333694,0.01799348182976246,-0.030466005206108093,0.029335839673876762,-0.045630328357219696,-0.05025031045079231,0.02571757882833481
204,-0.0004346229834482074,-0.0015936910640448332,-0.0034929371904581785,-0.004021978937089443,-0.0048285676166415215,-0.0041760788299143314,-0.0029829416889697313,-0.002441872376948595,-0.0027094909455627203,-0.0027177694719284773,-0.002281336346641183,-0.001690597040578723,-0.002512154169380665,-0.0032645680475980043,-0.0027168223168700933,0.0012339368695393205,0.012336496263742447,0.02555881068110466,0.04066888988018036,0.06879083067178726,0.09881135076284409,0.0975610762834549,0.03716528043150902,0.016337785869836807,-0.0021383878774940968,-0.006045964080840349,-0.008906736969947815,-0.006298423744738102,-0.008954537101089954,-0.00888863392174244,-0.014713135547935963,-0.005062621086835861,0.021484632045030594,0.07377924025058746,0.16441252827644348,0.41987475752830505,0.7163228988647461,0.7424662113189697,0.5677417516708374,0.2146379053592682,0.11417049914598465,0.015929624438285828,-0.02132319286465645,-0.037368375808000565,-0.06584925204515457,-0.05078161880373955,-0.04499947279691696,-0.028502756729722023,-0.02981206774711609,-0.022601699456572533,-0.033387623727321625,-0.01871475763618946,-0.018994271755218506,-0.013740919530391693,-0.022669140249490738,-0.010269658640027046,-0.016325999051332474,-0.01430644653737545,-0.020783549174666405,-0.02429727092385292,-0.003245247295126319,-0.013529692776501179,-0.02343079075217247,-0.006269623059779406,-0.006001544184982777,-0.020316557958722115,0.016659008339047432,-0.022578485310077667,-0.0390358529984951,0.0011140656424686313,-0.030070919543504715,-0.044572461396455765,-0.028756482526659966,-0.048466939479112625,-0.008478956297039986,-0.00865198578685522,-0.0026767693925648928,-0.002337559126317501,0.0018237181939184666,0.037279095500707626,0.18024885654449463,0.023468703031539917,0.0649213045835495,0.10051925480365753,0.025831077247858047,-0.04416180029511452,0.012138109654188156,-0.012236300855875015,0.04262204095721245,-0.019972054287791252,0.011691120453178883,-0.04283831641077995,-0.2653762698173523,0.045031048357486725,0.44078531861305237,-0.6643941402435303,0.6510250568389893,-2.1060094833374023,0.04332596808671951,0.24456137418746948,0.24379736185073853,-0.027684303000569344,-0.003034992842003703,-0.027373015880584717,-0.04617345333099365,0.09653587639331818,-0.1366310864686966,-0.02676994539797306,0.0008870774181559682,-0.6122055053710938,0.8349010944366455,-1.0742520093917847,2.034667491912842,-0.13427525758743286,-0.9235467910766602,0.33837607502937317,-0.16087593138217926,-0.9057703018188477,0.3960927724838257,0.01281863171607256,-0.0007765099289827049,0.06645242124795914,-0.03457740321755409,-0.06784150749444962,-0.1347961276769638,0.03937898203730583,0.07849980890750885,-0.0968032032251358,0.11276382952928543,-0.022143851965665817,-0.02314102090895176,-0.0012512893881648779,0.058795079588890076,0.009183531627058983,0.1659885197877884,-0.14350031316280365,-0.07142747938632965,0.2135295569896698,-0.916999876499176,-0.12712712585926056,0.2599800229072571,-2.1465925215125026e-07,0.012030466459691525,-7.79492620495148e-05,3.148352334392257e-07,-3.3422671208427346e-07,-9.001593753055204e-06,-0.00022358648129738867,-0.29282984137535095,0.14867562055587769,0.01624574512243271,-0.00334828719496727,0.008205068297684193,0.012424206361174583,7.772223762003705e-05,0.033393874764442444,0.019381416961550713
205,0.002560140797868371,0.00818137638270855,0.006124341860413551,0.0006086021894589067,-0.003208294976502657,-0.004466650076210499,-0.003946647047996521,-0.0030939308926463127,-0.0033061339054256678,-0.0035284149926155806,-0.0029593424405902624,-0.002661637496203184,-0.0025559316854923964,-0.0012638620100915432,0.007520278915762901,0.028917677700519562,0.05979792773723602,0.0657324492931366,0.0898011103272438,0.0678819790482521,0.04861131310462952,0.023362798616290092,-0.002629462629556656,-0.01307974848896265,-0.018391549587249756,-0.011737036518752575,-0.014697966165840626,-0.010548845864832401,-0.009795645251870155,-0.008841904811561108,-0.010518157854676247,-0.007585336919873953,-0.008598269894719124,-0.014666743576526642,-0.014694086275994778,0.0056028361432254314,0.10578175634145737,0.25306689739227295,0.4465005397796631,0.4842738211154938,0.4959298372268677,0.43668660521507263,0.25720301270484924,0.10401543974876404,0.010670430026948452,-0.04482194036245346,-0.05015288293361664,-0.043028756976127625,-0.038756031543016434,-0.022570328786969185,-0.029892198741436005,-0.014101198874413967,-0.013629374094307423,-0.008608470670878887,0.002427314408123493,0.02125689946115017,0.08382856845855713,0.06556858867406845,0.10412187874317169,0.08577173948287964,0.029689021408557892,0.029473954811692238,0.06288307905197144,0.00781024107709527,0.038085199892520905,0.10336299985647202,-0.07170219719409943,0.02876109629869461,0.009578491561114788,-0.001568344421684742,-0.02368512749671936,-0.025759341195225716,-0.004017055034637451,0.07518414407968521,0.025799650698900223,0.11421888321638107,-0.09917853027582169,0.12792012095451355,0.04731263592839241,-0.007402818184345961,-0.031525857746601105,0.01198023185133934,-0.028575919568538666,-0.011359690688550472,0.012059248983860016,0.15727582573890686,-0.08091238141059875,0.044118501245975494,-0.03848777338862419,-0.0032052488531917334,-0.003781386883929372,-0.0010190772591158748,0.011348034255206585,0.019713543355464935,0.14503759145736694,-0.18397197127342224,0.0426747128367424,-1.1661405563354492,0.16068708896636963,0.20461462438106537,0.8272162079811096,-0.32188543677330017,-0.02657635323703289,0.0072903744876384735,-0.05447172001004219,-0.22266805171966553,0.13639236986637115,-0.02046821266412735,0.008590965531766415,-0.03367193043231964,0.014927600510418415,0.008903720416128635,-0.043419502675533295,-0.007814457640051842,-0.043206870555877686,-0.0823381319642067,0.8201450109481812,-1.4952789545059204,2.265462636947632,-0.6800842881202698,-1.0317312479019165,-1.4578239917755127,0.21720007061958313,1.093188762664795,0.10197488963603973,-0.037428926676511765,-0.24227789044380188,0.10762037336826324,-0.02314147911965847,0.023568516597151756,-0.06828057020902634,0.12237238138914108,-0.2092181295156479,0.2607939541339874,-0.199209526181221,-0.22488601505756378,0.24409924447536469,-0.12802617251873016,-0.02252398058772087,0.002681781305000186,-0.23438683152198792,1.8764379206004378e-07,-0.006690036505460739,-0.00017132253560703248,-1.7227910120709566e-06,4.704268690147728e-07,-1.576576141815167e-05,-0.0004041575302835554,-1.8629786968231201,0.20705045759677887,0.030809994786977768,-0.0037782425060868263,-0.014415552839636803,0.01833995245397091,0.016275154426693916,0.042396239936351776,0.03562996909022331
206,0.00016102311201393604,0.0037342701107263565,0.013984744437038898,0.026837754994630814,0.03678670525550842,0.030434809625148773,0.01824893057346344,0.014708166010677814,0.014743072912096977,0.015644455328583717,0.011263799853622913,0.006157333962619305,0.0065480489283800125,0.009843244217336178,0.013316202908754349,0.013648667372763157,0.007643391843885183,0.0011290466645732522,0.0009016779949888587,0.008154028095304966,0.023954404518008232,0.052204109728336334,0.051024459302425385,0.0525381825864315,0.03209158778190613,0.003578488016501069,-0.00906423106789589,-0.009814180433750153,-0.0057960739359259605,0.005059827584773302,0.02777976356446743,0.02524494379758835,0.007512720301747322,-0.011261194944381714,-0.027201520279049873,-0.04411188140511513,-0.04754571616649628,-0.023458115756511688,-0.00024714440223760903,0.006388580892235041,0.0005090797785669565,-0.013917445205152035,-0.030445607379078865,-0.03198466822504997,-0.01298771146684885,0.05735978111624718,0.15487976372241974,0.15793122351169586,0.15054738521575928,0.10166056454181671,0.13263128697872162,0.08840858191251755,0.06887127459049225,0.06914744526147842,0.0948309525847435,0.03886769711971283,0.0829165056347847,0.029863324016332626,0.0439339317381382,0.05291746184229851,-0.013434156775474548,0.005500032566487789,0.024190425872802734,-0.024010322988033295,0.007883480750024319,0.04222422093153,-0.030278390273451805,-0.009019202552735806,-0.024350982159376144,-0.01970544271171093,-0.01757080852985382,-0.017684847116470337,-0.0034016240388154984,0.0703316479921341,0.004196002148091793,-0.06222259998321533,-0.13686460256576538,0.0009019242133945227,0.04979563504457474,-0.10023854672908783,-0.08884458988904953,0.023661890998482704,-0.07678160816431046,-0.23819296061992645,-0.18135662376880646,0.09978948533535004,-0.09267456084489822,0.019232405349612236,-0.2181214541196823,0.03355865180492401,-0.13930286467075348,-0.10927635431289673,-0.27428409457206726,-0.010838580317795277,0.07529395073652267,-0.12990343570709229,0.06682492792606354,-0.3236435651779175,-0.17274577915668488,-0.029873056337237358,-0.1007600799202919,0.103319451212883,0.03395431861281395,-0.08343873918056488,0.005090405698865652,0.352043092250824,-0.19950492680072784,0.11937415599822998,-0.05190851911902428,0.4000954031944275,-0.3997460901737213,0.17161253094673157,-0.270166277885437,0.04340464621782303,0.29580679535865784,0.1050271987915039,-0.14459025859832764,0.5104553699493408,-0.42804282903671265,0.10167481750249863,0.013292430900037289,0.15938648581504822,0.05601758509874344,-0.22335124015808105,-0.034965094178915024,0.008837604895234108,0.13576720654964447,-0.4001518189907074,0.4923539161682129,-0.11202649772167206,-0.06130950525403023,-0.08388182520866394,0.18188956379890442,-0.4381222724914551,0.2177768051624298,0.4444504380226135,-0.31675073504447937,0.22132182121276855,0.034027326852083206,0.12669624388217926,0.03578891605138779,-6.777044063710491e-07,-0.04827675223350525,-0.0004003420763183385,-2.5345382255181903e-06,-7.763487133161107e-07,-2.7966420020675287e-05,-0.0004875616286881268,0.09849192202091217,-0.0517362579703331,-0.1313284933567047,-0.00911397859454155,-0.022417770698666573,-0.17032334208488464,-0.1441892385482788,-0.10804039984941483,-0.16517844796180725
207,-0.0004831411351915449,-0.001452509663067758,-0.00396718131378293,-0.004898163955658674,-0.005406853277236223,-0.0045304554514586926,-0.0030581625178456306,-0.0026214069221168756,-0.002584655536338687,-0.002548651536926627,-0.002484587486833334,-0.002033727476373315,-0.002249211072921753,-0.0018874492961913347,0.0021844254806637764,0.014285405166447163,0.03272859379649162,0.04270432889461517,0.0599217414855957,0.0597875714302063,0.06837186217308044,0.05385533347725868,0.016348980367183685,0.0008597457781434059,-0.0077911801636219025,-0.006429183296859264,-0.009433219209313393,-0.005774273537099361,-0.008167502470314503,-0.004381378181278706,0.012553739361464977,0.06663543730974197,0.13675549626350403,0.2450232356786728,0.29201123118400574,0.4984099566936493,0.6462526321411133,0.5022636651992798,0.28561004996299744,0.09712041914463043,0.028554536402225494,-0.011029387824237347,-0.02781972847878933,-0.03946426883339882,-0.06731873005628586,-0.053706396371126175,-0.042725998908281326,-0.03296897932887077,-0.03206150233745575,-0.02081773243844509,-0.03193363919854164,-0.021616268903017044,-0.019036993384361267,-0.013505572453141212,-0.019051354378461838,-0.01352266687899828,-0.02005547098815441,-0.014952612109482288,-0.017974233254790306,-0.021547317504882812,-0.010620523244142532,-0.014133742079138756,-0.027918847277760506,-0.0027839005924761295,-0.004893937148153782,-0.016438735648989677,0.015636857599020004,-0.014907555654644966,-0.04700110852718353,-0.029308157041668892,-0.044555019587278366,-0.04918725788593292,-0.020030394196510315,-0.014408883638679981,0.015969838947057724,0.028999902307987213,0.020801542326807976,0.007718627341091633,-0.007669951766729355,0.05222814530134201,0.21136915683746338,0.00821507629007101,0.12488812208175659,0.05028660222887993,0.07538247108459473,-0.07224210351705551,0.02531113475561142,-0.0301110427826643,-0.016240162774920464,-0.0376429557800293,-0.11573745310306549,-0.31161028146743774,-1.684640884399414,0.8926185965538025,0.46071040630340576,-0.7825958132743835,0.44312700629234314,-0.5215505361557007,-0.12101489305496216,0.04624854773283005,-0.013056440278887749,0.01973896659910679,-0.053579721599817276,-0.03398851677775383,-0.002179971430450678,-0.20199815928936005,0.22103284299373627,0.2593395411968231,1.3227875232696533,-2.017535924911499,3.584688425064087,0.12754835188388824,2.8485968112945557,0.4607998728752136,-0.651239812374115,-0.29484814405441284,-0.020749902352690697,-0.07986059039831161,-0.0846189484000206,-0.06200255826115608,-0.0657358467578888,0.07630448788404465,-0.015626132488250732,-0.04091200977563858,0.03834936395287514,-0.08889172226190567,-0.11869122833013535,0.019331468269228935,-0.04878782853484154,-0.04549301788210869,-0.015548650175333023,-0.0033852034248411655,-0.01588653028011322,0.02401011250913143,0.050879377871751785,0.14269518852233887,-0.4277154207229614,1.3803958892822266,-1.606237530708313,0.4912886619567871,-0.6303560733795166,1.072628492693184e-07,0.015718743205070496,5.3390154789667577e-05,1.4571312476618914e-06,-2.2143832723031665e-07,1.034745764627587e-06,2.1247571567073464e-05,-5.568285942077637,0.15473392605781555,0.010811318643391132,-0.003521678503602743,0.007316386792808771,0.011090749874711037,-0.0030983416363596916,0.009027701802551746,-0.014802205376327038
208,-0.001031476422213018,-0.0024471671786159277,0.0002807454438880086,0.01070022489875555,0.029532501474022865,0.04350835829973221,0.04410019889473915,0.04430379346013069,0.03416793793439865,0.021335896104574203,0.005319164600223303,-0.002075575292110443,-0.006195628084242344,-0.00883564818650484,-0.006680677179247141,0.0001102691312553361,0.010237498208880424,0.014610890299081802,0.021216072142124176,0.022549854591488838,0.01741877757012844,0.006437834817916155,-0.009532654657959938,-0.023031609132885933,-0.0341775082051754,-0.02140166237950325,-0.031016238033771515,-0.021340345963835716,-0.025093620643019676,-0.029857570305466652,-0.056447967886924744,-0.055888980627059937,-0.052561987191438675,-0.05473557487130165,-0.06627499312162399,-0.10325875878334045,-0.14801740646362305,-0.14994168281555176,-0.14087679982185364,-0.09539077430963516,-0.09222950786352158,-0.0895097628235817,-0.07815352827310562,-0.058209918439388275,-0.08573441952466965,-0.04704494774341583,-0.03397636115550995,-0.014397123828530312,-0.0011013434268534184,0.012962817214429379,0.03543270751833916,0.034064412117004395,0.01956697553396225,0.017783433198928833,0.011489308439195156,-0.0068613942712545395,-0.02527567744255066,-0.02872614935040474,-0.040651366114616394,-0.05672578513622284,-0.017113031819462776,-0.027457743883132935,-0.038442108780145645,-0.00822364166378975,-0.01910005509853363,-0.028809187933802605,0.017747918143868446,-0.008910074830055237,-0.09152264147996902,0.016014698892831802,0.014500144869089127,-0.01376270316541195,-0.033090002834796906,-0.16121776401996613,-0.014447412453591824,0.001167968730442226,0.067921943962574,-0.03240776062011719,-0.009896313771605492,0.012770554982125759,-0.02557770349085331,0.01982659474015236,-0.016515091061592102,0.01990203931927681,0.019327806308865547,-0.09267428517341614,0.03793151676654816,-0.0479159839451313,0.09158118069171906,-0.12150672823190689,0.0018324160482734442,0.019807646051049232,0.07107329368591309,-0.06794048845767975,-0.046019621193408966,0.05144614353775978,-0.061167020350694656,0.19777312874794006,-0.013407280668616295,0.008898054249584675,-0.19287432730197906,0.09323990345001221,0.024769926443696022,-0.09776832163333893,-0.017200494185090065,0.2245096117258072,-0.20353765785694122,0.06093832105398178,-0.09615200757980347,0.30408716201782227,-0.274820476770401,0.2215925008058548,-0.20521560311317444,-0.008422033861279488,0.10283612459897995,0.08907096832990646,-0.1900724172592163,0.47134727239608765,-0.42508235573768616,0.09672775864601135,0.039953432977199554,0.2400149255990982,-0.010569722391664982,-0.21755820512771606,-0.11347901821136475,0.05559529364109039,0.16555064916610718,-0.4868912398815155,0.6207422018051147,-0.11483287811279297,-0.13681578636169434,0.014424022287130356,0.22321277856826782,-0.3354562222957611,0.14660422503948212,0.33385008573532104,-0.41244733333587646,0.20554086565971375,0.1543755978345871,-0.05192694440484047,0.053901463747024536,-1.0324856702936813e-06,0.0017294022254645824,-0.00020778946054633707,-4.643729596409685e-07,-8.353412681572081e-07,-1.676206557021942e-05,-0.00038454902824014425,1.8682975769042969,-0.2026693969964981,-0.026533402502536774,0.01698204129934311,-0.022874202579259872,0.045541148632764816,-0.03462272509932518,-0.005366623401641846,0.026673033833503723
209,-0.0012674304889515042,-0.0057805911637842655,-0.012236708775162697,-0.01666361838579178,-0.018804360181093216,-0.015549362637102604,-0.010984157212078571,-0.009916353970766068,-0.008633848279714584,-0.009423923678696156,-0.007629740983247757,-0.0064992825500667095,-0.008412357419729233,-0.011598441749811172,-0.013828863389790058,-0.01584547385573387,-0.014698192477226257,-0.009347448125481606,-0.00630214624106884,-0.00034579256316646934,0.0008556856773793697,-0.004012366756796837,-0.012400228530168533,-0.023977117612957954,-0.0341336727142334,-0.02111201547086239,-0.03015531785786152,-0.02028655633330345,-0.021816814318299294,-0.020909592509269714,-0.028233986347913742,-0.020291907712817192,-0.018459349870681763,-0.02532525546848774,-0.03745578974485397,-0.0580986887216568,-0.06320297718048096,-0.038075581192970276,-0.0255302544683218,-0.031729940325021744,-0.054177261888980865,-0.08470014482736588,-0.10423659533262253,-0.10198405385017395,-0.1994047462940216,-0.13204409182071686,-0.1168176680803299,-0.085529625415802,-0.07863019406795502,-0.060824282467365265,-0.08766034245491028,-0.058914367109537125,-0.04832446575164795,-0.03755616769194603,-0.04426504671573639,-0.01944063976407051,-0.03219737485051155,-0.029089294373989105,-0.04343235492706299,-0.07246190309524536,-0.026963453739881516,-0.04766683652997017,-0.07532261312007904,0.0003932360850740224,-0.030904928222298622,-0.06462996453046799,0.04381128400564194,-0.008209090679883957,-0.09224681556224823,0.028093677014112473,0.004701551981270313,-0.022618822753429413,-0.05258551612496376,-0.19426505267620087,-0.03389479219913483,-0.01751049980521202,0.08029915392398834,-0.02274318039417267,-0.0035895330365747213,0.0036905526649206877,-0.028937021270394325,0.03276153281331062,-0.014530587010085583,0.018381699919700623,0.0292041078209877,-0.10133755952119827,0.034397028386592865,-0.06110968440771103,0.14125439524650574,-0.127772256731987,0.03759027272462845,0.04922252893447876,0.1375570446252823,-0.07377134263515472,-0.07952253520488739,0.10190266370773315,-0.05593892186880112,0.29071399569511414,0.0077805230394005775,0.030236728489398956,-0.26137712597846985,0.13926860690116882,0.062399737536907196,-0.10815230011940002,-0.03210335969924927,0.36894491314888,-0.19601960480213165,0.1376648098230362,-0.15166175365447998,0.32982051372528076,-0.32266563177108765,0.21969038248062134,-0.24184277653694153,0.006172793451696634,0.0831357017159462,0.11330049484968185,-0.1790679544210434,0.3688236176967621,-0.3681359887123108,0.09657668322324753,0.010698962025344372,0.2913367748260498,-0.03037080354988575,-0.1969202309846878,-0.1112091913819313,0.0645560696721077,0.22643810510635376,-0.3200613558292389,0.5484525561332703,-0.04118946194648743,-0.1270630657672882,0.03865472599864006,0.22818797826766968,-0.321088045835495,0.13023290038108826,0.4258972108364105,-0.4393657445907593,0.20267944037914276,0.13791921734809875,-0.028497278690338135,0.07839039713144302,2.7690891784004634e-06,0.00422964571043849,0.0011446396820247173,1.3960063824924873e-06,5.018456704419805e-06,8.954881195677444e-05,0.0017765535740181804,2.587517499923706,-0.48311731219291687,-0.05052553862333298,0.018623577430844307,0.027931567281484604,0.010311211459338665,-0.01440081000328064,-0.03601984679698944,-0.038496725261211395
210,-4.148079824517481e-05,0.0003526527143549174,0.0013196077197790146,0.002110173925757408,0.00181155139580369,0.0002442392287775874,-0.0009563273633830249,-0.0015682927332818508,-0.0021739930380135775,-0.0024769678711891174,-0.0020394467283040285,-0.0014594016829505563,-0.0015824624570086598,-1.4241790267988108e-05,0.006726664956659079,0.024074556306004524,0.04839615151286125,0.045679934322834015,0.055415716022253036,0.054533105343580246,0.04206981509923935,0.020489171147346497,0.00042006358853541315,-0.007772018667310476,-0.010688571259379387,-0.006874615792185068,-0.00842666532844305,-0.005851326044648886,-0.0076035140082240105,-0.008042502216994762,-0.014144103974103928,-0.0075060585513710976,0.011939718388020992,0.05668758600950241,0.13787491619586945,0.3587366044521332,0.6629365682601929,0.6742501258850098,0.5134000778198242,0.21900507807731628,0.10951341688632965,0.01665513962507248,-0.018561098724603653,-0.029698006808757782,-0.04888567328453064,-0.03267957270145416,-0.026339534670114517,-0.01796073094010353,-0.018764657899737358,-0.01775151491165161,-0.026646243408322334,-0.017436273396015167,-0.017885712906718254,-0.01485256664454937,-0.021052492782473564,-0.011256176047027111,-0.014179844409227371,-0.005424945615231991,0.0012664988171309233,0.018276149407029152,0.01138758473098278,0.021162424236536026,0.01872609369456768,0.000859027961269021,-0.006020345725119114,-0.021143946796655655,0.007392605766654015,-0.025612423196434975,-0.028407447040081024,-0.004758219234645367,-0.030910426750779152,-0.02173166535794735,0.008025066927075386,0.07468517124652863,0.03481408581137657,0.009248456917703152,-0.04670119658112526,0.06709663569927216,-0.007705147843807936,0.03569862246513367,0.15851838886737823,0.06278200447559357,0.03286523371934891,0.043229348957538605,0.008290784433484077,-0.038256630301475525,0.0037520749028772116,-0.020312950015068054,0.02873081900179386,-0.01583290845155716,-0.055275507271289825,-0.20162774622440338,-0.9506675601005554,0.06246228516101837,0.2208283394575119,-0.8757792115211487,0.5874251127243042,-0.8702932000160217,-0.0141132902354002,-0.0004389721725601703,-0.054762113839387894,0.023206140846014023,-0.008744774386286736,-0.030183203518390656,-0.016126113012433052,0.05827517434954643,-0.11916176974773407,-0.025855468586087227,-0.022540606558322906,-0.1356326937675476,0.5645899772644043,-0.6724827289581299,1.8046133518218994,-1.391324520111084,-0.5934602618217468,0.3617907464504242,0.8969908356666565,-0.5557649731636047,0.5848793983459473,0.10387583076953888,0.021985206753015518,0.024517495185136795,-0.018831877037882805,-0.20990905165672302,-0.21999700367450714,0.05000854656100273,0.035618893802165985,-0.14163194596767426,0.0734909400343895,-0.023753348737955093,0.05446566268801689,0.05519659072160721,0.22155441343784332,0.21040703356266022,0.055467963218688965,-0.5541952848434448,-0.2009851187467575,0.516180157661438,-1.1179916858673096,-0.031237134709954262,-0.11252091825008392,-1.5893253646481753e-07,-0.0036699266638606787,-9.438918641535565e-05,2.578400959407645e-08,-2.499433549019159e-07,-9.175414561468642e-06,-0.0001813638227758929,-0.19915884733200073,0.14225776493549347,0.018262498080730438,-0.0028342411387711763,-0.006976352073252201,0.010349213145673275,0.0010433500865474343,0.02989659272134304,0.022325484082102776
211,-0.0010008482495322824,-0.005595342256128788,-0.010262305848300457,-0.011954416520893574,-0.014680440537631512,-0.012978999875485897,-0.009324180893599987,-0.007913974113762379,-0.007320505566895008,-0.008480246178805828,-0.006293169222772121,-0.0057778507471084595,-0.007528028450906277,-0.01103362999856472,-0.013554392382502556,-0.016863007098436356,-0.018219826743006706,-0.01730106584727764,-0.024668529629707336,-0.027357637882232666,-0.03588049113750458,-0.047135189175605774,-0.033015619963407516,-0.03526032716035843,-0.037844933569431305,-0.02190227061510086,-0.0297477375715971,-0.021137362346053123,-0.02255677804350853,-0.02045609802007675,-0.019940711557865143,0.000554209400434047,0.01125876884907484,0.0078017860651016235,-0.009624394588172436,-0.0479515865445137,-0.1024700254201889,-0.11328842490911484,-0.11842188239097595,-0.08610565215349197,-0.09322426468133926,-0.10620223730802536,-0.10743195563554764,-0.1080053448677063,-0.1913231462240219,-0.12280002236366272,-0.11079443246126175,-0.08201245218515396,-0.07246194779872894,-0.03889264538884163,-0.03069731406867504,0.003721166867762804,0.01870577409863472,0.01906043477356434,0.005800287704914808,-0.011741195805370808,-0.03303704038262367,-0.023049306124448776,-0.010774875991046429,0.031617939472198486,0.03073386289179325,0.06999523192644119,0.10804745554924011,-0.012912143021821976,0.009566398337483406,0.00244741328060627,-0.007958033122122288,-0.011684545315802097,0.02055887132883072,-0.013459174893796444,-0.023250296711921692,0.03230668604373932,0.02751707285642624,0.06471884995698929,0.009315665811300278,-0.006055337376892567,-0.013295304961502552,-0.005197969730943441,-0.02646087296307087,0.012349128723144531,-0.010481181554496288,-0.037867456674575806,-0.030198225751519203,0.0027559136506170034,0.0025798522401601076,-0.07933712750673294,0.04209773615002632,-0.05061037093400955,0.17653276026248932,-0.18993441760540009,0.02027447149157524,0.05070031061768532,0.1688920110464096,-0.07784055918455124,-0.06461037695407867,0.08704148232936859,-0.067360058426857,0.29687535762786865,-0.013864947482943535,0.01393407303839922,-0.19809632003307343,0.061509210616350174,-0.012540140189230442,-0.06490261852741241,-0.01013156771659851,0.1171746775507927,-0.20660485327243805,0.003721709130331874,-0.09957865625619888,0.14645950496196747,-0.09687548875808716,0.19460150599479675,-0.11886878311634064,-0.016920844092965126,-0.0004583564877975732,0.043590981513261795,-0.1296434998512268,0.14011849462985992,-0.26452305912971497,0.08777708560228348,0.04392329230904579,0.16929784417152405,-0.04695955291390419,0.008014481514692307,0.041895411908626556,-0.05987381562590599,0.1503632813692093,-0.14304572343826294,0.3814491927623749,-0.0976470410823822,-0.030328981578350067,0.03077303059399128,0.09723737090826035,0.0844482034444809,0.07735754549503326,-0.0001691592624410987,-0.18768846988677979,0.018870150670409203,0.1478503793478012,-0.04493135213851929,0.05568438023328781,2.159127632239688e-08,-0.008734984323382378,-0.00018673893646337092,-1.1412804497012985e-06,2.1788994786220428e-07,-1.7471789760747924e-05,-0.0003267332212999463,0.11296331137418747,0.040437012910842896,0.02480539120733738,-0.0008635864942334592,0.06243359297513962,0.03753242641687393,0.016296077519655228,-0.019641470164060593,0.04947633668780327
212,-0.0007582001271657646,-0.004549110308289528,-0.008780357427895069,-0.00978411640971899,-0.012059604749083519,-0.010528579354286194,-0.0073576695285737514,-0.005667064804583788,-0.006216398905962706,-0.006374727468937635,-0.005453838501125574,-0.004361123312264681,-0.00634395144879818,-0.008203264325857162,-0.007823321968317032,-0.005007533822208643,0.003848046064376831,0.011466297321021557,0.02117919735610485,0.028749724850058556,0.022632388398051262,0.004129614215344191,-0.011883024126291275,-0.024592524394392967,-0.029956333339214325,-0.01833750121295452,-0.02537413127720356,-0.019315874204039574,-0.02224615216255188,-0.027164330706000328,-0.04979503154754639,-0.044664230197668076,-0.03995951637625694,-0.03925836831331253,-0.050704535096883774,-0.07023933529853821,-0.10607268661260605,-0.09590794146060944,-0.09555591642856598,-0.0655086413025856,-0.07302716374397278,-0.0745357796549797,-0.09083684533834457,-0.09573601931333542,-0.14993543922901154,-0.10034153610467911,-0.09996742010116577,-0.06868236511945724,-0.0727946013212204,-0.04952727258205414,-0.07338203489780426,-0.046124570071697235,-0.041185904294252396,-0.023281781002879143,0.00754467723891139,0.04394770413637161,0.14218483865261078,0.1649945229291916,0.15585781633853912,0.20627029240131378,0.08267738670110703,0.0865701287984848,0.1656128317117691,0.04770735651254654,0.01803439110517502,0.010943729430437088,0.0014231533277779818,0.010862779803574085,0.08235161006450653,-0.06550097465515137,0.05035151168704033,0.10533975064754486,0.10543805360794067,0.38350263237953186,0.034060075879096985,0.03510652109980583,-0.01945333182811737,-0.011828314512968063,-0.0039436290971934795,0.11824644356966019,0.33214160799980164,0.00922634918242693,0.0820956751704216,0.3605131208896637,0.29777780175209045,-0.2769729793071747,0.06075291335582733,-0.024402251467108727,0.20993691682815552,-0.05839134007692337,0.06625039875507355,0.09326954931020737,0.18811848759651184,-0.024408068507909775,-0.07001258432865143,0.09083031862974167,-0.010478195734322071,0.28474074602127075,-0.03526470437645912,0.017173541709780693,-0.15217116475105286,0.12207125127315521,0.016532879322767258,-0.03717534989118576,-0.022258948534727097,0.3113258481025696,-0.22750279307365417,-0.03293745219707489,-0.010263407602906227,0.12836462259292603,-0.05066162347793579,-0.024746177718043327,0.016760876402258873,-0.11420959234237671,-0.10084366798400879,-0.399032860994339,0.1845187544822693,-0.9413353800773621,0.3448968827724457,0.02465107850730419,-0.11913342028856277,-0.014365016482770443,-0.05299443006515503,-0.128477543592453,-0.04444212093949318,0.13944661617279053,0.09103725850582123,0.2705785930156708,-0.4082840383052826,0.03239404037594795,-0.3379042446613312,-0.516055166721344,-0.49799638986587524,0.049686186015605927,-0.02703741565346718,0.12009773403406143,-0.6284750699996948,-0.47316548228263855,0.4709835648536682,-0.12706021964550018,-0.20291371643543243,-2.603902657938306e-07,0.04011854529380798,8.096311648841947e-05,1.3883613974030595e-06,-1.6592592544384388e-07,1.3205602954258211e-05,0.00011026948050130159,0.26874426007270813,0.20489437878131866,0.05683824047446251,-0.004774237051606178,0.01900397799909115,0.02931210957467556,0.045241788029670715,0.09673823416233063,0.04911097139120102
213,-0.0012444723397493362,-0.005884224083274603,-0.012751597911119461,-0.016888372600078583,-0.019105715677142143,-0.015606366097927094,-0.011085085570812225,-0.010032948106527328,-0.008720158599317074,-0.009546923451125622,-0.00769181689247489,-0.006637697108089924,-0.008608410134911537,-0.011963026598095894,-0.01456315629184246,-0.01786571368575096,-0.019540783017873764,-0.01826275698840618,-0.02521970309317112,-0.029787974432110786,-0.03827401250600815,-0.05044074356555939,-0.035334665328264236,-0.03759485110640526,-0.04056738317012787,-0.02269485592842102,-0.03159065544605255,-0.021643998101353645,-0.02554415538907051,-0.028508558869361877,-0.050666626542806625,-0.039686646312475204,-0.02099221758544445,-0.0012622283538803458,0.014293983578681946,0.02905973233282566,0.014083236455917358,-0.030207019299268723,-0.06970928609371185,-0.06356409192085266,-0.05847093462944031,-0.046866852790117264,-0.034401703625917435,-0.036433495581150055,-0.09895167499780655,-0.09316853433847427,-0.09968972951173782,-0.08177962899208069,-0.0797177106142044,-0.06163545697927475,-0.09009842574596405,-0.06173073127865791,-0.05273645371198654,-0.04362516105175018,-0.06141144782304764,-0.02943967655301094,-0.05512101948261261,-0.043754927814006805,-0.05650382116436958,-0.08325360715389252,-0.028481831774115562,-0.04454450309276581,-0.07271081209182739,0.005782045423984528,-0.025167010724544525,-0.058511145412921906,0.052556950598955154,-0.006465396843850613,-0.09725233167409897,0.021848490461707115,0.0031760684214532375,-0.018192317336797714,-0.02650507539510727,-0.11221551150083542,-0.011592770926654339,-0.011189467273652554,0.06573739647865295,-0.021528836339712143,-0.0016705566085875034,0.021801471710205078,-0.011919533833861351,0.04108442738652229,-0.016524970531463623,0.00816033873707056,0.008903915993869305,-0.08588794618844986,0.0334477499127388,-0.06369942426681519,0.1440284252166748,-0.1376996785402298,0.043174855411052704,0.05963978171348572,0.17069706320762634,-0.08520884066820145,-0.10170525312423706,0.11740361154079437,-0.04694076254963875,0.34891068935394287,0.018620671704411507,0.04152655228972435,-0.27546462416648865,0.15980654954910278,0.06352254003286362,-0.11067456752061844,-0.030089780688285828,0.38290560245513916,-0.1865871399641037,0.11683742702007294,-0.11237610131502151,0.2775493264198303,-0.18980948626995087,0.24996738135814667,-0.18038025498390198,0.009803004562854767,0.07932199537754059,0.14206378161907196,-0.18927040696144104,0.3784544765949249,-0.34396588802337646,0.10318765044212341,0.024926358833909035,0.2635650038719177,-0.04964763671159744,-0.16118869185447693,-0.08857282996177673,0.05732383579015732,0.23337234556674957,-0.3129451274871826,0.5820651650428772,-0.043662652373313904,-0.146815225481987,0.03219479322433472,0.22888176143169403,-0.32991155982017517,0.10482773184776306,0.46663132309913635,-0.4504571557044983,0.1976129114627838,0.1644110530614853,-0.03720543161034584,0.08371557295322418,-6.999156880738155e-07,0.020956875756382942,-1.0459738405188546e-05,3.1776232845004415e-06,-1.9044459804717917e-06,-1.754199547576718e-05,-0.0001811909896787256,2.751232385635376,-0.38764187693595886,-0.04583786427974701,0.004690134897828102,0.07660723477602005,-0.04328528419137001,-0.013535684905946255,-0.051947444677352905,-0.0370008610188961
214,-0.0010255036177113652,-0.00552337383851409,-0.01206875778734684,-0.015878984704613686,-0.018140899017453194,-0.01526412833482027,-0.010851451195776463,-0.009786395356059074,-0.008802223950624466,-0.009544940665364265,-0.007661736104637384,-0.0065605067647993565,-0.008461344987154007,-0.01163541804999113,-0.013758664019405842,-0.014768995344638824,-0.010442226193845272,-0.0010477231116965413,0.011610804125666618,0.028869856148958206,0.03950394317507744,0.041684605181217194,0.0098591148853302,-0.011018611490726471,-0.028846245259046555,-0.020401228219270706,-0.030498823150992393,-0.02099633403122425,-0.024897608906030655,-0.029176287353038788,-0.05766099691390991,-0.05694545432925224,-0.05310261249542236,-0.05656926706433296,-0.06581613421440125,-0.09816157072782516,-0.12262562662363052,-0.08964813500642776,-0.03750251606106758,0.0012594176223501563,0.014934752136468887,-0.0032796200830489397,-0.03907454386353493,-0.07031643390655518,-0.17233270406723022,-0.12044364213943481,-0.10414902865886688,-0.061443060636520386,-0.03557044267654419,-0.007698678877204657,-0.0011946832528337836,-0.008607565425336361,-0.02326209284365177,-0.03053535521030426,-0.05267015099525452,-0.0269323717802763,-0.044296085834503174,-0.026915639638900757,-0.02105930633842945,-0.011073312722146511,-0.007197869010269642,-0.015348992310464382,-0.04319920390844345,0.0012108677765354514,-0.03069508634507656,-0.05894115939736366,0.04617786034941673,-0.007600286044180393,-0.09496679157018661,0.03442566841840744,0.0017413089517503977,-0.03042655624449253,-0.04725194722414017,-0.20680482685565948,-0.03775494918227196,-0.02283569425344467,0.06996108591556549,-0.02504938468337059,-0.014937086030840874,-0.06377216428518295,-0.09025982767343521,0.014245892874896526,-0.045159630477428436,-0.007671781349927187,0.014379661530256271,-0.08550241589546204,0.03778620436787605,-0.0511714406311512,0.12150925397872925,-0.13152764737606049,0.019910462200641632,0.053386420011520386,0.1393100768327713,-0.09480255842208862,-0.08794314414262772,0.11148162186145782,-0.061025023460388184,0.2680855989456177,-0.024475544691085815,-0.0020608853083103895,-0.15279343724250793,0.09846731275320053,0.04095674306154251,-0.10169381648302078,-0.004615391604602337,0.35588327050209045,-0.22812935709953308,0.13576039671897888,-0.1336134374141693,0.29306772351264954,-0.3565264344215393,0.2248534858226776,-0.24593287706375122,-0.05006767436861992,0.08257122337818146,0.09840160608291626,-0.18371491134166718,0.40758469700813293,-0.31034550070762634,0.10639041662216187,0.05260232463479042,0.11532638221979141,-0.08021275699138641,-0.15913282334804535,-0.10586892068386078,0.018894784152507782,0.21262657642364502,-0.29977652430534363,0.48525241017341614,-0.07106312364339828,-0.047509219497442245,0.007018229458481073,0.21084989607334137,-0.3351334035396576,0.13144643604755402,0.4243726432323456,-0.4619683623313904,0.1782885193824768,0.12903282046318054,-0.05536767840385437,0.07059204578399658,5.136537311045686e-06,-0.010136432014405727,0.0012873494997620583,5.7169607714513404e-08,2.3214761313283816e-06,0.0001717158011160791,0.0013188093435019255,2.6822710037231445,-0.3006223440170288,-0.02952193282544613,0.010298963636159897,0.028391700237989426,-0.012845024466514587,-0.014214402064681053,-0.05069765821099281,-0.014793438836932182
215,-0.0012839039554819465,-0.005434507504105568,-0.010100051760673523,-0.011758099310100079,-0.012772521935403347,-0.0065043312497437,0.0012522884644567966,0.007781127467751503,0.010976443067193031,0.010522901080548763,0.003655865089967847,-0.0007377021247521043,-0.004434727132320404,-0.00879848375916481,-0.012493802234530449,-0.014616919681429863,-0.016698427498340607,-0.014676186256110668,-0.023222841322422028,-0.024730775505304337,-0.03380277380347252,-0.04226375371217728,-0.029314396902918816,-0.029823150485754013,-0.029209990054368973,-0.011037602089345455,-0.005076117347925901,0.00491373473778367,0.018275003880262375,0.03592776507139206,0.08635873347520828,0.08374637365341187,0.06390901654958725,0.03447539731860161,0.00383254187181592,-0.040322910994291306,-0.09454444795846939,-0.10855501145124435,-0.1163259968161583,-0.08435376733541489,-0.08542977273464203,-0.09687105566263199,-0.10356985032558441,-0.10342107713222504,-0.1856134980916977,-0.11133222281932831,-0.10735616832971573,-0.07357976585626602,-0.07466151565313339,-0.04892479255795479,-0.07852714508771896,-0.05569756031036377,-0.040229298174381256,-0.03980981558561325,-0.046067140996456146,-0.020277205854654312,-0.028843307867646217,-0.021762460470199585,-0.03511041775345802,-0.04817813262343407,-0.01632433570921421,-0.027213960886001587,-0.031219463795423508,-0.0025502978824079037,-0.0018330520251765847,0.016479957848787308,-0.0024070455692708492,-0.021510528400540352,-0.022050077095627785,-0.009289748035371304,0.007250590715557337,0.0005067663732916117,-0.024015940725803375,-0.13518111407756805,-0.00796719640493393,-0.005280533339828253,0.05893703177571297,-0.04422822967171669,-0.0280329380184412,0.026617733761668205,0.0169034656137228,0.023491976782679558,-0.009150523692369461,0.02945702336728573,0.02389714866876602,-0.07848255336284637,0.032621290534734726,-0.023373471572995186,0.10664574056863785,-0.14421112835407257,0.05465126037597656,0.03398146480321884,0.1430848240852356,-0.0715104267001152,-0.059628795832395554,0.06576664000749588,-0.05637362226843834,0.09988441318273544,-0.05689297243952751,-0.0695352628827095,0.08760669082403183,-0.039726026356220245,-0.15693429112434387,0.06331776827573776,0.03781667724251747,-0.07870559394359589,-0.1370084434747696,-0.010012573562562466,-0.11009877175092697,0.30923646688461304,-0.2795989215373993,0.3702627718448639,-0.20748558640480042,-0.079079270362854,0.26106175780296326,0.1675700843334198,-0.321021169424057,0.651412308216095,-0.48205646872520447,0.09889119118452072,0.0805099606513977,0.2233692854642868,0.07341926544904709,-0.1651175320148468,-0.002859401749446988,0.03187389299273491,0.13048070669174194,-0.32660388946533203,0.5653590559959412,-0.045387811958789825,-0.08874597400426865,0.015419773757457733,0.12291361391544342,0.1572972983121872,-0.006660061422735453,-0.1511024683713913,0.13243739306926727,-0.564927875995636,-0.056708674877882004,0.08348294347524643,0.06638623774051666,-2.7658838774868855e-08,-0.0002939029363915324,-0.0003328458114992827,-1.0996582204825245e-06,1.8440731253122067e-07,-3.0195462386473082e-05,-0.0007039726478978992,0.07049103081226349,0.021561291068792343,0.06209549680352211,-0.0008929005125537515,-0.008288301527500153,0.03648245707154274,0.08087203651666641,0.04979386925697327,0.07357727736234665
216,-0.0014432691968977451,-0.0050020297057926655,-0.00704908138141036,-0.003912012092769146,0.0031576056499034166,0.009758482687175274,0.008970798924565315,0.0052861981093883514,0.00029672079836018384,-0.004667460452765226,-0.0053710490465164185,-0.005722042638808489,-0.007091398350894451,-0.010489465668797493,-0.013101348653435707,-0.01545348484069109,-0.017390625551342964,-0.01559888944029808,-0.02370592951774597,-0.025686539709568024,-0.034873116761446,-0.04245850071310997,-0.02718093805015087,-0.022066358476877213,-0.012335480190813541,0.0008723038481548429,0.011001089587807655,0.013805949129164219,0.022585928440093994,0.029031865298748016,0.045790303498506546,0.022876182571053505,0.0031149673741310835,-0.00914651621133089,-0.017520368099212646,-0.03185323625802994,-0.05123691260814667,-0.058490242809057236,-0.06988555192947388,-0.06271620839834213,-0.0764247253537178,-0.09566196799278259,-0.1069856733083725,-0.10683440417051315,-0.1916351616382599,-0.11559847742319107,-0.10829771310091019,-0.07116182893514633,-0.06244891881942749,-0.03353257104754448,-0.04492083936929703,-0.02886064350605011,-0.027129268273711205,-0.03401624411344528,-0.05339954420924187,-0.028436560183763504,-0.04513060301542282,-0.028312189504504204,-0.031947243958711624,-0.03841632232069969,-0.015461564064025879,-0.021054575219750404,-0.027484407648444176,-0.0070851463824510574,-0.013504250906407833,-0.011726494878530502,0.002332440111786127,-0.014103317633271217,-0.056621402502059937,-0.005363322328776121,0.002041090279817581,-0.00787270162254572,-0.020981645211577415,-0.10349253565073013,-0.0031273316126316786,-0.010146880522370338,0.04289203882217407,-0.05122404545545578,-0.03596406802535057,0.017859533429145813,-0.006575857289135456,0.010507242754101753,-0.020894309505820274,0.022402266040444374,0.020064357668161392,-0.09694388508796692,0.032922133803367615,-0.04233645647764206,0.10921288281679153,-0.14336828887462616,0.030182473361492157,0.024296186864376068,0.12104136496782303,-0.06678849458694458,-0.04557667300105095,0.03149142116308212,-0.030385762453079224,0.03320562094449997,-0.06257246434688568,-0.07743379473686218,-0.03659423068165779,0.022312059998512268,-0.014982819557189941,-0.03958505019545555,0.024197032675147057,0.053477685898542404,-0.17126217484474182,-0.030754659324884415,-0.10621833056211472,0.251789391040802,-0.2061849683523178,0.28126031160354614,-0.18034973740577698,-0.043970923870801926,0.12665943801403046,0.12109357863664627,-0.24298855662345886,0.4941267967224121,-0.48255953192710876,0.09899760782718658,0.10887578874826431,0.26817750930786133,0.03152640163898468,-0.2173515111207962,-0.045396290719509125,0.013228073716163635,0.12786412239074707,-0.3106479048728943,0.4250640571117401,-0.06414266675710678,0.013410263694822788,-0.03786474093794823,0.05210133641958237,0.12657926976680756,0.07198993861675262,-0.019392097368836403,-0.1277538537979126,-0.18438294529914856,0.11475291848182678,-0.024622907862067223,0.06015819311141968,-1.6872132846401655e-07,-0.006198432296514511,-0.0004025628149975091,-2.138690206265892e-06,-7.395736023596555e-09,-2.9400247512967326e-05,-0.0007967044948600233,0.4603781998157501,-0.022370407357811928,0.046966295689344406,0.0008544840384274721,-0.01666215807199478,0.040873073041439056,0.037367161363363266,0.0436403788626194,0.06067156419157982
217,-0.0007929764105938375,-0.005155371967703104,-0.009936654940247536,-0.009816192090511322,-0.01331810187548399,-0.011595435440540314,-0.008454283699393272,-0.007175876758992672,-0.0067707025445997715,-0.007991859689354897,-0.005970580969005823,-0.005256483796983957,-0.007337360177189112,-0.010735749267041683,-0.013400579802691936,-0.016291741281747818,-0.018111472949385643,-0.017716724425554276,-0.023916544392704964,-0.026918182149529457,-0.03427623584866524,-0.04571046680212021,-0.030676240101456642,-0.029080471023917198,-0.021843409165740013,-0.0026153791695833206,0.013762076385319233,0.02090136520564556,0.02356630750000477,0.01297411136329174,-0.009498804807662964,-0.034687455743551254,-0.04278930649161339,-0.048599857836961746,-0.06173093989491463,-0.08894871175289154,-0.12801918387413025,-0.11622496694326401,-0.11510077118873596,-0.0865517109632492,-0.08834763616323471,-0.10078079253435135,-0.10289274901151657,-0.10269663482904434,-0.18492195010185242,-0.11624090373516083,-0.10945039242506027,-0.0800345316529274,-0.08130817115306854,-0.05086662620306015,-0.07074470072984695,-0.027133658528327942,0.010578014887869358,0.06807345151901245,0.16049011051654816,0.09708963334560394,0.12461967766284943,0.056791141629219055,0.02138843946158886,0.020101385191082954,0.015095634385943413,0.04112819582223892,0.08001483976840973,-0.0004902835353277624,0.01398779172450304,0.03420139476656914,-0.047227587550878525,0.016324425116181374,0.10832313448190689,-0.013319446705281734,0.004239508882164955,0.0008154147653840482,-0.0050192237831652164,-0.02360743284225464,0.010939427651464939,-0.0017693002009764314,0.0025641045067459345,-0.02709345892071724,-0.029884666204452515,0.013301542960107327,-0.01771443895995617,0.0022527941036969423,-0.03769456595182419,-0.0033579051960259676,0.02089715749025345,-0.1111668273806572,0.06132180988788605,-0.03429945930838585,0.1467166244983673,-0.13436822593212128,0.024135347455739975,0.06076507642865181,0.18773320317268372,-0.05645674467086792,-0.040439579635858536,0.044537920504808426,-0.03839890658855438,0.21980684995651245,0.004181198310106993,0.03204677626490593,-0.2469026893377304,0.09780629724264145,0.019334701821208,-0.07047755271196365,-0.005163443740457296,0.17489713430404663,-0.24195000529289246,0.00044920749496668577,-0.08327069878578186,0.17448382079601288,-0.17194083333015442,0.29437610507011414,-0.15209317207336426,-0.03772307187318802,0.0025161553639918566,0.04169027507305145,-0.14630915224552155,0.23421627283096313,-0.30627402663230896,0.07440713793039322,0.033209025859832764,-0.015804577618837357,-0.012348340824246407,0.13694028556346893,0.07585106045007706,-0.012941417284309864,0.13704131543636322,-0.04960937798023224,-0.017056137323379517,-0.04393237084150314,0.10009518265724182,-0.02677288092672825,0.013517922721803188,0.16567116975784302,0.08402935415506363,-0.280186265707016,-0.012960591353476048,-0.0641837790608406,0.13967278599739075,-0.03589940816164017,0.07248115539550781,1.0992766874551307e-07,0.013149579055607319,-0.0002687476808205247,-8.952487746682891e-07,5.317450018083036e-07,-2.0682729882537387e-05,-0.0005908106104470789,-0.15127183496952057,0.07494211941957474,0.03706091269850731,-0.002147475490346551,0.04585665836930275,0.02987026982009411,0.043688442558050156,0.01980159804224968,0.03636680915951729
218,-0.0008055126527324319,-0.0051331231370568275,-0.01027290616184473,-0.010787186212837696,-0.013420608825981617,-0.011621911078691483,-0.008319694548845291,-0.007142135873436928,-0.006916094571352005,-0.007386262062937021,-0.005988793913275003,-0.005289992783218622,-0.007107457146048546,-0.010820696130394936,-0.012823070399463177,-0.014669852331280708,-0.012400704436004162,-0.005184722598642111,0.004980416037142277,0.01925628073513508,0.03532174974679947,0.04632960632443428,0.016814103350043297,-0.0022597257047891617,-0.022059790790081024,-0.018359700217843056,-0.027793148532509804,-0.02082913927733898,-0.023718934506177902,-0.02808876521885395,-0.05557682737708092,-0.05391500145196915,-0.048253584653139114,-0.051585160195827484,-0.05999577045440674,-0.0895460695028305,-0.12950798869132996,-0.12427844107151031,-0.11645309627056122,-0.0870228260755539,-0.09286864101886749,-0.10420815646648407,-0.10473566502332687,-0.10207977145910263,-0.1850835382938385,-0.11992880702018738,-0.10945814102888107,-0.08550109714269638,-0.08321066945791245,-0.057479552924633026,-0.08262402564287186,-0.04902053251862526,-0.03703079745173454,-0.007533143274486065,0.03562616929411888,0.0417090505361557,0.08630897104740143,0.06703714281320572,0.08421631902456284,0.1448691189289093,0.07599610090255737,0.14078101515769958,0.15599407255649567,-0.006345771253108978,-0.001000924501568079,-0.012100586667656898,0.015182973816990852,-0.015141517855226994,-0.07773377746343613,0.01361879426985979,-0.011420284397900105,-0.024988213554024696,-0.010459024459123611,-0.0534106083214283,0.0036181521136313677,-0.009345434606075287,0.017593929544091225,-0.012795189395546913,-0.009873834438621998,-0.023539260029792786,-0.050374098122119904,0.014271833933889866,-0.04615619406104088,-0.0183469969779253,-0.005534071940928698,-0.12258537858724594,0.07703927904367447,-0.056463822722435,0.13894687592983246,-0.10693816840648651,0.012989555485546589,0.08201449364423752,0.14718838036060333,-0.07508762180805206,-0.061804112046957016,0.10555291175842285,-0.003828220535069704,0.3122853636741638,0.03113226220011711,0.03253047540783882,-0.26822400093078613,0.15958718955516815,0.08864640444517136,-0.0794730931520462,0.025359224528074265,0.3167451024055481,-0.3239916265010834,0.08520830422639847,-0.12346341460943222,0.16926410794258118,-0.18688631057739258,0.2614235579967499,-0.11250384151935577,0.012758048251271248,-0.06628917157649994,-0.15437260270118713,0.2357340306043625,-0.4594237804412842,0.27113234996795654,-0.1053444892168045,-0.13371536135673523,-0.4863376319408417,0.21383227407932281,0.11913423985242844,0.0927179604768753,-0.0343768447637558,0.024595491588115692,-0.10595037043094635,0.2925524413585663,-0.09745455533266068,-0.02014550194144249,0.026876483112573624,0.16394765675067902,-0.11659567058086395,0.11167091131210327,0.16201511025428772,-0.2675175070762634,0.007270872592926025,0.1499883383512497,-0.014869353733956814,0.0030416089575737715,-5.142558379134243e-08,0.035897012799978256,-0.0001288401981582865,1.2667733244597912e-06,9.97133220437263e-09,-1.571271423017606e-05,-0.0002477337548043579,-0.036525338888168335,0.08246218413114548,0.05031302198767662,-0.0027678676415234804,0.025532666593790054,0.035834841430187225,0.04012427106499672,0.10204792022705078,0.05827922746539116
219,-0.0015440330607816577,-0.006322202738374472,-0.011427083052694798,-0.013501550070941448,-0.016746841371059418,-0.014429952017962933,-0.009674912318587303,-0.007667174097150564,-0.004966797307133675,-0.0015005676541477442,0.0035777667071670294,0.007169063668698072,0.009895406663417816,0.009617098607122898,0.0036388076841831207,-0.0051031699404120445,-0.010006044991314411,-0.007691788487136364,-0.005245165433734655,-0.0007391646504402161,0.0016556470654904842,-0.0025298469699919224,-0.00925629585981369,-0.016054581850767136,-0.016993369907140732,-0.005180826410651207,-0.00016431280528195202,0.0016516296891495585,-0.000528648728504777,-0.005251503083854914,-0.009755936451256275,-0.00406620604917407,0.0018666570540517569,0.004342404194176197,0.006737077608704567,-0.000296701502520591,-0.023562079295516014,-0.054909586906433105,-0.08371586352586746,-0.07760255038738251,-0.08809297531843185,-0.10451661050319672,-0.11265257000923157,-0.11036431789398193,-0.1987125724554062,-0.12432500720024109,-0.11736058443784714,-0.08290465176105499,-0.08152682334184647,-0.05343623459339142,-0.08809073269367218,-0.05783065780997276,-0.04697335883975029,-0.03819362074136734,-0.0372655875980854,-0.011724332347512245,-0.0044819326139986515,0.0009107658988796175,-0.006366397719830275,-0.017400147393345833,-0.012951773591339588,-0.017748970538377762,-0.01975196972489357,-0.005793460179120302,-0.0035759801976382732,-0.011205624788999557,0.008500855416059494,-0.010954954661428928,-0.0884452760219574,-0.0015183875802904367,0.00016313238302245736,-0.02002885192632675,-0.030322879552841187,-0.12498313188552856,-0.013428997248411179,-0.015003986656665802,0.04555666446685791,-0.05787920579314232,-0.02383919060230255,0.0027666024398058653,-0.019035402685403824,0.01850801333785057,-0.02474145218729973,0.0006017318228259683,-0.0013702129945158958,-0.07179367542266846,0.010754200629889965,-0.034132275730371475,0.06155244633555412,-0.13180315494537354,0.010418680496513844,0.026395145803689957,0.05194569379091263,-0.04460529983043671,-0.02335505001246929,0.00702561205253005,-0.02977355569601059,0.07756108045578003,-0.03784698247909546,-0.030007416382431984,-0.1008770540356636,0.034502752125263214,-0.020420614629983902,-0.06327637284994125,0.0005613117245957255,0.17934751510620117,-0.21828947961330414,0.012760607525706291,-0.09062928706407547,0.30050936341285706,-0.2713269591331482,0.323580801486969,-0.20798908174037933,-0.01154994871467352,0.11991070210933685,0.11707905679941177,-0.27027302980422974,0.520592451095581,-0.45767009258270264,0.10800884664058685,0.09673624485731125,0.21001511812210083,-0.013781595043838024,-0.08162916451692581,0.008879514411091805,-0.02430451102554798,0.19291900098323822,-0.15713809430599213,0.29228121042251587,-0.043552473187446594,0.0711614191532135,-0.005334520246833563,0.08695055544376373,0.03875073790550232,0.10644368827342987,0.06511317193508148,-0.20822232961654663,-0.06660560518503189,0.0955481231212616,-0.044233065098524094,0.05551376938819885,-5.6208669718671445e-08,-0.008145968429744244,-0.00038780763861723244,-2.540004970796872e-06,4.38101977806582e-07,-3.231885420973413e-05,-0.0007326292106881738,0.491262286901474,0.0005883596022613347,0.05369609221816063,-0.0007014147704467177,0.0023220344446599483,0.04165662080049515,0.05358380451798439,0.050831135362386703,0.058681637048721313
220,-0.0009707600111141801,-0.0026814742013812065,0.00056561513338238,0.01292900275439024,0.031443484127521515,0.03883108124136925,0.029614480212330818,0.019387511536478996,0.009292049333453178,0.007441563997417688,0.01232978142797947,0.01776510663330555,0.03063446655869484,0.03592286258935928,0.02973465994000435,0.013303720392286777,-0.004788658581674099,-0.0126542579382658,-0.021371114999055862,-0.02687915600836277,-0.035948943346738815,-0.04774263873696327,-0.034245360642671585,-0.036846891045570374,-0.039376843720674515,-0.021913480013608932,-0.030584804713726044,-0.020611414685845375,-0.024703498929739,-0.028819790109992027,-0.05626285821199417,-0.056287311017513275,-0.0526735857129097,-0.054449744522571564,-0.06594537198543549,-0.10155827552080154,-0.1478375494480133,-0.1522410362958908,-0.1428259313106537,-0.09858548641204834,-0.1017395555973053,-0.10749196261167526,-0.11694250255823135,-0.10333126783370972,-0.1932852864265442,-0.11315733939409256,-0.0747189000248909,-0.00615293113514781,0.06220647692680359,0.1151011511683464,0.21507544815540314,0.12410043179988861,0.043030161410570145,0.008007473312318325,-0.011645070277154446,-0.006891888566315174,0.008982352912425995,0.009902691468596458,0.007903455756604671,-0.0019171382300555706,-0.006952078081667423,-0.025907516479492188,-0.048736222088336945,-0.0023752725683152676,-0.017934424802660942,-0.02920442819595337,0.026193927973508835,-0.001306053251028061,-0.08370856195688248,0.03138214349746704,0.013655343092978,-0.0178024061024189,-0.022757822647690773,-0.10766700655221939,-0.002668153727427125,0.006282879039645195,0.08079603314399719,-0.016818804666399956,-0.008059458807110786,-0.002624117536470294,-0.04279866814613342,0.0075517757795751095,-0.020806951448321342,0.02227863296866417,0.022935939952731133,-0.09116087108850479,0.0463775135576725,-0.0675339475274086,0.1345062255859375,-0.14279311895370483,0.03847528621554375,0.039102278649806976,0.0696602389216423,-0.07696980983018875,0.017558027058839798,-0.09416846185922623,-0.026749175041913986,-0.0037600244395434856,-0.022293737158179283,0.016693703830242157,-0.1886577010154724,0.07596247643232346,-0.0018735687481239438,-0.0945572555065155,-0.009620018303394318,0.22721554338932037,-0.20036619901657104,0.0946488231420517,-0.09747853875160217,0.3009890019893646,-0.29278460144996643,0.18438071012496948,-0.205222487449646,0.018518995493650436,0.13179780542850494,0.07868429273366928,-0.1669069081544876,0.13451169431209564,-0.21769766509532928,0.08661600202322006,0.00413599144667387,0.2055862843990326,0.005906196776777506,-0.16295649111270905,-0.060825783759355545,0.02847561426460743,0.18388310074806213,-0.35018783807754517,0.5691252946853638,-0.07771234959363937,-0.12619519233703613,0.0019261925481259823,0.19398802518844604,-0.439297616481781,0.15865755081176758,0.4594442546367645,-0.437252938747406,0.2699047029018402,0.09255284816026688,-0.0014736676821485162,0.07633126527070999,3.3709911804180592e-06,0.052225131541490555,0.001202226965688169,3.7720408272434724e-06,1.7742357840688783e-06,0.00012102549226256087,0.0016200779937207699,1.4052820205688477,-0.21538837254047394,-0.07125256210565567,0.007164608221501112,-0.020385632291436195,0.002924874657765031,-0.09468378126621246,-0.08735553175210953,-0.07376269996166229
221,-0.001142437569797039,-0.005087719764560461,-0.009275968186557293,-0.00816764123737812,-0.0023060941603034735,0.011823154985904694,0.023475244641304016,0.029854020103812218,0.02669847384095192,0.018973244354128838,0.0047851018607616425,-0.0013685082085430622,-0.005178962834179401,-0.00935023557394743,-0.012749038636684418,-0.014959666877985,-0.01682228222489357,-0.014918110333383083,-0.023202287033200264,-0.024961810559034348,-0.03433621674776077,-0.0425393246114254,-0.029149111360311508,-0.02933449298143387,-0.027318542823195457,-0.00953882560133934,-0.0032132775522768497,0.004758282098919153,0.015019058249890804,0.02805815264582634,0.0660712942481041,0.0625530406832695,0.040991101413965225,0.011080157943069935,-0.02268306352198124,-0.0692017450928688,-0.11833356320858002,-0.11974785476922989,-0.12100287526845932,-0.08547970652580261,-0.08652658015489578,-0.09693285077810287,-0.10396012663841248,-0.10393068194389343,-0.18597497045993805,-0.11186979711055756,-0.10728206485509872,-0.07375066727399826,-0.07350880652666092,-0.047147538512945175,-0.06740903109312057,-0.03494418412446976,-0.012608792632818222,0.006356552243232727,0.021588362753391266,0.004602096043527126,-0.006701761856675148,-0.017042361199855804,-0.034146614372730255,-0.04801766946911812,-0.014188936911523342,-0.025975732132792473,-0.032591018825769424,-0.0034867562353610992,-0.004007043782621622,0.015635736286640167,-0.007675138767808676,-0.021512530744075775,-0.023577596992254257,-0.00929633155465126,0.0069758351892232895,-0.0010931710712611675,-0.01665964536368847,-0.10259955376386642,-0.002166184363886714,-0.0016954238526523113,0.028601618483662605,-0.02267310954630375,-0.011473847553133965,0.016488824039697647,0.001130061806179583,0.018183249980211258,-0.005132184363901615,0.04446139559149742,0.031221535056829453,-0.08531496673822403,0.0342327281832695,-0.020078863948583603,0.11084539443254471,-0.1401013284921646,0.0484292134642601,0.03133716434240341,0.14208509027957916,-0.05973106995224953,-0.0562450997531414,0.06815323233604431,-0.05331261828541756,0.09677864611148834,-0.059376683086156845,-0.0742449089884758,0.10936106741428375,-0.0564495213329792,-0.1507076770067215,0.030073923990130424,0.0406985767185688,-0.04628757759928703,-0.1519385427236557,-0.008453288115561008,-0.10907028615474701,0.29298684000968933,-0.2582799196243286,0.30911195278167725,-0.15747329592704773,-0.06115049123764038,0.19165851175785065,0.13650836050510406,-0.2672494649887085,0.6365197896957397,-0.46663156151771545,0.09575378894805908,0.08777963370084763,0.2102801501750946,0.055945880711078644,-0.1528060883283615,-0.006910668220371008,0.01614253595471382,0.12207374721765518,-0.40725237131118774,0.6649938225746155,-0.057170454412698746,-0.10209730267524719,0.007039735093712807,0.10578104108572006,0.16524234414100647,0.033606864511966705,-0.20626123249530792,0.0796053558588028,-0.5055381655693054,0.03513282537460327,0.07968035340309143,0.04848070070147514,-5.826244020568083e-08,-0.0004045493551529944,-0.00026143051218241453,-4.5244982516123855e-07,4.9839336213608476e-08,-2.3368247639155015e-05,-0.0006949700182303786,0.06060419976711273,0.02551298402249813,0.05786383897066116,0.001138903433457017,-0.01096994336694479,0.0378628671169281,0.06309641152620316,0.048662398010492325,0.07474679499864578
222,-0.0007264639134518802,-0.005290302913635969,-0.009706277400255203,-0.010450344532728195,-0.012777112424373627,-0.011233414523303509,-0.008515789173543453,-0.006820613984018564,-0.006758532486855984,-0.007782542146742344,-0.006113378796726465,-0.005500521045178175,-0.007217821665108204,-0.01071622408926487,-0.013580935075879097,-0.01622018963098526,-0.018101828172802925,-0.017888838425278664,-0.02478746511042118,-0.0267847441136837,-0.033320773392915726,-0.0459212064743042,-0.03099844977259636,-0.02947095036506653,-0.025125358253717422,-0.005951288156211376,0.00812613032758236,0.01677580364048481,0.02191910706460476,0.015030540525913239,-0.0010017112363129854,-0.02863185666501522,-0.03993826359510422,-0.05048169568181038,-0.060608673840761185,-0.0919012650847435,-0.13084326684474945,-0.12239907681941986,-0.11891964823007584,-0.08796177059412003,-0.09376753121614456,-0.10638828575611115,-0.10406950861215591,-0.10231958329677582,-0.1873246133327484,-0.11999502032995224,-0.10898458957672119,-0.08267901092767715,-0.07355993986129761,-0.0341559574007988,-0.004146026913076639,0.05209420621395111,0.10472427308559418,0.151223823428154,0.1979730874300003,0.07635784894227982,0.04714593291282654,-0.004674283321946859,-0.03924046456813812,-0.05840547755360603,-0.027940621599555016,-0.03069835901260376,-0.012451838701963425,0.005883354227989912,0.054805416613817215,0.09603646397590637,-0.06316584348678589,0.020063184201717377,0.08804263174533844,-0.022356458008289337,0.01226457953453064,-0.01487026084214449,-0.024938397109508514,-0.1435525119304657,-0.02491641975939274,-0.0247139073908329,0.02335304394364357,-0.015630194917321205,-0.006589920725673437,-0.0069625661708414555,-0.02708781510591507,0.020093392580747604,-0.03691000118851662,-0.01642501726746559,-0.013149216771125793,-0.07509127259254456,0.03896178677678108,-0.043920617550611496,0.1045442745089531,-0.11520322412252426,0.01534623559564352,0.12276297062635422,0.20083674788475037,-0.1365411877632141,-0.09424401819705963,0.06596888601779938,-0.053877998143434525,0.2067517787218094,0.0069977035745978355,0.01835094392299652,-0.25027966499328613,0.14453165233135223,0.06305326521396637,-0.09281215071678162,-0.0016749470960348845,0.17268164455890656,-0.15929195284843445,-0.035099588334560394,-0.06914160400629044,0.1258900910615921,-0.17035545408725739,0.32149797677993774,-0.2469748556613922,-0.09547412395477295,-0.01090448908507824,0.1288108080625534,-0.27493149042129517,0.30586370825767517,-0.13793057203292847,0.03991900756955147,0.048702970147132874,-0.3700830042362213,0.13607367873191833,0.13914936780929565,0.06509508937597275,-0.027782659977674484,0.20234963297843933,-0.25481170415878296,0.44808074831962585,-0.10876152664422989,0.031698647886514664,0.04321914538741112,-0.07210351526737213,0.3731745481491089,-0.06796765327453613,-0.29268261790275574,0.12954780459403992,-0.07596062868833542,0.13273821771144867,-0.03607193008065224,0.07261524349451065,1.72563403566528e-07,0.006431241985410452,-0.00027725446852855384,-8.592897415837797e-07,4.722683399904781e-07,-2.390396002738271e-05,-0.0006865843897685409,-0.23649756610393524,0.06385575979948044,0.038832809776067734,-0.0016728981863707304,0.046021439135074615,0.025250965729355812,0.0388525128364563,0.013997295871376991,0.05538388341665268
223,0.0003592041612137109,0.002880634507164359,0.006739824544638395,0.007283627055585384,0.003402170492336154,-0.002448114100843668,-0.005808036774396896,-0.007983779534697533,-0.008058656007051468,-0.009251655079424381,-0.007531979586929083,-0.006433960981667042,-0.008383933454751968,-0.011573678813874722,-0.014134714379906654,-0.017334632575511932,-0.018865589052438736,-0.017373938113451004,-0.023695915937423706,-0.028706682845950127,-0.03638629615306854,-0.048229966312646866,-0.03427406772971153,-0.036442793905735016,-0.039134278893470764,-0.02191266044974327,-0.03044448420405388,-0.020798631012439728,-0.024461477994918823,-0.028794093057513237,-0.0567840114235878,-0.05520341545343399,-0.05124107003211975,-0.05051698163151741,-0.050182852894067764,-0.05771033465862274,-0.0477939248085022,-0.02205795794725418,-0.015156958252191544,-0.022493163123726845,-0.03416343033313751,-0.04891418293118477,-0.05840090662240982,-0.05842892825603485,-0.11380787193775177,-0.07694065570831299,-0.07361728698015213,-0.06063772365450859,-0.06372535973787308,-0.055199477821588516,-0.08467807620763779,-0.060284048318862915,-0.05154721811413765,-0.04396453872323036,-0.06091424450278282,-0.02992323972284794,-0.05361243337392807,-0.04217839986085892,-0.054965343326330185,-0.07916799187660217,-0.023689385503530502,-0.04782570153474808,-0.07301400601863861,0.00560592208057642,-0.02672351337969303,-0.061201512813568115,0.047553811222314835,-0.0051169670186936855,-0.08419325947761536,0.03158504143357277,0.00411288533359766,-0.01754188910126686,-0.039524734020233154,-0.1726452112197876,-0.024519409984350204,-0.00925763975828886,0.07991363853216171,-0.015244432725012302,-0.007928273640573025,-0.024560993537306786,-0.060402996838092804,0.01884044148027897,-0.03851005434989929,-0.0113491490483284,-0.00655099144205451,-0.0693591833114624,0.029936254024505615,-0.047655362635850906,0.12109032273292542,-0.12301444262266159,0.03592551872134209,0.055100828409194946,0.1432538479566574,-0.08659102767705917,-0.08541643619537354,0.1098833754658699,-0.05959543213248253,0.3425692617893219,0.019935421645641327,0.03617418184876442,-0.2869645357131958,0.14634346961975098,0.06699288636445999,-0.10526817291975021,-0.03309543430805206,0.36254069209098816,-0.21413761377334595,0.1456284075975418,-0.17618563771247864,0.3077383041381836,-0.3769715428352356,0.20414698123931885,-0.24057580530643463,0.005048091523349285,0.099629245698452,0.11840242892503738,-0.1831277757883072,0.38082554936408997,-0.3351834714412689,0.10837811976671219,0.02335442043840885,0.25640639662742615,-0.05083683505654335,-0.1748409867286682,-0.09415833652019501,0.05440331995487213,0.23488083481788635,-0.3108827769756317,0.5410385727882385,-0.05104178190231323,-0.14039398729801178,0.01498107984662056,0.22307075560092926,-0.3272729814052582,0.1444898396730423,0.45908069610595703,-0.4463358521461487,0.18042927980422974,0.11870868504047394,-0.019069751724600792,0.08200538903474808,-9.084413363780186e-07,0.04152296110987663,0.0007190839387476444,5.565611445490504e-06,1.1146775591441838e-07,3.3820699172792956e-05,0.0008156953263096511,2.355219602584839,-0.4617881178855896,-0.06148769333958626,0.020385928452014923,-0.02802109904587269,0.007819532416760921,0.011161400936543941,-0.0598645955324173,-0.02198190987110138
224,-0.0009499370353296399,-0.0058272117748856544,-0.010841447860002518,-0.012274996377527714,-0.015338167548179626,-0.013279569335281849,-0.00961328949779272,-0.008101020939648151,-0.0075410776771605015,-0.008705154061317444,-0.006566975731402636,-0.005965536460280418,-0.007720623165369034,-0.011551804840564728,-0.014292892068624496,-0.017576050013303757,-0.01906672865152359,-0.01833789236843586,-0.0257074274122715,-0.027955995872616768,-0.03708988428115845,-0.048091717064380646,-0.033723462373018265,-0.03621302917599678,-0.038983214646577835,-0.021773993968963623,-0.029662247747182846,-0.019234202802181244,-0.015626702457666397,-0.006081892177462578,0.014658058062195778,0.02617773972451687,0.01601823791861534,-0.005273078102618456,-0.03414221853017807,-0.07862183451652527,-0.13054008781909943,-0.12867937982082367,-0.12745831906795502,-0.09315359592437744,-0.09719837456941605,-0.10672827810049057,-0.10306552052497864,-0.089363694190979,-0.14263775944709778,-0.08314979821443558,-0.07676929235458374,-0.061678968369960785,-0.0697443038225174,-0.05326373875141144,-0.07795412093400955,-0.043845050036907196,-0.025045957416296005,-0.0005935248336754739,0.022342843934893608,0.013855839148163795,0.016599176451563835,0.00565743213519454,0.00017657117859926075,0.00835865456610918,0.006753081921488047,0.017444362863898277,0.04630489647388458,-0.009765989147126675,0.01320479903370142,0.016339149326086044,-0.0196931641548872,-0.011985274963080883,-0.007029092870652676,-0.0152594530954957,-0.006707033608108759,0.011762090027332306,0.006373052019625902,-0.027125392109155655,-0.004694247152656317,-0.017156651243567467,0.03790511190891266,-0.03790424019098282,-0.014581028372049332,-0.005878681782633066,-0.019156193360686302,0.02065628208220005,-0.030936727300286293,0.00440958421677351,0.010452567599713802,-0.081277996301651,0.01820918172597885,-0.027476921677589417,0.04808652028441429,-0.11228828132152557,0.01476132869720459,0.03279164060950279,0.12953470647335052,-0.10823440551757812,-0.10561729967594147,0.10791477560997009,-0.06968352198600769,0.34523308277130127,-0.005162409506738186,0.07485593110322952,-0.3010461926460266,0.1615639328956604,0.06816841661930084,-0.09632201492786407,0.009346291422843933,0.3024601638317108,-0.307177871465683,0.04888235777616501,-0.12925860285758972,0.3043196499347687,-0.3263503313064575,0.3276832699775696,-0.16015072166919708,-0.026698319241404533,0.02906651236116886,0.06811307370662689,-0.14924810826778412,0.1269260048866272,-0.19007933139801025,0.0696166604757309,0.02994016744196415,0.1267004758119583,-0.039422422647476196,-0.05037163197994232,0.0370602160692215,-0.025818107649683952,0.15989328920841217,-0.05387990549206734,0.17841105163097382,-0.05305102840065956,0.05965588614344597,-0.016286754980683327,-0.006748595274984837,0.22100703418254852,0.08384934067726135,-0.16079485416412354,-0.09891030192375183,-0.014738636091351509,0.14554987847805023,-0.04059252887964249,0.06710483133792877,5.2813486917102637e-08,-0.02838887646794319,-0.00021428702166303992,-1.8044592025034945e-06,2.016112290448291e-07,-1.8303104297956452e-05,-0.0004276023246347904,0.2905641794204712,0.012816978618502617,0.045333538204431534,0.0004807888763025403,0.06223343312740326,0.04111731797456741,0.06525733321905136,-0.0024784060660749674,0.05861242115497589
225,-0.0013589743757620454,-0.005583867430686951,-0.009924594312906265,-0.007629028987139463,0.0020417203195393085,0.018486160784959793,0.02737685851752758,0.0313846617937088,0.025833608582615852,0.015541323460638523,0.0023826956748962402,-0.0028208463918417692,-0.006249165628105402,-0.010282154195010662,-0.013150420971214771,-0.015924612060189247,-0.017543764784932137,-0.016069481149315834,-0.023590989410877228,-0.025838229805231094,-0.03318071365356445,-0.036706019192934036,-0.018164340406656265,-0.008176854811608791,5.760742715210654e-05,0.000525709823705256,-0.004924057982861996,-0.009115462191402912,-0.013616101816296577,-0.012987712398171425,-0.005715747829526663,0.011066347360610962,0.015557964332401752,0.0051155355758965015,-0.018061228096485138,-0.05928998067975044,-0.10760626941919327,-0.10693572461605072,-0.09401367604732513,-0.060151357203722,-0.05850831791758537,-0.07176949828863144,-0.08755697309970856,-0.0966838002204895,-0.18505951762199402,-0.11803991347551346,-0.11089543253183365,-0.07776878774166107,-0.07403493672609329,-0.046689845621585846,-0.05986306816339493,-0.020108366385102272,0.0004874324076808989,0.01782641001045704,0.028820732608437538,0.0036383734550327063,-0.0026755055878311396,-0.014516865834593773,-0.028669996187090874,-0.04976524040102959,-0.0203230157494545,-0.031637612730264664,-0.03624225780367851,-0.009019898250699043,-0.0006314486381597817,0.015488220378756523,-0.00511552719399333,-0.013484625145792961,-0.07802142202854156,0.0031449352391064167,0.008045555092394352,-0.012728691101074219,-0.023652317002415657,-0.10862722992897034,-0.004132531583309174,-0.003667309647426009,0.04802359640598297,-0.04593496397137642,-0.016682690009474754,0.012293820269405842,-0.016331464052200317,0.012471195310354233,-0.020147915929555893,0.015599980019032955,0.01141385268419981,-0.08048007637262344,0.027120228856801987,-0.027743887156248093,0.07463347911834717,-0.12402700632810593,0.02028869278728962,0.030598828569054604,0.14832542836666107,-0.0642683282494545,-0.06338445842266083,0.04357914999127388,-0.0345245897769928,-0.023158984258770943,-0.0711180716753006,-0.061027031391859055,-0.10251642763614655,0.05900402367115021,0.0031303619034588337,-0.05738162249326706,0.014909916557371616,0.07652853429317474,-0.1947946697473526,-0.010179114528000355,-0.11988992989063263,0.28543514013290405,-0.1940198391675949,0.24196012318134308,-0.13026215136051178,-0.02382313832640648,0.05429868400096893,0.08884578198194504,-0.18780860304832458,0.34108319878578186,-0.35542774200439453,0.1021333783864975,0.08379025012254715,0.24846096336841583,0.019231092184782028,-0.2049856334924698,-0.049687743186950684,0.009983265772461891,0.14649555087089539,-0.36110785603523254,0.4605676531791687,-0.06857649236917496,0.038598742336034775,-0.024745840579271317,0.1274692863225937,-0.099944569170475,0.13175082206726074,0.08626232296228409,-0.20663678646087646,-0.1586500108242035,0.11903464794158936,-0.04020177572965622,0.05919777601957321,-2.518528106065787e-07,-0.01509021781384945,-0.0003470623632892966,-1.3518316563931876e-06,-2.3798813231223903e-07,-2.664996645762585e-05,-0.0006371534545905888,0.5232839584350586,-0.02701350674033165,0.042302053421735764,0.0027723670937120914,-0.012679992243647575,0.041914571076631546,0.039609771221876144,0.04207396134734154,0.04767439886927605
226,-0.0007918974733911455,-0.005126187577843666,-0.009624138474464417,-0.010763131082057953,-0.013245941139757633,-0.010939432308077812,-0.006660612300038338,-0.0027543511241674423,0.002408876083791256,0.008309389464557171,0.00839998759329319,0.006350342649966478,0.0035887740086764097,-0.002352922223508358,-0.00889351312071085,-0.014656133018434048,-0.017511725425720215,-0.01725134626030922,-0.023649264127016068,-0.02666899561882019,-0.03505886718630791,-0.046602845191955566,-0.032040052115917206,-0.033991873264312744,-0.035183582454919815,-0.01857570745050907,-0.019577626138925552,-0.00838006567209959,-0.0030231503769755363,-0.0024057666305452585,-0.013955485075712204,-0.029661983251571655,-0.039333898574113846,-0.04777536913752556,-0.05972973629832268,-0.09125892072916031,-0.12858563661575317,-0.11965171992778778,-0.11692531406879425,-0.08374971896409988,-0.09043493121862411,-0.1027195155620575,-0.10307382792234421,-0.10434234887361526,-0.18373002111911774,-0.11995086818933487,-0.10769132524728775,-0.0820210799574852,-0.07351353019475937,-0.04105997830629349,-0.024912117049098015,0.021875301375985146,0.06486160308122635,0.08992709964513779,0.12443016469478607,0.045912954956293106,0.052365221083164215,0.02411213144659996,0.008646254427731037,-0.0023254994302988052,-0.006788344122469425,-0.009938634000718594,0.000805106305051595,-0.007391892373561859,0.011586170643568039,0.0616425983607769,-0.09583812206983566,0.0006395019008778036,0.05258355289697647,-0.007415115367621183,-0.003141571767628193,-0.014519632793962955,-0.010404694825410843,-0.04716622084379196,0.0074405362829566,-0.005889557301998138,-0.03703393414616585,0.019337188452482224,-0.004355603829026222,0.005500055383890867,-0.013673607259988785,0.001779041369445622,-0.026280764490365982,-0.00807445589452982,-0.022439051419496536,-0.03824683278799057,0.015015100128948689,-0.02860848791897297,0.09603103995323181,-0.12301162630319595,0.026796139776706696,0.07600662857294083,0.24286288022994995,-0.055790480226278305,-0.07457718998193741,0.09753800183534622,-0.04026864841580391,0.2477530837059021,0.010176732204854488,0.008987389504909515,-0.20261265337467194,0.09691397100687027,0.015327714383602142,-0.05921192094683647,-0.00586133636534214,-0.04574063792824745,-0.08977151662111282,-0.032977841794490814,-0.08882936835289001,0.18837039172649384,-0.20483489334583282,0.29220202565193176,-0.13320834934711456,-0.02516186609864235,0.0037477719597518444,-0.009237829595804214,0.01711217872798443,-0.11744772642850876,-0.0354340523481369,0.04505164176225662,0.03778057545423508,-0.05652640387415886,-0.040863726288080215,0.09312267601490021,0.04979367181658745,-0.08300863206386566,0.09962156414985657,-0.07130883634090424,0.28570830821990967,-0.0950201153755188,-0.021395355463027954,0.02976418472826481,0.11954362690448761,0.07330159842967987,0.11997818946838379,-0.0985504686832428,-0.0675954520702362,-0.019445616751909256,0.15970762073993683,-0.03690143674612045,0.07293729484081268,9.941484790942923e-08,0.00486476207152009,-0.0002761979994829744,-1.0702315194066614e-06,4.905394348497794e-07,-1.946638985828031e-05,-0.0006378727848641574,0.05940517410635948,0.06295061856508255,0.027390440925955772,-0.002504805102944374,-0.0027160574682056904,0.03631305322051048,0.018725818023085594,0.011309846304357052,0.03508131206035614
227,2.4544866391806863e-05,0.0015468198107555509,0.005459681153297424,0.007655667141079903,0.006100969854742289,0.0003473082324489951,-0.0041788313537836075,-0.007155530154705048,-0.008049997501075268,-0.009449112229049206,-0.007480209693312645,-0.006224605720490217,-0.008404910564422607,-0.011799461208283901,-0.014082694426178932,-0.017691904678940773,-0.01911739446222782,-0.01735553704202175,-0.023300372064113617,-0.028082629665732384,-0.037462230771780014,-0.04874752089381218,-0.03456937149167061,-0.037594448775053024,-0.03942515328526497,-0.022174172103405,-0.03018287569284439,-0.020549846813082695,-0.024644065648317337,-0.02907015010714531,-0.05621308088302612,-0.05469510704278946,-0.0485624223947525,-0.04180184751749039,-0.030750256031751633,-0.006028606556355953,0.050189126282930374,0.08385752141475677,0.06825043261051178,0.010745348408818245,-0.03377365320920944,-0.07358742505311966,-0.09591194987297058,-0.09136248379945755,-0.15302754938602448,-0.09047383069992065,-0.07473509013652802,-0.05500037968158722,-0.057771772146224976,-0.05281474068760872,-0.08334678411483765,-0.062080688774585724,-0.05294917896389961,-0.045672327280044556,-0.06383129209280014,-0.02849600277841091,-0.05383537337183952,-0.037821635603904724,-0.048416104167699814,-0.07160859555006027,-0.01982935704290867,-0.04426726698875427,-0.07047432661056519,0.006114136427640915,-0.019509773701429367,-0.04762110859155655,0.06087067350745201,-0.009956241585314274,-0.0843111202120781,0.029570264741778374,0.005184993147850037,-0.00960219744592905,-0.03575728461146355,-0.09001979231834412,0.004042098298668861,-0.03651972860097885,-0.07620234042406082,-0.031470637768507004,-0.020339379087090492,-0.014920555055141449,-0.030123822391033173,0.02170693315565586,-0.02680068649351597,0.008901474066078663,0.02291509509086609,-0.10478093475103378,0.03609101101756096,-0.053283900022506714,0.14550341665744781,-0.11490532755851746,0.05012897774577141,0.0558001883327961,0.15622155368328094,-0.05549239367246628,-0.07180948555469513,0.12272980064153671,-0.05754881724715233,0.3330628573894501,0.03482941910624504,0.039978113025426865,-0.25547727942466736,0.12796460092067719,0.090004563331604,-0.10648441314697266,-0.0658670961856842,0.33975014090538025,-0.2641395330429077,0.0947544276714325,-0.1404048353433609,0.31046411395072937,-0.2721145451068878,0.22032220661640167,-0.0961979478597641,-0.035736333578825,-0.1931796371936798,-0.1493181437253952,-0.1361822485923767,0.259720116853714,-0.41287967562675476,0.03434161841869354,-0.019658179953694344,0.3085639476776123,-0.057768967002630234,-0.2080002874135971,-0.11598564684391022,0.06157669052481651,0.22273480892181396,-0.34642764925956726,0.5011521577835083,-0.07330657541751862,-0.1272697001695633,-0.004476014990359545,0.1657392382621765,-0.29270505905151367,0.08147210627794266,0.5000305771827698,-0.4534968137741089,0.20843097567558289,0.10171493887901306,-0.0450480654835701,0.07480648905038834,-6.968035108911863e-07,0.04009116068482399,0.000404960272135213,6.255430889723357e-06,-1.637735635995341e-06,-1.5253282072080765e-05,0.0007669201004318893,1.4010326862335205,-0.2174154371023178,-0.00817754678428173,-0.0003811717324424535,-0.027327844873070717,-0.000984516111202538,0.009351339191198349,-0.049518685787916183,-0.04095488414168358
228,-0.0008623372996225953,-0.005289236083626747,-0.010172925889492035,-0.010732975788414478,-0.01384881790727377,-0.012234416790306568,-0.00895354151725769,-0.007492403965443373,-0.007113856263458729,-0.008225143887102604,-0.006155369803309441,-0.005724920891225338,-0.007405203301459551,-0.010709145106375217,-0.013408275321125984,-0.016307789832353592,-0.017932532355189323,-0.01756749115884304,-0.024856971576809883,-0.02703198418021202,-0.03492537885904312,-0.04596070945262909,-0.031908173114061356,-0.03359052538871765,-0.03398336470127106,-0.016216816380620003,-0.014604512602090836,-0.0033862076234072447,0.0030889329500496387,0.005447203293442726,0.007798715028911829,-0.0006613580044358969,-0.01060030609369278,-0.02368457056581974,-0.04323125630617142,-0.07760723680257797,-0.12356939166784286,-0.1171567440032959,-0.11847136914730072,-0.08748695999383926,-0.08895789831876755,-0.10233107209205627,-0.10637155920267105,-0.10562004894018173,-0.19151881337165833,-0.11866908520460129,-0.11177576333284378,-0.07963313907384872,-0.08139316737651825,-0.04995623603463173,-0.06677412986755371,-0.023356925696134567,0.011734961532056332,0.05537335202097893,0.11025935411453247,0.05335570126771927,0.06413188576698303,0.025080082938075066,0.013762049376964569,0.030073320493102074,0.016530465334653854,0.03687087818980217,0.07924649119377136,-0.0005119316047057509,0.037802621722221375,0.06222957745194435,-0.04380561411380768,-0.00524146668612957,0.05903191491961479,-0.013902902603149414,-0.013322010636329651,0.01031272392719984,0.003174152923747897,-0.0007528169080615044,0.010719413869082928,0.0022477218881249428,-0.008226030506193638,-0.0060130879282951355,-0.02383045107126236,0.006978877354413271,-0.013966119848191738,-0.00898075569421053,-0.026484955102205276,0.025908535346388817,0.03477829322218895,-0.09997455775737762,0.043668851256370544,-0.03436867892742157,0.14008444547653198,-0.15422245860099792,0.03318534418940544,0.04365690425038338,0.18674513697624207,-0.09289464354515076,-0.07664768397808075,0.08167313784360886,-0.05116833373904228,0.21407316625118256,-0.021880490705370903,0.004936215002089739,-0.1694864183664322,0.053898900747299194,-0.002256261184811592,-0.059210337698459625,-0.010495123453438282,0.10150933265686035,-0.1909445971250534,-0.009895749390125275,-0.09544919431209564,0.2061283141374588,-0.16685785353183746,0.2506217062473297,-0.13103526830673218,-0.022744471207261086,0.011674340814352036,0.0785224437713623,-0.19213134050369263,0.24989743530750275,-0.27651485800743103,0.08365222066640854,0.04642379283905029,0.06574369966983795,-0.05081050097942352,0.01280371192842722,0.04040375351905823,-0.023872509598731995,0.1302202343940735,0.004856097046285868,0.04415219649672508,-0.05287327244877815,0.07976383715867996,0.0030716152396053076,-0.0038261732552200556,0.1636597067117691,0.08747614920139313,-0.13014481961727142,-0.09111173450946808,-0.0552084818482399,0.09284894913434982,-0.016805414110422134,0.04196472465991974,8.620096281219958e-08,-0.00021709964494220912,-0.00032718724105507135,-1.9704073110915488e-06,4.942862119605707e-07,-2.4396638764301315e-05,-0.000677068077493459,0.0024397713132202625,0.05715494975447655,0.03614283725619316,-0.000667391053866595,0.04884151369333267,0.037035439163446426,0.04613952338695526,0.009425312280654907,0.04775422438979149
229,-0.0007345760823227465,-0.005189920775592327,-0.010380630381405354,-0.010731923393905163,-0.013326656073331833,-0.011447842232882977,-0.008584017865359783,-0.007000903133302927,-0.006977864541113377,-0.0073884776793420315,-0.006100873928517103,-0.0054892804473638535,-0.007063083350658417,-0.010599841363728046,-0.013097373768687248,-0.015875861048698425,-0.017649251967668533,-0.017164556309580803,-0.024593757465481758,-0.026422586292028427,-0.03309124708175659,-0.039682868868112564,-0.019579360261559486,-0.005075517110526562,0.013457448221743107,0.016596918925642967,0.02548820711672306,0.01263248361647129,0.0018517979187890887,-0.013265271671116352,-0.04387401044368744,-0.04936877638101578,-0.04770365357398987,-0.052623067051172256,-0.06158518046140671,-0.0922849103808403,-0.13224221765995026,-0.12452610582113266,-0.11883827298879623,-0.08893568813800812,-0.09415385127067566,-0.10472222417593002,-0.10769246518611908,-0.10646986216306686,-0.18954777717590332,-0.12270791083574295,-0.10999227315187454,-0.08271455019712448,-0.08135073632001877,-0.05055445432662964,-0.05335255712270737,-0.0013693536166101694,0.052184607833623886,0.11494271457195282,0.2015078067779541,0.1050473153591156,0.09843070805072784,0.023354869335889816,-0.01919465698301792,-0.047994863241910934,-0.022721396759152412,-0.026242265477776527,-0.011115862987935543,0.005706177093088627,0.036285195499658585,0.07105519622564316,-0.048782020807266235,0.031785883009433746,0.08020675182342529,-0.04973332956433296,0.011269236914813519,0.0003415781247895211,-0.01420837827026844,-0.11734610050916672,-0.017047401517629623,-0.022806471213698387,0.015168905258178711,-0.015443536452949047,-0.007423835340887308,-0.0048387846909463406,-0.022511886432766914,0.02235058695077896,-0.03428463637828827,-0.017245298251509666,-0.015117576345801353,-0.0659475177526474,0.03757369518280029,-0.04492868855595589,0.0970243290066719,-0.11252279579639435,0.020060069859027863,0.06775030493736267,0.14493289589881897,-0.09305557608604431,-0.11843344569206238,0.10804791003465652,-0.03686673194169998,0.34000808000564575,0.02548958547413349,0.049335602670907974,-0.2429891973733902,0.1484786719083786,0.04837341234087944,-0.07100541889667511,-0.010003742761909962,0.09303436428308487,-0.12620481848716736,-0.015143700875341892,-0.07948403060436249,0.1695205271244049,-0.24014541506767273,0.3268989622592926,-0.20871742069721222,-0.09060624986886978,0.004450841806828976,0.05814514309167862,-0.11952806264162064,-0.0755385160446167,0.23582203686237335,0.009893219918012619,-0.04470561817288399,-0.19029837846755981,0.06463634222745895,-0.004774694796651602,0.00437603984028101,-0.020354000851511955,0.23221415281295776,-0.23131734132766724,0.30585911870002747,-0.07146605849266052,0.12013936042785645,-0.09174754470586777,-0.09433628618717194,0.4273378551006317,0.08083755522966385,-0.16396191716194153,-0.037818726152181625,0.00016263728321064264,0.18002983927726746,-0.06621027737855911,0.08099034428596497,1.1061516858035247e-07,0.01419573649764061,-0.00033363670809194446,-1.0290406180502032e-06,4.866388394475507e-07,-2.733667497523129e-05,-0.0007098010391928256,-0.36956971883773804,0.07171644270420074,0.036072444170713425,-0.002892133081331849,0.038589637726545334,0.02982468344271183,0.03127918764948845,0.016172252595424652,0.04525528848171234
230,-0.001192412106320262,-0.00350400572642684,-0.003085001604631543,0.0011809663847088814,0.007674858905375004,0.009446559473872185,0.00515442481264472,0.00035959514207206666,-0.003528789384290576,-0.0070745935663580894,-0.0060381656512618065,-0.005938007030636072,-0.0070974817499518394,-0.010450383648276329,-0.01312082540243864,-0.015383623540401459,-0.017403338104486465,-0.015563897788524628,-0.023903466761112213,-0.025682419538497925,-0.03489379957318306,-0.0421583317220211,-0.026617784053087234,-0.02115040458738804,-0.011287175118923187,0.0010841131443157792,0.010101915337145329,0.012333132326602936,0.020183341577649117,0.026677461341023445,0.043836984783411026,0.023778120055794716,0.00726477662101388,-0.00019576173508539796,-0.0009112898260354996,-0.007256769575178623,-0.032542143017053604,-0.06324100494384766,-0.09054508805274963,-0.07836855202913284,-0.08752771466970444,-0.10201594233512878,-0.10940185934305191,-0.10724961757659912,-0.19006486237049103,-0.11139236390590668,-0.09835165739059448,-0.05806940048933029,-0.04566451162099838,-0.025957928970456123,-0.04659394919872284,-0.039641737937927246,-0.03704545274376869,-0.042649876326322556,-0.05981934443116188,-0.029689116403460503,-0.04529702290892601,-0.028098683804273605,-0.03210034221410751,-0.03895237669348717,-0.015789134427905083,-0.020350690931081772,-0.023881884291768074,-0.005809837486594915,-0.009050888940691948,-0.007717072498053312,0.0021127464715391397,-0.01508837565779686,-0.04843473434448242,-0.006916938349604607,0.0012243144446983933,-0.0065242694690823555,-0.023486077785491943,-0.11252593249082565,-0.003536863485351205,-0.011215019971132278,0.04527024179697037,-0.05171952024102211,-0.03339657559990883,0.017703881487250328,-0.008011415600776672,0.012335682287812233,-0.01734977588057518,0.029536478221416473,0.0280474666506052,-0.09851489961147308,0.03434241563081741,-0.04329613596200943,0.1093159094452858,-0.1435021013021469,0.033037636429071426,0.022429373115301132,0.11062385886907578,-0.06558220088481903,-0.04283647611737251,0.0306386835873127,-0.03171481192111969,0.03631560131907463,-0.05910124257206917,-0.07105258107185364,-0.037318307906389236,0.017962751910090446,-0.02199791744351387,-0.031386733055114746,0.02863103151321411,0.02186548337340355,-0.16401931643486023,-0.03226184844970703,-0.10665574669837952,0.2586188018321991,-0.2012465000152588,0.28686225414276123,-0.18033702671527863,-0.04667484015226364,0.13812251389026642,0.1416018009185791,-0.26065880060195923,0.5136134624481201,-0.48370546102523804,0.0906439945101738,0.11581403762102127,0.2796676754951477,0.05225428193807602,-0.22149112820625305,-0.03777291998267174,0.018067553639411926,0.13857002556324005,-0.2876533269882202,0.40955767035484314,-0.06216113269329071,0.019248707219958305,-0.04012754559516907,0.049242742359638214,0.1479477435350418,0.06330233067274094,-0.02723701111972332,-0.07936058938503265,-0.23376330733299255,0.07888252288103104,-0.015043524093925953,0.06007080525159836,-1.2363827295303054e-07,-0.003927942831069231,-0.00035103526897728443,-1.771232632563624e-06,-8.318113309258024e-09,-2.4601795303169638e-05,-0.0007481902139261365,0.4233267605304718,-0.017459889873862267,0.052886784076690674,0.0010689054615795612,-0.019029872491955757,0.0406179279088974,0.05504406616091728,0.04809843748807907,0.06961225718259811
231,-0.0008513894863426685,-0.005428256466984749,-0.010274593718349934,-0.012744920328259468,-0.014169718138873577,-0.012818682007491589,-0.009338484145700932,-0.007741298992186785,-0.007251288276165724,-0.008295716717839241,-0.006491635460406542,-0.005901471246033907,-0.0078275753185153,-0.010881885886192322,-0.013543167151510715,-0.016544267535209656,-0.018006207421422005,-0.017255526036024094,-0.024434639140963554,-0.027202418074011803,-0.034957632422447205,-0.04499431699514389,-0.02881678193807602,-0.024348614737391472,-0.01623540371656418,-0.0031908361706882715,7.621234544785693e-05,-0.0014076419174671173,-0.008192981593310833,-0.018664954230189323,-0.04475674778223038,-0.04390441253781319,-0.03565630316734314,-0.03082006610929966,-0.03239302337169647,-0.05209123343229294,-0.08947301656007767,-0.1015528067946434,-0.11005297303199768,-0.08346239477396011,-0.08987738192081451,-0.10278576612472534,-0.10874029248952866,-0.10465023666620255,-0.1884172111749649,-0.12231465429067612,-0.10767831653356552,-0.0752047672867775,-0.06017753481864929,-0.027761833742260933,-0.022219639271497726,-0.006531855091452599,-0.008587394841015339,-0.014222563244402409,-0.03347368538379669,-0.021279577165842056,-0.02648870088160038,-0.001670158002525568,0.02336191013455391,0.08175264298915863,0.03828531876206398,0.06681706756353378,0.07968901842832565,-0.010188479907810688,0.004457003902643919,-0.00881652720272541,8.06885800557211e-05,-0.011919894255697727,0.008702965453267097,-0.01755617931485176,-0.01023330818861723,0.04298408329486847,0.03474727272987366,0.1094767153263092,0.024592315778136253,0.0033537528943270445,0.007056296803057194,-0.04541899636387825,-0.05620995908975601,0.038826506584882736,0.0006371840136125684,-0.012422867119312286,-0.010791468434035778,0.02680382877588272,0.029016301035881042,-0.09823425859212875,0.04127831384539604,-0.0322440043091774,0.11994314938783646,-0.13248148560523987,0.020751355215907097,0.057809121906757355,0.13535606861114502,-0.08459527045488358,-0.07172833383083344,0.0976506769657135,-0.04021190106868744,0.2941887676715851,-0.017034869641065598,0.024333683773875237,-0.2104179710149765,0.10017049312591553,0.01930689439177513,-0.08558475971221924,-0.00862128660082817,0.10461008548736572,-0.19322936236858368,-0.008524639531970024,-0.09947361797094345,0.1768537312746048,-0.19175323843955994,0.2817479968070984,-0.14751912653446198,-0.041080228984355927,0.018174733966588974,0.03567701578140259,-0.08365773409605026,-0.08065181225538254,-0.009168359450995922,0.039549242705106735,0.015118669718503952,0.04241456091403961,-0.054280880838632584,-0.034516144543886185,0.027597840875387192,-0.06888271868228912,0.1214323341846466,0.07344590127468109,0.0878516361117363,-0.06083735451102257,0.0014814395690336823,0.01912153698503971,0.17101173102855682,-0.13790525496006012,0.10818865895271301,0.13318444788455963,-0.27944108843803406,0.01995307207107544,0.1507306843996048,-0.058616142719984055,0.04188694804906845,-1.4548227511568257e-07,-0.02006605453789234,-0.00030740417423658073,-2.1400510377134196e-06,-2.037902504525846e-07,-2.4037304683588445e-05,-0.0005724678630940616,0.22183750569820404,0.04290599375963211,0.03865458071231842,-0.0022329853381961584,0.04345230758190155,0.03876829519867897,0.03346037119626999,0.0336473323404789,0.03800574690103531
232,-0.0012422914151102304,-0.0035470558796077967,-0.001939167152158916,0.007109484169632196,0.024562383070588112,0.033173203468322754,0.02689853124320507,0.017972776666283607,0.007612030953168869,-0.001002044533379376,-0.004325337242335081,-0.005393380764871836,-0.006859899498522282,-0.01018267497420311,-0.012751007452607155,-0.0150222796946764,-0.016978364437818527,-0.015151373110711575,-0.023108262568712234,-0.02516714483499527,-0.034205835312604904,-0.041432008147239685,-0.02605629712343216,-0.020578274503350258,-0.010941430926322937,0.0009647772531025112,0.009375860914587975,0.01097693108022213,0.01907123066484928,0.025707542896270752,0.03931953012943268,0.013072816655039787,-0.012469041161239147,-0.031180603429675102,-0.046716876327991486,-0.06814607977867126,-0.08513876050710678,-0.07742580026388168,-0.08076215535402298,-0.06755220890045166,-0.07951581478118896,-0.0962948128581047,-0.10648743808269501,-0.10536550730466843,-0.18705794215202332,-0.11203990876674652,-0.09940259903669357,-0.05613613501191139,-0.029183749109506607,0.003674574661999941,0.03616340458393097,0.027010522782802582,0.0011043191188946366,-0.014565824531018734,-0.03995005786418915,-0.025401581078767776,-0.042406462132930756,-0.025790860876441002,-0.030353134498000145,-0.03768514096736908,-0.015446864068508148,-0.021987948566675186,-0.030154572799801826,-0.0075536551885306835,-0.015631239861249924,-0.015080291777849197,0.003908615559339523,-0.013092580251395702,-0.04612203314900398,-0.007537195459008217,-0.0002584722824394703,-0.007702905684709549,-0.015083656646311283,-0.07034971565008163,0.002109997672960162,-0.006037165876477957,0.02327626384794712,-0.04316824674606323,-0.03228578716516495,0.019483057782053947,-0.006826525088399649,0.013916919007897377,-0.0220967885106802,0.011777891777455807,0.009376481175422668,-0.09429319202899933,0.03439433127641678,-0.037688687443733215,0.11239928007125854,-0.1371542066335678,0.027536140754818916,0.025449277833104134,0.1137843057513237,-0.06064320355653763,-0.036435194313526154,0.015117095783352852,-0.018981460481882095,0.0017716174479573965,-0.05830252170562744,-0.06533046811819077,-0.03531009703874588,0.03390984237194061,-0.0038243683520704508,-0.041190046817064285,0.02598804049193859,0.0646190270781517,-0.17027907073497772,-0.03602254390716553,-0.09994027018547058,0.23397786915302277,-0.1964704841375351,0.25519269704818726,-0.1588442325592041,-0.048216529190540314,0.09077388048171997,0.07795027643442154,-0.20816494524478912,0.4114159941673279,-0.41974908113479614,0.10545416921377182,0.09791435301303864,0.23839449882507324,0.033143412321805954,-0.2451116144657135,-0.07574278116226196,0.013695099391043186,0.10120049118995667,-0.3604220449924469,0.4416927099227905,-0.07457690685987473,0.007799246814101934,-0.03275779262185097,0.05698336660861969,0.091465525329113,0.0848073959350586,-0.022937092930078506,-0.1342228651046753,-0.18538063764572144,0.12709693610668182,-0.005289402324706316,0.06571990251541138,-2.096039821708473e-07,-0.006312407087534666,-0.0003151465789414942,-1.4263637240219396e-06,-1.4597273434446834e-07,-2.772707557596732e-05,-0.00045421617687679827,0.31772366166114807,0.004142383579164743,0.04356807842850685,0.0015997152077034116,-0.016446920111775398,0.0391756147146225,0.03436066210269928,0.03983835503458977,0.057547181844711304
233,-0.0008798558847047389,-0.005371452309191227,-0.010075713507831097,-0.011262141168117523,-0.01408185251057148,-0.012525013647973537,-0.009062395431101322,-0.007743156980723143,-0.007166680879890919,-0.008372222073376179,-0.006175384856760502,-0.005689133889973164,-0.007438291795551777,-0.010928582400083542,-0.01351466216146946,-0.016643324866890907,-0.018033189699053764,-0.017206361517310143,-0.02458222024142742,-0.027303269132971764,-0.035267382860183716,-0.04655292630195618,-0.03262776508927345,-0.03381224349141121,-0.03325735405087471,-0.014389057643711567,-0.007210232317447662,0.007473227102309465,0.021329006180167198,0.024646906182169914,0.02357039973139763,-0.009835146367549896,-0.03230808302760124,-0.045508287847042084,-0.061405349522829056,-0.09244127571582794,-0.13286279141902924,-0.12254861742258072,-0.11963498592376709,-0.08676569908857346,-0.09123361110687256,-0.10397230088710785,-0.10644655674695969,-0.10585679858922958,-0.19071470201015472,-0.11877734959125519,-0.11000840365886688,-0.08168932050466537,-0.07903808355331421,-0.050611212849617004,-0.06689298897981644,-0.023245517164468765,0.010956648737192154,0.051470816135406494,0.10813642293214798,0.051662378013134,0.06660706549882889,0.028179416432976723,0.015656113624572754,0.021100221201777458,0.006693408824503422,0.02457265369594097,0.053875453770160675,-0.010152766481041908,0.022466761991381645,0.02176341414451599,-0.018251685425639153,-0.014119023457169533,-0.03391188383102417,-0.006621283944696188,-0.01280029583722353,0.018469344824552536,0.019682379439473152,0.07845111191272736,0.018151763826608658,0.0008133924566209316,-0.021543806418776512,0.001753671676851809,-0.02206866443157196,0.017844799906015396,-0.011826344765722752,-0.022926198318600655,-0.02997652254998684,0.015110870823264122,0.011760110035538673,-0.06669823080301285,0.018367242068052292,-0.026163378730416298,0.036243122071027756,-0.11689496040344238,0.009442577138543129,0.06563817709684372,0.23485620319843292,-0.11186043173074722,-0.11158587038516998,0.11609160900115967,-0.057556748390197754,0.23196859657764435,-0.018290981650352478,0.00911953765898943,-0.18545496463775635,0.08243709057569504,0.019810030236840248,-0.07422682642936707,-0.009969925507903099,0.08337855339050293,-0.12773674726486206,-0.03493286296725273,-0.09607108682394028,0.18391810357570648,-0.25380080938339233,0.31534433364868164,-0.16880302131175995,-0.055504411458969116,0.0018189502879977226,0.0692104920744896,-0.15824225544929504,0.10158131271600723,-0.10486042499542236,0.023456284776329994,-0.015575065277516842,-0.08328693360090256,-0.039299335330724716,0.06206703186035156,0.04928646236658096,-0.030863575637340546,0.1667434722185135,-0.126216858625412,0.24768556654453278,-0.0608895905315876,0.02967330440878868,0.017634795978665352,0.07444199919700623,0.09666742384433746,0.07853391021490097,0.006787329446524382,-0.1414223462343216,-0.008337794803082943,0.12920448184013367,-0.03586115688085556,0.054271306842565536,9.222597441294056e-08,0.00897333025932312,-0.00018948411161545664,-5.355460075406882e-07,3.026268018402334e-07,-1.6229712855420075e-05,-0.00027170084649696946,0.1506892740726471,0.046837639063596725,0.03321341425180435,-0.001338181202299893,0.050199951976537704,0.037677597254514694,0.032010216265916824,0.010184107348322868,0.046500757336616516
234,-0.0008847665158100426,-0.005522771272808313,-0.010387290269136429,-0.011549253948032856,-0.014237640425562859,-0.012310437858104706,-0.009008071385324001,-0.007607727311551571,-0.007058409973978996,-0.008245262317359447,-0.006211983505636454,-0.005689341574907303,-0.00746547756716609,-0.011157989501953125,-0.01388298999518156,-0.016984645277261734,-0.01854643039405346,-0.01800982467830181,-0.024894773960113525,-0.027243200689554214,-0.03512047231197357,-0.044073544442653656,-0.025688059628009796,-0.01488436944782734,0.00356979644857347,0.0140659399330616,0.03028295561671257,0.019961288198828697,0.01014907006174326,-0.0072974893264472485,-0.03865271061658859,-0.05021482706069946,-0.049647290259599686,-0.05425293743610382,-0.06541097164154053,-0.09626508504152298,-0.13600614666938782,-0.1281508058309555,-0.12428362667560577,-0.0904015377163887,-0.09451678395271301,-0.10719417035579681,-0.1100684329867363,-0.10689680278301239,-0.19429603219032288,-0.12570933997631073,-0.1123867779970169,-0.08282017707824707,-0.07769212126731873,-0.045129939913749695,-0.043223362416028976,-0.004043882712721825,0.019184671342372894,0.031040605157613754,0.03831663727760315,0.008939028717577457,0.0007734450045973063,-0.001619387068785727,0.005486817564815283,0.03936862573027611,0.02756527066230774,0.04933146387338638,0.06837247312068939,-0.008984873071312904,0.0027367917355149984,-0.010561010800302029,-0.0020778162870556116,-0.013691384345293045,0.0011445784475654364,-0.01351687777787447,0.0036388044245541096,0.01021540630608797,-0.0010787643259391189,-0.037159353494644165,0.010955614037811756,0.004787655547261238,-0.01612505316734314,0.009516834281384945,-0.0009756033541634679,-0.004398065619170666,-0.02056294120848179,0.015845131129026413,-0.03398513421416283,-0.009591616690158844,-0.004893631674349308,-0.08567241579294205,0.032125506550073624,-0.03642428666353226,0.06512147933244705,-0.115864597260952,0.004196050576865673,0.03528148680925369,0.10625329613685608,-0.0897303894162178,-0.08775442838668823,0.10636471956968307,-0.04428187757730484,0.3069409430027008,-0.0015123547054827213,0.04867478460073471,-0.25579166412353516,0.14814287424087524,0.04706435278058052,-0.09220603853464127,0.00811714306473732,0.18367576599121094,-0.2299467921257019,0.023402243852615356,-0.10798505693674088,0.20878201723098755,-0.18838949501514435,0.24873857200145721,-0.1268172264099121,-0.01860624924302101,0.010399015620350838,0.0690993219614029,-0.1447240710258484,0.06037018820643425,-0.05466241389513016,0.017991632223129272,0.009101010859012604,-0.007052105851471424,-0.02126161754131317,0.0007959564100019634,0.05643719807267189,-0.042841095477342606,0.09764041006565094,0.00788936484605074,0.08363290876150131,-0.058416277170181274,0.0478653758764267,0.009262912906706333,0.0963394045829773,0.0732894092798233,0.12921489775180817,-0.019621949642896652,-0.1294587403535843,-0.017604686319828033,0.12610018253326416,-0.03055831417441368,0.06020275130867958,5.764501409544209e-08,0.01080631185323,-0.00034926485386677086,-1.8430713453199132e-06,4.367246617675846e-07,-2.4163469788618386e-05,-0.0007537047495134175,0.14498424530029297,0.036965735256671906,0.03413854166865349,-0.0027888186741620302,0.04312010854482651,0.038458239287137985,0.030242405831813812,0.010731982067227364,0.03805035352706909
235,-0.000888106704223901,-0.005477610509842634,-0.010452828370034695,-0.011438986286520958,-0.014330796897411346,-0.012642215937376022,-0.009289312176406384,-0.007741546258330345,-0.007207495626062155,-0.008403677493333817,-0.006287464872002602,-0.005872831679880619,-0.00759632233530283,-0.011013245210051537,-0.013623113743960857,-0.016642602160573006,-0.01823567785322666,-0.017735082656145096,-0.025138046592473984,-0.027474308386445045,-0.03539828583598137,-0.046738941222429276,-0.032764192670583725,-0.03483552858233452,-0.03684549406170845,-0.019664986059069633,-0.022534290328621864,-0.01024734415113926,-0.002538171596825123,0.0048956791870296,0.016146734356880188,0.009941824711859226,-0.0031127433758229017,-0.019034169614315033,-0.040099725127220154,-0.07700690627098083,-0.12455464899539948,-0.12121983617544174,-0.12203648686408997,-0.08935093879699707,-0.0922614261507988,-0.10529133677482605,-0.10901131480932236,-0.10661788284778595,-0.1940869688987732,-0.12136296927928925,-0.11217733472585678,-0.07964270561933517,-0.07436585426330566,-0.03805773705244064,-0.029668794944882393,0.006424545776098967,0.025654811412096024,0.03589600697159767,0.04391056299209595,0.013936042785644531,0.017031490802764893,0.010223140008747578,0.01037443894892931,0.03300943598151207,0.018487125635147095,0.03521022945642471,0.06593011319637299,-0.006468233186751604,0.0218537375330925,0.024908242747187614,-0.02389555424451828,-0.010737503878772259,0.00566064054146409,-0.010423381812870502,-0.010078431107103825,0.011518772691488266,0.007185789290815592,0.024603353813290596,0.016470830887556076,0.001847168430685997,-0.004328541457653046,-0.00557286012917757,-0.008546493947505951,-0.0019965108949691057,-0.022800935432314873,0.002523631788790226,-0.03132789954543114,0.017285499721765518,0.03134811669588089,-0.09856954216957092,0.037899088114500046,-0.0350273922085762,0.1077490821480751,-0.14498718082904816,0.019292520359158516,0.05081507936120033,0.1896435171365738,-0.10486549139022827,-0.09982304275035858,0.10528137534856796,-0.04983101040124893,0.24440361559391022,-0.02286788448691368,0.007841198705136776,-0.18375146389007568,0.07973269373178482,0.017741920426487923,-0.07478892803192139,-0.006909100338816643,0.1300450712442398,-0.19364139437675476,-0.002859780564904213,-0.10437184572219849,0.19620217382907867,-0.1877685934305191,0.2655505836009979,-0.13669100403785706,-0.030267169699072838,0.007694545667618513,0.07329598069190979,-0.18051029741764069,0.20189590752124786,-0.21930481493473053,0.06354983150959015,0.027136847376823425,0.0440063551068306,-0.04303494095802307,-0.0010680255945771933,0.041481852531433105,-0.029644586145877838,0.14516028761863708,-0.04840962216258049,0.1523037701845169,-0.06135771796107292,0.04702591523528099,0.014409898780286312,0.06317977607250214,0.08390854299068451,0.1060505360364914,0.03273957222700119,-0.17623387277126312,-0.01298508234322071,0.12439409643411636,-0.03365561366081238,0.050845514982938766,5.1747679918889844e-08,-0.006851512473076582,-0.0003799583937507123,-2.5968881800508825e-06,5.136276968187303e-07,-2.8430878955987282e-05,-0.0007683974108658731,0.14227795600891113,0.03624623641371727,0.03476899117231369,-0.0012985970824956894,0.05262419953942299,0.03873690217733383,0.04014158993959427,0.009930885396897793,0.04872850701212883
236,-0.0013808788498863578,-0.006302978377789259,-0.013340411707758904,-0.017636626958847046,-0.019834497943520546,-0.016288448125123978,-0.011713570915162563,-0.01034042052924633,-0.009043998084962368,-0.009838542900979519,-0.007700216956436634,-0.006701679900288582,-0.008763138204813004,-0.012103836983442307,-0.014573689550161362,-0.017914392054080963,-0.01970999874174595,-0.018116343766450882,-0.025325162336230278,-0.0297081395983696,-0.039150286465883255,-0.05080171301960945,-0.03582891821861267,-0.038425855338573456,-0.040956370532512665,-0.022899793460965157,-0.03160276263952255,-0.021523592993617058,-0.025754978880286217,-0.02998325228691101,-0.05694274976849556,-0.05279337242245674,-0.04101549834012985,-0.026207245886325836,-0.006376507226377726,0.025891749188303947,0.05908495560288429,0.05487155541777611,0.03248856961727142,0.0042364937253296375,-0.008914989419281483,-0.031297314912080765,-0.06074871867895126,-0.08188016712665558,-0.18292932212352753,-0.1353129893541336,-0.12284223735332489,-0.0895783081650734,-0.08449466526508331,-0.06492038816213608,-0.09392588585615158,-0.06535936892032623,-0.05604681745171547,-0.04788624495267868,-0.06505562365055084,-0.03171909973025322,-0.05826754868030548,-0.04462055489420891,-0.05618549510836601,-0.08345616608858109,-0.030058767646551132,-0.04839198291301727,-0.07785920798778534,0.002264948794618249,-0.027837730944156647,-0.06057177856564522,0.04900577664375305,-0.013152219355106354,-0.0962754413485527,0.028745271265506744,0.0026534299831837416,-0.02108517661690712,-0.03865606710314751,-0.10069825500249863,-0.0012659351341426373,-0.007267026696354151,0.009683094918727875,-0.017832893878221512,-0.00981249287724495,-0.001535393064841628,-0.02108565904200077,0.03423582762479782,-0.01417469047009945,0.022507622838020325,0.030981626361608505,-0.12182006984949112,0.02733231708407402,-0.06838992983102798,0.15357528626918793,-0.13028055429458618,0.05177250877022743,0.0645616427063942,0.16663768887519836,-0.07608365267515182,-0.09535922110080719,0.12332542985677719,-0.04726582020521164,0.33901146054267883,0.009453539736568928,0.039084501564502716,-0.2745615541934967,0.1392505019903183,0.06953214108943939,-0.11785448342561722,-0.047933198511600494,0.3883189558982849,-0.23118458688259125,0.11951778829097748,-0.16532722115516663,0.3116636872291565,-0.2213234007358551,0.2508912682533264,-0.1039634495973587,0.020313864573836327,0.023791365325450897,0.029476778581738472,-0.16385608911514282,0.23736903071403503,-0.3319986164569855,0.08722399175167084,0.012108405120670795,0.30946317315101624,-0.052943624556064606,-0.22878217697143555,-0.14012035727500916,0.07442668825387955,0.2354455292224884,-0.35779958963394165,0.5316997170448303,-0.05450917035341263,-0.15313538908958435,0.03386576101183891,0.23458828032016754,-0.32562100887298584,0.09097360074520111,0.4639659821987152,-0.4351654052734375,0.19275423884391785,0.14427269995212555,-0.06224071979522705,0.07164248824119568,-9.193252026307164e-07,0.03862055763602257,0.00010972255404340103,6.128381755843293e-06,-1.7825918803282548e-06,-1.62796914082719e-05,-0.00028228157316334546,2.444949150085449,-0.2504024803638458,0.0008413293398916721,-0.004612083546817303,0.08436238765716553,-0.048842739313840866,0.018101047724485397,-0.051795151084661484,-0.026567500084638596
237,-0.001201012753881514,-0.00583242904394865,-0.012448819354176521,-0.016450362280011177,-0.018733464181423187,-0.015494154766201973,-0.010969203896820545,-0.009766492061316967,-0.008507353253662586,-0.009402698837220669,-0.007667574565857649,-0.006509775761514902,-0.00845364574342966,-0.01174171268939972,-0.014245690777897835,-0.017462190240621567,-0.01903029903769493,-0.01768486388027668,-0.024959566071629524,-0.029104474931955338,-0.03720017150044441,-0.0485335998237133,-0.0330856554210186,-0.030178962275385857,-0.019665364176034927,0.0023503792472183704,0.029169339686632156,0.03306403011083603,0.04503488168120384,0.036002110689878464,0.020801378414034843,-0.02229343168437481,-0.04189920052886009,-0.05258060619235039,-0.06483551114797592,-0.10255445539951324,-0.14634212851524353,-0.14818529784679413,-0.1406812220811844,-0.10150586813688278,-0.1021854504942894,-0.11244305223226547,-0.11725439131259918,-0.10806883126497269,-0.20276901125907898,-0.1324950009584427,-0.11828132718801498,-0.08562950044870377,-0.07901379466056824,-0.06093733757734299,-0.08888692408800125,-0.0601518452167511,-0.05175673961639404,-0.045793816447257996,-0.06193137913942337,-0.03076385334134102,-0.05542272329330444,-0.04522223770618439,-0.053289126604795456,-0.0764455497264862,-0.02447202242910862,-0.03380531445145607,-0.03508372604846954,-0.007322213146835566,-0.004652333911508322,-0.008916684426367283,0.018752634525299072,-0.010810480453073978,-0.09176237136125565,0.024440359324216843,0.007155111059546471,-0.02147449553012848,-0.05039966106414795,-0.19529539346694946,-0.03590624779462814,-0.02178824134171009,0.08455951511859894,-0.028878232464194298,-0.0037328379694372416,0.016277750954031944,-0.014385399408638477,0.03098844550549984,-0.01651187427341938,0.015157774090766907,0.026079446077346802,-0.09686730802059174,0.03519821539521217,-0.05864611640572548,0.14345282316207886,-0.12983112037181854,0.04580633342266083,0.05348121374845505,0.15245965123176575,-0.08696220070123672,-0.07724970579147339,0.08153393864631653,-0.060842741280794144,0.2736966609954834,0.0021718679927289486,0.040667567402124405,-0.27363935112953186,0.14617565274238586,0.0663427785038948,-0.10263032466173172,-0.036790888756513596,0.3739932179450989,-0.21622179448604584,0.1256936490535736,-0.13953052461147308,0.34287789463996887,-0.3483661115169525,0.2363324910402298,-0.2457098513841629,0.016523241996765137,0.07949817180633545,0.1284337341785431,-0.19692495465278625,0.348015695810318,-0.3495204448699951,0.10915557295084,0.03199271112680435,0.2651427388191223,-0.039204590022563934,-0.20186515152454376,-0.09233108907938004,0.05788782611489296,0.22371283173561096,-0.33421826362609863,0.5389589071273804,-0.05228525772690773,-0.04111121594905853,0.0282661784440279,0.1818990558385849,-0.21448299288749695,0.12768013775348663,0.34057101607322693,-0.4285428822040558,0.18465889990329742,0.15635889768600464,-0.04709767550230026,0.08326032757759094,-8.132834494745111e-08,0.04785239323973656,0.001687726005911827,6.446939551096875e-06,6.133251645223936e-06,0.00012543950288090855,0.0032351177651435137,2.4356043338775635,-0.39234647154808044,-0.01611621305346489,0.01708558388054371,0.05371721088886261,0.010922201909124851,0.021591374650597572,-0.0501319095492363,0.058036305010318756
238,-0.0009296104544773698,-0.005574962589889765,-0.010401732288300991,-0.012409099377691746,-0.01434825174510479,-0.012938987463712692,-0.009323475882411003,-0.007706926669925451,-0.007178010884672403,-0.008053426630795002,-0.0067882295697927475,-0.005936408415436745,-0.008145999163389206,-0.011441257782280445,-0.01363191194832325,-0.017040502279996872,-0.018322955816984177,-0.017681196331977844,-0.024218924343585968,-0.026098031550645828,-0.02896035648882389,-0.02484281361103058,0.0015991636319085956,0.02497044764459133,0.041393548250198364,0.022769169881939888,0.015071162953972816,-0.0028704998549073935,-0.01538839377462864,-0.026672903448343277,-0.05565834045410156,-0.057249706238508224,-0.05100829899311066,-0.05604422092437744,-0.06365630030632019,-0.09695703536272049,-0.13526234030723572,-0.13022223114967346,-0.12120863795280457,-0.08840432018041611,-0.09074247628450394,-0.10449456423521042,-0.10867445170879364,-0.10594329237937927,-0.18918508291244507,-0.12795138359069824,-0.11261393874883652,-0.08863706141710281,-0.08246555179357529,-0.0552385151386261,-0.08948596566915512,-0.057609058916568756,-0.05616138130426407,-0.044193778187036514,-0.051661763340234756,-0.016572080552577972,0.02711532823741436,0.10334442555904388,0.18156477808952332,0.31994324922561646,0.1204746812582016,0.13344290852546692,0.12012282013893127,-0.019760504364967346,0.0002800406364258379,-0.0003471282252576202,0.005792610812932253,-0.01480747852474451,-0.10434150695800781,0.013213733211159706,-0.019488481804728508,-0.045347899198532104,-0.023419570177793503,-0.02741176262497902,0.02062716893851757,0.011674263514578342,-0.009085709229111671,-0.025424333289265633,-0.03040052205324173,0.05464465916156769,0.05653113126754761,-0.0031553981825709343,-0.019395973533391953,0.012744305655360222,-0.009531434625387192,-0.05223250016570091,0.007892856374382973,-0.029350217431783676,0.0021601838525384665,-0.09701691567897797,-0.004290685057640076,0.043350301682949066,0.10294585675001144,-0.10890062153339386,-0.0769096165895462,0.09321411699056625,-0.024400142952799797,0.3283340334892273,-0.01843661069869995,0.03159578889608383,-0.2831505537033081,0.16014645993709564,0.05571584403514862,-0.07176404446363449,0.026752866804599762,0.2985439598560333,-0.26741087436676025,0.13837529718875885,-0.12328769266605377,0.2836495637893677,-0.31355008482933044,0.297960489988327,-0.21204598248004913,-0.00993015430867672,-0.01370048988610506,-0.03304116427898407,-0.014747661538422108,-0.2774326801300049,0.18442566692829132,-0.05626421794295311,0.04390494152903557,-0.4300099313259125,0.05808968469500542,0.45389458537101746,0.18166236579418182,-0.09910553693771362,0.07171887159347534,0.023698989301919937,0.16806422173976898,-0.08880233764648438,0.0014843259705230594,0.02345934510231018,0.17545929551124573,-0.2608354389667511,0.16958171129226685,0.5187402367591858,-0.40113306045532227,0.0806109756231308,0.1360306590795517,-0.07610245794057846,-0.07990308851003647,-1.782826046792252e-07,0.038251668214797974,0.0001134682388510555,2.7346941351424903e-06,-2.13733656551085e-07,2.515635515010217e-06,-0.00013961557124275714,0.042102158069610596,0.06383807212114334,0.05102885514497757,-0.0031617027707397938,0.03991539031267166,0.03644554316997528,0.03978322073817253,0.11407189816236496,0.036984559148550034
239,-0.0009741791873238981,-0.005785556975752115,-0.010750845074653625,-0.014094731770455837,-0.015625204890966415,-0.014172310940921307,-0.010152816772460938,-0.008450091816484928,-0.007892600260674953,-0.008921759203076363,-0.007173777092248201,-0.006192217580974102,-0.008330962620675564,-0.011648183688521385,-0.01413038931787014,-0.017555855214595795,-0.018921982496976852,-0.0181450005620718,-0.02506474032998085,-0.02815343625843525,-0.03618510439991951,-0.04857479780912399,-0.03402891755104065,-0.03608691692352295,-0.0387285016477108,-0.02187027968466282,-0.028120238333940506,-0.016321977600455284,-0.009016532450914383,0.005068628583103418,0.031053809449076653,0.030002720654010773,0.009021914564073086,-0.01623222604393959,-0.043060045689344406,-0.08483622968196869,-0.13361889123916626,-0.13072915375232697,-0.12727293372154236,-0.09229034185409546,-0.09506446123123169,-0.10668133199214935,-0.11181043833494186,-0.10735152661800385,-0.19316887855529785,-0.12201106548309326,-0.10142292827367783,-0.06323888897895813,-0.047866638749837875,-0.028518933802843094,-0.04965466633439064,-0.03886076435446739,-0.04386988654732704,-0.04152120277285576,-0.05548319220542908,-0.023605337366461754,-0.019453413784503937,0.00829682033509016,0.025360582396388054,0.06372625380754471,0.014139451086521149,0.0036412538029253483,-0.02826743572950363,-0.004946047905832529,-0.02456042170524597,-0.03783056139945984,0.007518276572227478,-0.012272968888282776,0.05257013812661171,-0.03750993311405182,-0.018957335501909256,0.03694071248173714,0.016615604981780052,-0.01632789522409439,0.0071429056115448475,-0.005587475840002298,-0.009572328068315983,-0.01554777193814516,-0.016010452061891556,0.021832851693034172,0.001420918619260192,0.005397319793701172,-0.010538711212575436,0.03349195793271065,0.05054909363389015,-0.10506927967071533,0.04383586719632149,-0.03630354255437851,0.11891400814056396,-0.123959980905056,0.01104612648487091,0.04912129417061806,0.14573286473751068,-0.08245643228292465,-0.06389156728982925,0.1105259358882904,-0.04959021508693695,0.32016533613204956,-0.02003634348511696,0.017793996259570122,-0.19372881948947906,0.08472146838903427,0.01705263741314411,-0.09190019965171814,-0.0016814753180369735,0.27531304955482483,-0.24981674551963806,0.025904307141900063,-0.11172770708799362,0.20659103989601135,-0.21224024891853333,0.24698254466056824,-0.16535669565200806,-0.023491717875003815,0.0010413223644718528,0.02237529307603836,-0.15274614095687866,0.14931821823120117,-0.22330355644226074,0.07118773460388184,0.04643340781331062,0.11837748438119888,-0.05821198597550392,-0.030977096408605576,0.05946514382958412,-0.05676638334989548,0.16306081414222717,-0.04087493568658829,0.09023013710975647,-0.10427320003509521,0.08864780515432358,-0.006296066101640463,0.11007750034332275,-0.13507609069347382,0.10330017656087875,0.3500525653362274,-0.40294286608695984,0.15785211324691772,0.19675593078136444,-0.03441072255373001,0.05897939205169678,-3.001808011049434e-07,-0.01604960300028324,-3.4262331610079855e-05,-2.9965150361022097e-07,-4.7045793394318025e-07,-1.40203283081064e-05,7.640142575837672e-05,0.7234295606613159,-0.03545054420828819,0.011354208923876286,-0.002534601604565978,0.06258735060691833,0.03310514613986015,0.011244703084230423,-0.0466533899307251,0.01320329587906599
240,-0.0008822741801850498,-0.005458401516079903,-0.010471523739397526,-0.011428268626332283,-0.014136914163827896,-0.012539121322333813,-0.00920736975967884,-0.0076064723543822765,-0.007109210826456547,-0.008310038596391678,-0.006347718182951212,-0.0058846985921263695,-0.007653327193111181,-0.011035255156457424,-0.013596272096037865,-0.0165778249502182,-0.018277866765856743,-0.017975322902202606,-0.025216909125447273,-0.02747107483446598,-0.034668006002902985,-0.043981220573186874,-0.026991328224539757,-0.02048901654779911,-0.010577994398772717,0.0001439004990970716,0.005707364063709974,0.00535228755325079,0.005855363793671131,0.003600905416533351,-0.0029026695992797613,-0.01876675896346569,-0.032393354922533035,-0.04488132894039154,-0.06073492020368576,-0.09186119586229324,-0.13391411304473877,-0.12412795424461365,-0.12299159914255142,-0.08984440565109253,-0.09185446053743362,-0.1046634241938591,-0.10936179757118225,-0.10649071633815765,-0.19460435211658478,-0.12307380139827728,-0.11255238205194473,-0.0800696611404419,-0.077095627784729,-0.04075844958424568,-0.03694624826312065,0.0008349680574610829,0.021196624264121056,0.03215290606021881,0.03697473555803299,0.010233270935714245,0.010924146510660648,0.009959178045392036,0.011588080786168575,0.0351283922791481,0.019576670601963997,0.03900067135691643,0.08416759967803955,-0.0036198883317410946,0.04629193991422653,0.05599239841103554,-0.037828706204891205,-0.011778916232287884,-0.017857179045677185,-0.007415704429149628,-0.007700586691498756,0.007962430827319622,0.008594061248004436,0.0371711403131485,0.01972489058971405,0.0008598465356044471,0.004443081095814705,-0.03491881117224693,-0.03511901944875717,0.006101734470576048,-0.01925203762948513,0.005506930407136679,-0.029879402369260788,-0.017836663872003555,-0.014047292061150074,-0.06992534548044205,0.033815622329711914,-0.03809701278805733,0.13485786318778992,-0.1485910266637802,0.017453301697969437,0.044736992567777634,0.1378006637096405,-0.08249586075544357,-0.06274192780256271,0.06613311916589737,-0.0433567650616169,0.24245776236057281,-0.02429719641804695,0.02679319866001606,-0.23123525083065033,0.10970380157232285,0.027439508587121964,-0.0823323130607605,-0.0002055774093605578,0.19228211045265198,-0.2280789017677307,-0.0012375802034512162,-0.10112952440977097,0.18723098933696747,-0.1880795657634735,0.2698655426502228,-0.1410377323627472,-0.033470794558525085,0.01019629742950201,0.0767398253083229,-0.18247510492801666,0.16736853122711182,-0.16698002815246582,0.03556324914097786,0.006117380224168301,-0.0030799012165516615,-0.03156404197216034,0.0032874809112399817,0.03993857651948929,-0.036449283361434937,0.12327378243207932,0.02353191375732422,-0.050274454057216644,-0.04818205162882805,0.13548240065574646,-0.0032751341350376606,-0.024596864357590675,0.14152675867080688,0.11250811815261841,0.04191533848643303,-0.22340311110019684,0.04233521223068237,0.14931684732437134,-0.04551362246274948,0.051470015197992325,2.657574382780581e-09,0.0007266649627126753,-0.0003731446631718427,-2.2889864794706227e-06,3.9140496710388106e-07,-2.8690305043710396e-05,-0.0007731246878392994,0.06847967207431793,0.050472959876060486,0.04276001825928688,-0.002159707946702838,0.042277123779058456,0.03878328576683998,0.04586377739906311,0.03597811609506607,0.04348945990204811
241,-0.000859145016875118,-0.005323340650647879,-0.010099932551383972,-0.011130023747682571,-0.014005113393068314,-0.012355240061879158,-0.009087544865906239,-0.007522745989263058,-0.007249484304338694,-0.008144570514559746,-0.00611207215115428,-0.0056394063867628574,-0.007374769542366266,-0.010493963025510311,-0.013203750364482403,-0.01611746847629547,-0.0174364373087883,-0.016955707222223282,-0.024128371849656105,-0.026819147169589996,-0.034428671002388,-0.04586601257324219,-0.03168146684765816,-0.034090232104063034,-0.036388978362083435,-0.01960095949470997,-0.022318609058856964,-0.009231827221810818,0.0023543480783700943,0.016206737607717514,0.039265114814043045,0.0207328200340271,-0.005733794067054987,-0.028858035802841187,-0.05103115737438202,-0.08588255941867828,-0.1275772750377655,-0.11852778494358063,-0.1160610094666481,-0.08612652122974396,-0.08765460550785065,-0.10019952058792114,-0.10316688567399979,-0.10408622771501541,-0.1877729743719101,-0.11506293714046478,-0.10891126841306686,-0.07774991542100906,-0.07692847400903702,-0.04763105884194374,-0.06662773340940475,-0.03504353389143944,-0.026613978669047356,-0.023525413125753403,-0.034025806933641434,-0.01755218394100666,-0.018917391076683998,-0.002238771878182888,0.008674738928675652,0.03154527395963669,0.009736496955156326,0.020400427281856537,0.03102347068488598,-0.007420776411890984,0.011529989540576935,0.040599651634693146,-0.05291074514389038,-0.005474764388054609,0.12341048568487167,-0.03201841562986374,-0.02395614981651306,0.030648615211248398,0.01842929609119892,-0.004081866703927517,-0.0017899404047057033,-0.010632934980094433,0.05205262824892998,-0.07433544099330902,-0.05691247060894966,0.04251517355442047,-0.004931365139782429,-0.012407674454152584,-0.02836802788078785,0.011841613799333572,0.018346214666962624,-0.09107117354869843,0.06172065809369087,-0.02692345529794693,0.16068939864635468,-0.13317997753620148,0.033530138432979584,0.05279238522052765,0.1684064418077469,-0.07849399000406265,-0.07591529935598373,0.0931696742773056,-0.05071503669023514,0.2246568650007248,-0.014576692134141922,-0.00021546072093769908,-0.16312643885612488,0.07105758786201477,0.01354940515011549,-0.0794319212436676,-0.015930112451314926,0.08206731081008911,-0.1564665287733078,-0.032101359218358994,-0.1150602176785469,0.18255117535591125,-0.18096528947353363,0.2566993236541748,-0.15084213018417358,-0.04662013798952103,-0.006668862886726856,0.049955084919929504,-0.16567321121692657,0.19761961698532104,-0.23335988819599152,0.06445349007844925,0.02774343453347683,0.03318838030099869,-0.04197140038013458,-0.005870552733540535,0.01112479716539383,-0.023606615141034126,0.1763032078742981,-0.13221269845962524,0.1844235509634018,-0.06451970338821411,0.08118410408496857,0.0015116407303139567,0.08803082257509232,0.009772560559213161,0.10032445192337036,0.0886242613196373,-0.16401389241218567,-0.046786487102508545,0.04526646435260773,-0.01702817901968956,0.039039578288793564,6.023347509653831e-08,-0.0009921506280079484,-0.00020605196186807007,-9.626568271414726e-07,1.8633635079368105e-07,-1.3067387044429779e-05,-0.000352595467120409,0.16790395975112915,0.02416391111910343,0.03055686131119728,-0.00045669355313293636,0.05419322848320007,0.03555672988295555,0.029658347368240356,-0.005437362939119339,0.04850078374147415
242,-0.0008509682957082987,-0.00538641819730401,-0.010312621481716633,-0.012797895818948746,-0.01418314129114151,-0.013059157878160477,-0.00928047951310873,-0.007548781111836433,-0.007241282146424055,-0.00784304179251194,-0.0067336224019527435,-0.0059461211785674095,-0.008050755597651005,-0.011323251761496067,-0.013226981274783611,-0.01651989482343197,-0.017953364178538322,-0.0170143935829401,-0.023935619741678238,-0.027229441329836845,-0.03455756977200508,-0.04388584941625595,-0.023866280913352966,-0.01013367623090744,0.010879785753786564,0.01833578757941723,0.03242024779319763,0.018014686182141304,0.0060245320200920105,-0.011857684701681137,-0.043954260647296906,-0.053235482424497604,-0.05034324526786804,-0.05492763966321945,-0.06153055652976036,-0.09291639178991318,-0.13321226835250854,-0.12589286267757416,-0.11853760480880737,-0.08581987768411636,-0.08957752585411072,-0.10308272391557693,-0.10950404405593872,-0.10624455660581589,-0.1875886172056198,-0.12709586322307587,-0.1144217774271965,-0.08817091584205627,-0.08336669951677322,-0.05573837459087372,-0.0889485701918602,-0.05677640065550804,-0.05554730072617531,-0.04570206254720688,-0.05180617794394493,-0.020192602649331093,0.008939074352383614,0.06692797690629959,0.11398583650588989,0.2316802740097046,0.10286303609609604,0.15129195153713226,0.237748384475708,-0.0033683625515550375,0.014454640448093414,0.01216309517621994,0.014998743310570717,-0.02598004974424839,-0.12004753202199936,0.016802841797471046,-0.008875374682247639,-0.0023112602066248655,0.015283314511179924,0.058800164610147476,0.019152119755744934,-0.003603799268603325,0.02685806155204773,-0.0554836168885231,-0.047413818538188934,0.11385207623243332,0.10256979614496231,0.014580681920051575,0.001087408047169447,0.03808743879199028,0.012049430049955845,-0.06268680840730667,0.004280452616512775,-0.03093797154724598,0.008488533087074757,-0.10613242536783218,-0.010228950530290604,0.02746449038386345,0.06069699674844742,-0.07721830159425735,-0.06456426531076431,0.06730715185403824,-0.009625563398003578,0.30976417660713196,-0.03745810687541962,0.03658776730298996,-0.27138403058052063,0.16601082682609558,0.04797501862049103,-0.04530839994549751,0.026377489790320396,0.27149757742881775,-0.23442290723323822,0.09674001485109329,-0.09467675536870956,0.2744241952896118,-0.31019461154937744,0.2990054190158844,-0.2155739963054657,0.008828829042613506,0.023385098204016685,0.014875391498208046,0.07004328072071075,-0.7189587354660034,0.470731645822525,-0.09121595323085785,-0.12247304618358612,-0.2995966374874115,-0.04594580456614494,0.221390962600708,0.10063664615154266,-0.11232239753007889,0.023416344076395035,0.08010728657245636,-0.05189802497625351,-0.134059339761734,0.0684238076210022,0.0006369100883603096,0.16821396350860596,-0.29233038425445557,0.12463528662919998,0.5508257746696472,-0.5282427668571472,0.03240783512592316,0.08541492372751236,-0.001709266914986074,0.12548834085464478,-2.529995413169672e-07,0.03240764141082764,0.00010002087947214022,2.4880932869564276e-06,-1.6786195544682414e-07,1.4007512618263718e-05,7.565899431938305e-05,0.04016278684139252,0.06508027762174606,0.04850437119603157,-0.0027593530248850584,0.04422784224152565,0.03375716507434845,0.038540299981832504,0.10093949735164642,0.03413334861397743
243,-0.0009949147934094071,-0.005780207924544811,-0.010872546583414078,-0.013333168812096119,-0.015515560284256935,-0.013782495632767677,-0.009794270619750023,-0.0082683265209198,-0.007595556788146496,-0.008777715265750885,-0.006836976855993271,-0.006146919913589954,-0.008042843081057072,-0.011577622964978218,-0.014217661693692207,-0.017535531893372536,-0.019084515050053596,-0.01843665912747383,-0.02512885443866253,-0.028063418343663216,-0.03688853979110718,-0.048544809222221375,-0.033513229340314865,-0.033631887286901474,-0.02991214022040367,-0.009484938345849514,0.004184200428426266,0.016103466972708702,0.02704773098230362,0.022484850138425827,0.008792070671916008,-0.024859700351953506,-0.04191357642412186,-0.05299321562051773,-0.06628138571977615,-0.10041272640228271,-0.1439608484506607,-0.1359625607728958,-0.1300397366285324,-0.09245003014802933,-0.09717229753732681,-0.1095653772354126,-0.11397959291934967,-0.10696510970592499,-0.1947416514158249,-0.11924881488084793,-0.09558247029781342,-0.057490892708301544,-0.0451323539018631,-0.030458712950348854,-0.05654233321547508,-0.04408898949623108,-0.04456861689686775,-0.03298880159854889,-0.032362259924411774,-0.008184697479009628,0.0030541010200977325,0.00937732309103012,0.0030753621831536293,-0.0015492101665586233,-0.00794895924627781,-0.01353443879634142,-0.013763097114861012,-0.010368602350354195,-0.0010060335043817759,0.004444201942533255,-0.01708328351378441,-0.0171069223433733,-0.05502628535032272,-0.003876920323818922,-0.008681011386215687,-0.018786607310175896,-0.004269698169082403,0.014393470250070095,0.02616473101079464,0.0015662485966458917,-0.04046168923377991,0.009535318240523338,0.0031898790039122105,-0.005352754611521959,-0.019600285217165947,0.026385659351944923,-0.03376198187470436,-0.0035443666856735945,-0.0016012833220884204,-0.07651815563440323,0.03540714457631111,-0.04817114397883415,0.1230621486902237,-0.14202620089054108,0.01685395836830139,0.03044949471950531,0.09173315018415451,-0.07698582857847214,-0.052045442163944244,0.07274060696363449,-0.042840734124183655,0.25517117977142334,-0.007270555477589369,0.0376734584569931,-0.27288618683815,0.16294026374816895,0.05416719615459442,-0.09526757150888443,0.005745315924286842,0.2997174859046936,-0.2736063301563263,0.04610768333077431,-0.10134947299957275,0.2150450348854065,-0.18147914111614227,0.23564429581165314,-0.14106102287769318,0.0015217122854664922,0.037384722381830215,0.08911174535751343,-0.1550307720899582,0.06259065121412277,-0.1323470026254654,0.0627041682600975,0.0385521799325943,0.14009617269039154,-0.05030422285199165,-0.04462127760052681,0.047736991196870804,-0.07912180572748184,0.09853561222553253,-0.021762007847428322,0.2376384735107422,-0.06529697775840759,0.01749074086546898,0.02715545892715454,0.09297391027212143,0.07297012209892273,0.10732033103704453,0.0456315279006958,-0.28226372599601746,0.08547715097665787,0.16918879747390747,-0.052847206592559814,0.060045596212148666,-1.9700991060744855e-07,-0.008420788682997227,-0.00023623630113434047,-1.40101201395737e-06,-2.0131280109580985e-07,-2.1195666704443283e-05,-0.0003742942353710532,0.6465919613838196,-0.013464730232954025,0.03594180569052696,-0.0019820285961031914,0.052724387496709824,0.035725731402635574,0.029437897726893425,0.013703173957765102,0.05617975443601608
244,-0.0011022784747183323,-0.004392044153064489,-0.006257056258618832,-0.002154531190171838,0.006315593142062426,0.011656828224658966,0.009162322618067265,0.004226278979331255,-0.001501438906416297,-0.0063419644720852375,-0.006838491186499596,-0.006459572818130255,-0.00866782944649458,-0.012033436447381973,-0.014560929499566555,-0.01795586571097374,-0.019595008343458176,-0.017979182302951813,-0.024838192388415337,-0.029482902958989143,-0.038658346980810165,-0.05038781836628914,-0.03553570806980133,-0.03816119581460953,-0.04076142981648445,-0.0227022934705019,-0.031470563262701035,-0.02133134938776493,-0.025527644902467728,-0.029752621427178383,-0.05728806182742119,-0.054237719625234604,-0.04485263675451279,-0.03488827496767044,-0.020833047106862068,0.0008379509672522545,0.028693050146102905,0.02801499143242836,-0.0025021496694535017,-0.03084353730082512,-0.04866650328040123,-0.06203511729836464,-0.07211895287036896,-0.07743719220161438,-0.1677306741476059,-0.12310986965894699,-0.11168833076953888,-0.07571184635162354,-0.05989955738186836,-0.0361902192234993,-0.046608734875917435,-0.03543349355459213,-0.03873976692557335,-0.03895921632647514,-0.059414222836494446,-0.029537685215473175,-0.055829066783189774,-0.042138632386922836,-0.05415260046720505,-0.07995228469371796,-0.025394337251782417,-0.04585976526141167,-0.07476061582565308,0.006487003527581692,-0.024738170206546783,-0.05746397376060486,0.05294231325387955,-0.008468946442008018,-0.08988849073648453,0.030217858031392097,0.003011508611962199,-0.020265037193894386,-0.03044738620519638,-0.08134431391954422,0.0009777381783351302,-0.008732258342206478,0.018493296578526497,-0.0185839906334877,-0.003996279090642929,0.0012253525201231241,-0.035185329616069794,0.030224189162254333,-0.03214317560195923,-0.0040201228111982346,0.006212648469954729,-0.0910145714879036,0.028120853006839752,-0.05625966563820839,0.14104993641376495,-0.12486694008111954,0.047942619770765305,0.06323762983083725,0.16154643893241882,-0.07751687616109848,-0.0883544385433197,0.11620831489562988,-0.04703889414668083,0.33416253328323364,0.015203280374407768,0.045997679233551025,-0.2822394371032715,0.1487748771905899,0.07238256186246872,-0.10917593538761139,-0.03790070861577988,0.3861220180988312,-0.2229156196117401,0.12461616098880768,-0.16326557099819183,0.30469346046447754,-0.23552846908569336,0.24495600163936615,-0.10280841588973999,0.02681451104581356,0.04991837590932846,0.06605653464794159,-0.1757487654685974,0.3017122149467468,-0.3235834538936615,0.10317631810903549,0.020270390436053276,0.27973473072052,-0.05204252526164055,-0.2165423035621643,-0.1397484689950943,0.07266607880592346,0.23407481610774994,-0.33097192645072937,0.5297146439552307,-0.055146846920251846,-0.13367140293121338,0.025329632684588432,0.2177957445383072,-0.316596120595932,0.11161579936742783,0.4602530002593994,-0.4509636163711548,0.19290539622306824,0.13373859226703644,-0.048050448298454285,0.07642078399658203,-1.0934552392427577e-06,0.028833938762545586,-0.0001959383807843551,1.826270590754575e-06,-1.9730969142983668e-06,-2.148255407519173e-05,-0.0006225527613423765,2.5097432136535645,-0.27173370122909546,-0.01739337295293808,0.004765569698065519,-0.021095583215355873,-0.001794873969629407,0.0023678478319197893,-0.05125356838107109,-0.013393656350672245
245,-0.0009951898828148842,-0.00501058716326952,-0.009748737327754498,-0.011338368989527225,-0.013152268715202808,-0.00793521385639906,-0.0007122844690456986,0.0067978729493916035,0.01323592010885477,0.019258536398410797,0.015238972380757332,0.013688324019312859,0.01195970457047224,0.00866925623267889,0.0021875465754419565,-0.007030464708805084,-0.013623597100377083,-0.014153569005429745,-0.023039329797029495,-0.02502981387078762,-0.03403935581445694,-0.042302001267671585,-0.029895910993218422,-0.032038308680057526,-0.0359201617538929,-0.018704041838645935,-0.022646021097898483,-0.009282480925321579,0.0032350316178053617,0.025186168029904366,0.07709139585494995,0.07644291967153549,0.05412376672029495,0.023638060316443443,-0.0072859302163124084,-0.05053035542368889,-0.10189450532197952,-0.11067178100347519,-0.11726255714893341,-0.08469460159540176,-0.08512232452630997,-0.09532792866230011,-0.10265570878982544,-0.102865070104599,-0.1849958449602127,-0.11026780307292938,-0.10786823183298111,-0.07334505021572113,-0.07365227490663528,-0.04884641245007515,-0.07783591747283936,-0.0564332976937294,-0.0421474426984787,-0.04189175367355347,-0.05167994648218155,-0.02192380279302597,-0.02907807007431984,-0.018511096015572548,-0.02481008507311344,-0.02856488712131977,-0.009548976086080074,-0.009670772589743137,-0.0033754140604287386,0.0006472543464042246,0.012978299520909786,0.03654921054840088,-0.010388062335550785,-0.026056526228785515,-0.024937639012932777,-0.007868645712733269,0.012072758749127388,0.0010425846558064222,-0.019802356138825417,-0.148171067237854,-0.01385803148150444,-0.00510503351688385,0.07411594688892365,-0.04589659348130226,-0.025423534214496613,0.02248024195432663,0.00535989087074995,0.022927207872271538,-0.026917902752757072,-0.010810941457748413,-0.009356057271361351,-0.05701122432947159,0.02337913028895855,-0.01484678965061903,0.1056937426328659,-0.1380033791065216,0.053748372942209244,0.04516707360744476,0.14146560430526733,-0.07369972765445709,-0.06762691587209702,0.07905544340610504,-0.06520780175924301,0.13752922415733337,-0.05331427603960037,-0.07762065529823303,0.12185677886009216,-0.0679563581943512,-0.1707122027873993,0.015082464553415775,0.02691032737493515,-0.0021425753366202116,-0.16107816994190216,-0.0006891846423968673,-0.11446454375982285,0.2816343307495117,-0.27560582756996155,0.37231799960136414,-0.18518565595149994,-0.06720355898141861,0.25213152170181274,0.18106794357299805,-0.28610920906066895,0.5290389060974121,-0.34777483344078064,0.0853714868426323,0.0813726857304573,0.19223351776599884,0.045475538820028305,-0.17071783542633057,-0.006750510539859533,0.03037647157907486,0.14268240332603455,-0.34145432710647583,0.587905764579773,-0.0515989288687706,-0.12005112320184708,0.01961297169327736,0.192518413066864,0.09456384927034378,0.010934343561530113,-0.2380046546459198,0.1582234650850296,-0.5365141034126282,-0.02762261964380741,0.06738659739494324,0.0266953743994236,-8.89473383836048e-09,0.0024578666780143976,-0.0003430485085118562,-1.2186360436317045e-06,1.988817075471161e-07,-2.8539199774968438e-05,-0.0007300267461687326,0.06300506740808487,0.029114792123436928,0.061246734112501144,-8.278242603410035e-05,-0.007221436593681574,0.036091022193431854,0.08288548141717911,0.04867320880293846,0.0724446177482605
246,-0.0007983268587850034,-0.005314434878528118,-0.010076296515762806,-0.010293297469615936,-0.013387576676905155,-0.01172991469502449,-0.008698171935975552,-0.007275134790688753,-0.0067839655093848705,-0.00807726476341486,-0.006001329980790615,-0.005608588922768831,-0.007487859111279249,-0.010811814107000828,-0.013601986691355705,-0.0164312943816185,-0.018188349902629852,-0.0180223286151886,-0.025089042261242867,-0.02735305018723011,-0.03441672399640083,-0.046281490474939346,-0.030375581234693527,-0.028034403920173645,-0.022418558597564697,-0.005848557688295841,0.0021651897113770247,0.007627875078469515,0.01112588681280613,0.009412924759089947,0.005141227040439844,-0.013899892568588257,-0.029080701991915703,-0.04261518642306328,-0.05870703607797623,-0.08902176469564438,-0.12931489944458008,-0.11900094896554947,-0.11737501621246338,-0.08777716755867004,-0.08974947035312653,-0.10336349904537201,-0.10439611971378326,-0.1032724529504776,-0.18884536623954773,-0.11972372233867645,-0.11012347042560577,-0.08120439946651459,-0.08106149733066559,-0.046902090311050415,-0.05227191746234894,0.0008075436926446855,0.05291590467095375,0.11193753778934479,0.19796577095985413,0.09337181597948074,0.09807003289461136,0.03437577560544014,0.010653299279510975,0.022635459899902344,0.01805032603442669,0.039461858570575714,0.07186149805784225,0.001198330195620656,0.032715313136577606,0.062753826379776,-0.06440231204032898,0.003213699674233794,0.08378627151250839,-0.011661361902952194,0.0036824436392635107,-0.001607112237252295,-0.006804425735026598,-0.032339323312044144,0.004105353727936745,-0.00455927848815918,0.012877607718110085,-0.024732990190386772,-0.0230625681579113,0.0028778144624084234,-0.019806696102023125,-0.0030731933657079935,-0.03389190509915352,0.004141367040574551,0.03523647412657738,-0.12055055797100067,0.05973011255264282,-0.034104883670806885,0.1351127326488495,-0.14852188527584076,0.018332766368985176,0.06438948214054108,0.22633856534957886,-0.09936447441577911,-0.08997200429439545,0.09058991074562073,-0.04244265332818031,0.1920979619026184,-0.016603801399469376,0.010166742838919163,-0.20263487100601196,0.09247411787509918,0.03693448379635811,-0.07860714942216873,0.001053309882991016,0.2004956603050232,-0.2318725734949112,-0.00046467751963064075,-0.09957639873027802,0.16267085075378418,-0.16264349222183228,0.26115673780441284,-0.14752937853336334,-0.04691353440284729,-0.011938412673771381,0.09031162410974503,-0.1952994465827942,0.21021054685115814,-0.18709923326969147,0.040438804775476456,0.005661847535520792,-0.07990573346614838,-0.00039114797255024314,0.12296415865421295,0.08673425763845444,-0.03169393166899681,0.08297331631183624,-0.01605755090713501,0.056023117154836655,-0.06121327355504036,0.08580207824707031,-0.005246555898338556,-0.01629970222711563,0.2137814462184906,0.08040879666805267,-0.20130454003810883,-0.030453067272901535,-0.09257636964321136,0.03299255669116974,-0.009802980348467827,0.037496183067560196,1.1323813708941088e-07,0.0043022814206779,-0.00025730679044499993,-1.292877982450591e-06,4.7342712150566513e-07,-1.6646870790282264e-05,-0.00040954072028398514,-0.1241491287946701,0.06953537464141846,0.04034232720732689,-0.0004010339907836169,0.0442630760371685,0.03757733479142189,0.04098121076822281,0.010892895050346851,0.05880698189139366
247,-0.0012321581598371267,-0.005778281483799219,-0.012272668071091175,-0.016537312418222427,-0.01868370547890663,-0.015619661659002304,-0.01115337759256363,-0.009607520885765553,-0.007080028299242258,-0.004356717690825462,0.0012524072080850601,0.005443563684821129,0.010924262925982475,0.012051132507622242,0.008119197562336922,-0.002235804684460163,-0.012064570561051369,-0.015389400534331799,-0.022721262648701668,-0.027883080765604973,-0.03650069981813431,-0.048601921647787094,-0.033725421875715256,-0.033753134310245514,-0.030844245105981827,-0.012274058535695076,-0.008486258797347546,-0.0028234885539859533,-0.00246493355371058,-0.009435690939426422,-0.031133761629462242,-0.0367836132645607,-0.02842823602259159,-0.017078867182135582,-0.008668696507811546,-0.01043945923447609,-0.03787809610366821,-0.07539846003055573,-0.10472480207681656,-0.089023657143116,-0.09823083132505417,-0.10828768461942673,-0.11475774645805359,-0.10217954218387604,-0.19568310678005219,-0.1212327852845192,-0.09244155883789062,-0.03989054262638092,0.005289133172482252,0.043763983994722366,0.0868239775300026,0.04211067408323288,0.0038735258858650923,-0.017763512209057808,-0.044569410383701324,-0.024649038910865784,-0.05043722316622734,-0.03879999741911888,-0.04725952446460724,-0.07096279412508011,-0.018099190667271614,-0.04013189673423767,-0.0641135647892952,0.005209782626479864,-0.023027494549751282,-0.0478426069021225,0.045259080827236176,0.0007062734803184867,-0.0906248614192009,0.026823554188013077,0.0046102567575871944,-0.021100705489516258,-0.025824187323451042,-0.11836444586515427,-0.008744432590901852,-0.003108028322458267,0.07767535746097565,-0.01955675147473812,-0.008037829771637917,-0.01277617085725069,-0.04241145774722099,0.019012536853551865,-0.026083707809448242,0.012109803035855293,0.017835544422268867,-0.08415689319372177,0.03213825821876526,-0.05305337533354759,0.10103549063205719,-0.13384568691253662,0.0281981248408556,0.04459561035037041,0.1208108440041542,-0.07039892673492432,-0.04535370692610741,0.035185277462005615,-0.04656963050365448,0.20012575387954712,0.01101007778197527,0.033194296061992645,-0.2562519609928131,0.1361132264137268,0.05167149752378464,-0.09319594502449036,-0.015242098830640316,0.32626986503601074,-0.19943024218082428,0.13112501800060272,-0.11066506057977676,0.3167276382446289,-0.3295913636684418,0.19555720686912537,-0.25164246559143066,-0.004118549637496471,0.1154419481754303,0.11408062279224396,-0.18155831098556519,0.2706925570964813,-0.2874297797679901,0.10438229888677597,0.0084454994648695,0.22856032848358154,-0.04944821447134018,-0.14823737740516663,-0.042741645127534866,-0.008096130564808846,0.1742265224456787,-0.2893427312374115,0.5239802002906799,-0.06512368470430374,-0.10579833388328552,-0.009572709910571575,0.20349998772144318,-0.37058600783348083,0.1470634788274765,0.45506152510643005,-0.45333215594291687,0.20658458769321442,0.12054269760847092,0.002509086159989238,0.07970549166202545,3.6767996789421886e-06,-0.028302764520049095,0.0009518739534541965,-4.166506357705657e-07,1.9563779005693505e-06,0.00011986408208031207,0.002458848524838686,2.2060508728027344,-0.3253664970397949,-0.04962516948580742,0.009011113084852695,0.003923637326806784,-0.04196864366531372,-0.054883792996406555,-0.050684671849012375,-0.029377326369285583
248,-0.0009528880473226309,-0.005568670108914375,-0.010338523425161839,-0.012206895276904106,-0.01468766387552023,-0.012969374656677246,-0.009398811496794224,-0.007961533032357693,-0.007361103780567646,-0.008507761172950268,-0.006327793933451176,-0.005813430994749069,-0.00759187201038003,-0.011087625287473202,-0.013661215081810951,-0.016916528344154358,-0.01831323467195034,-0.017374299466609955,-0.024642903357744217,-0.027272555977106094,-0.03585444763302803,-0.04729369655251503,-0.03303604573011398,-0.03524194285273552,-0.03774554282426834,-0.021720122545957565,-0.02969859167933464,-0.021191924810409546,-0.02318006195127964,-0.022744692862033844,-0.028748996555805206,-0.01122189499437809,0.0015594186261296272,0.004231503698974848,-0.0059588453732430935,-0.036053214222192764,-0.08644551038742065,-0.1047026589512825,-0.11434296518564224,-0.08550560474395752,-0.09364724159240723,-0.10643795877695084,-0.10794788599014282,-0.10721486061811447,-0.19136369228363037,-0.12305916100740433,-0.11017463356256485,-0.08104544132947922,-0.06812569499015808,-0.032575398683547974,-0.01579532027244568,0.012658266350626945,0.02132684551179409,0.015092378482222557,-0.0040073273703455925,-0.015348946675658226,-0.03303901106119156,-0.017818259075284004,0.0010441336780786514,0.051627498120069504,0.035678815096616745,0.06456539779901505,0.08552867919206619,-0.012986044399440289,0.001496729557402432,-0.0012285241391509771,-0.01859399862587452,-0.01120019145309925,0.039429087191820145,-0.014824741519987583,-0.02082076668739319,0.017921082675457,0.014432894997298717,0.04367448762059212,0.011792483739554882,-0.007716943044215441,-0.04409094154834747,0.004348641261458397,-0.029514746740460396,0.020003145560622215,-0.00903101172298193,-0.03697524219751358,-0.032526060938835144,0.001828099600970745,0.00824769213795662,-0.08753407001495361,0.04593007266521454,-0.05303273722529411,0.17797139286994934,-0.17819622159004211,0.023258019238710403,0.05229101702570915,0.1606014221906662,-0.0778806060552597,-0.06705067306756973,0.10085687041282654,-0.05969873443245888,0.30219516158103943,-0.0033698617480695248,0.018144160509109497,-0.19911782443523407,0.06661150604486465,-0.007527529262006283,-0.07298794388771057,-0.010792742483317852,0.12850233912467957,-0.21327723562717438,0.004264449700713158,-0.10189779102802277,0.1531735509634018,-0.11068519949913025,0.20542266964912415,-0.11816539615392685,-0.016873065382242203,0.004284142516553402,0.049512241035699844,-0.13561180233955383,0.12404102832078934,-0.22390100359916687,0.08318524062633514,0.038022227585315704,0.1603120118379593,-0.04746478050947189,-0.01443454995751381,0.03875046595931053,-0.06335930526256561,0.14718936383724213,-0.09056895971298218,0.3130953907966614,-0.08862540125846863,-0.021095339208841324,0.02437947317957878,0.12001493573188782,0.039828959852457047,0.09421693533658981,-0.00926720630377531,-0.1804559826850891,0.009829203598201275,0.15349498391151428,-0.04646662250161171,0.05817101523280144,-8.389458905355696e-09,-0.013639824464917183,-0.00028329630731604993,-1.917993131428375e-06,1.7501785976037354e-07,-2.038097045442555e-05,-0.0006336794467642903,0.14683939516544342,0.02721591480076313,0.018247956410050392,-0.0009633282897993922,0.062152352184057236,0.036852914839982986,0.0025000672321766615,-0.03144136816263199,0.03634025901556015
249,-0.00019022548804059625,0.000700342352502048,0.004313162062317133,0.008049855008721352,0.010780108161270618,0.010782681405544281,0.010440402664244175,0.013603097759187222,0.015451241284608841,0.015797756612300873,0.010857801884412766,0.00917801447212696,0.0122400326654315,0.01387641578912735,0.010955664329230785,0.0011250238167122006,-0.009748414158821106,-0.014300238341093063,-0.022199371829628944,-0.027613556012511253,-0.036172978579998016,-0.04818176105618477,-0.034031130373477936,-0.036608465015888214,-0.039186589419841766,-0.0217270664870739,-0.030164044350385666,-0.019963428378105164,-0.02165202610194683,-0.020549438893795013,-0.027386225759983063,-0.019388282671570778,-0.018331378698349,-0.027333449572324753,-0.04616430774331093,-0.08808868378400803,-0.13781708478927612,-0.14436711370944977,-0.1355150192975998,-0.09711967408657074,-0.10060247033834457,-0.10735946148633957,-0.10784417390823364,-0.0871061310172081,-0.13114234805107117,-0.056089069694280624,-0.027720222249627113,-0.007133741397410631,0.0013099696952849627,0.015307063236832619,0.04013858363032341,0.034910790622234344,0.020691251382231712,0.014238695614039898,0.016995498910546303,0.001962978858500719,0.011159243993461132,-0.0018540216842666268,-0.013359053991734982,-0.030075911432504654,-0.010019340552389622,-0.02744392305612564,-0.051139865070581436,0.002150831976905465,-0.025777019560337067,-0.04608381539583206,0.04005102813243866,0.0018616680754348636,-0.08901451528072357,0.026054317131638527,0.013762369751930237,-0.01495122816413641,-0.024731840938329697,-0.1261216551065445,-0.005991661921143532,-0.001512148417532444,0.035191137343645096,-0.021312125027179718,-0.008781716227531433,-0.012709155678749084,-0.037945132702589035,0.019199712201952934,-0.026888016611337662,0.002091097878292203,0.004284324124455452,-0.07642128318548203,0.039673637598752975,-0.046642694622278214,0.08893181383609772,-0.12487105280160904,0.010253116488456726,0.029625510796904564,0.08290349692106247,-0.06848572939634323,-0.042672596871852875,0.02978500910103321,-0.0539114773273468,0.11221089959144592,-0.0336427316069603,-0.013542129658162594,-0.17609570920467377,0.0974792093038559,0.039334699511528015,-0.09652554988861084,-0.006878589279949665,0.23580020666122437,-0.22120437026023865,0.07995753735303879,-0.11183592677116394,0.30128276348114014,-0.3615192472934723,0.21038204431533813,-0.20771092176437378,-0.03348856046795845,0.09783775359392166,0.09261202812194824,-0.19572147727012634,0.3170267641544342,-0.30411025881767273,0.094072125852108,0.011448025703430176,0.16999898850917816,-0.05264684557914734,-0.12726549804210663,-0.04312882572412491,-0.0169488787651062,0.15603815019130707,-0.3216060400009155,0.5322587490081787,-0.09348902851343155,-0.08524443954229355,-0.004697050899267197,0.16755792498588562,-0.31555086374282837,0.14420010149478912,0.2660059332847595,-0.3822236955165863,0.08778219670057297,0.16593201458454132,-0.058717917650938034,0.060525599867105484,4.225617900033285e-08,-0.012953467667102814,0.00016575089830439538,-2.2623387962994457e-07,-1.4084734800690057e-07,6.3444567786064e-05,0.0001263516314793378,1.448646068572998,-0.19159018993377686,-0.007803145330399275,0.014336196705698967,-0.025451213121414185,0.0319870300590992,-0.01906794309616089,-0.00204693921841681,0.01955912820994854
250,0.002289681928232312,0.004569403827190399,-0.00030188640812411904,-0.008295043371617794,-0.014331993646919727,-0.013848078437149525,-0.010484859347343445,-0.009606657549738884,-0.008686239831149578,-0.00917272549122572,-0.007061084732413292,-0.005945580545812845,-0.007986691780388355,-0.01122293435037136,-0.013549388386309147,-0.017012333497405052,-0.01827261410653591,-0.016812391579151154,-0.02282535471022129,-0.027492212131619453,-0.036878883838653564,-0.047291457653045654,-0.03341294825077057,-0.0365825854241848,-0.03804115578532219,-0.021450739353895187,-0.028835434466600418,-0.020098593086004257,-0.024132592603564262,-0.02843644469976425,-0.05456465855240822,-0.05252032354474068,-0.046023428440093994,-0.03641645237803459,-0.019393570721149445,0.02165711671113968,0.10741736739873886,0.1550261527299881,0.14776746928691864,0.0652935653924942,0.017769664525985718,-0.033666059374809265,-0.0735742375254631,-0.0919332504272461,-0.18417319655418396,-0.1295340657234192,-0.11801380664110184,-0.08450915664434433,-0.07812580466270447,-0.062155116349458694,-0.08683068305253983,-0.06077880784869194,-0.05311982333660126,-0.046319302171468735,-0.06371613591909409,-0.028978317975997925,-0.05383485183119774,-0.036537591367959976,-0.04806431382894516,-0.07136739790439606,-0.020195482298731804,-0.048238322138786316,-0.06771542876958847,-0.0008874066988937557,-0.015074474737048149,-0.046274952590465546,0.05695320665836334,-0.013641063123941422,-0.08789590746164322,0.032991304993629456,0.0005225003696978092,-0.019402600824832916,-0.04500613361597061,-0.12474760413169861,0.0016880189068615437,-0.014082076027989388,-0.047667331993579865,-0.018521836027503014,-0.02571728639304638,-0.011801096610724926,-0.00931877363473177,0.03202316164970398,-0.012448025867342949,0.02778143808245659,0.032133594155311584,-0.12068793922662735,0.0324753001332283,-0.051625851541757584,0.1604078859090805,-0.10479848831892014,0.060925811529159546,0.061072517186403275,0.15706560015678406,-0.04979155957698822,-0.07635760307312012,0.1102157011628151,-0.043342676013708115,0.3063656985759735,0.020745007321238518,0.023471927270293236,-0.24448458850383759,0.11580439656972885,0.0843205600976944,-0.10010628402233124,-0.0805230364203453,0.31994718313217163,-0.28916463255882263,0.059705961495637894,-0.16156713664531708,0.29071515798568726,-0.2267429381608963,0.22430238127708435,-0.09238652139902115,-0.08120382577180862,-0.3162548243999481,-0.3017212152481079,-0.06489070504903793,-0.18612848222255707,-0.22599288821220398,0.07092829048633575,0.03285333141684532,0.3684766888618469,-0.04835593327879906,-0.2105560302734375,-0.12103975564241409,0.05864333361387253,0.2312544882297516,-0.3160124719142914,0.4425005614757538,-0.06743651628494263,-0.13251011073589325,-0.0023581935092806816,0.15565045177936554,-0.27028176188468933,0.05560707300901413,0.49274641275405884,-0.4676165282726288,0.16693955659866333,0.10369601845741272,-0.06606689095497131,0.08735009282827377,-8.856397926138015e-07,0.04660560190677643,-9.417962428415194e-05,6.282686626946088e-06,-2.1368027773860376e-06,-2.9836759495083243e-05,-0.000764023803640157,0.909324586391449,-0.11853727698326111,0.005335437133908272,-0.004761906340718269,-0.03552675619721413,-0.05302427336573601,0.014000705443322659,-0.04697975143790245,-0.026677630841732025
251,-0.0007767563802190125,-0.005144075490534306,-0.009952032938599586,-0.011878203600645065,-0.013419266790151596,-0.01223285123705864,-0.008772807195782661,-0.00727972574532032,-0.00708770751953125,-0.008024984039366245,-0.0064160870388150215,-0.005640919785946608,-0.007698791567236185,-0.010761557146906853,-0.013301767408847809,-0.01623629219830036,-0.017964394763112068,-0.017524026334285736,-0.023866478353738785,-0.026182038709521294,-0.030976427718997,-0.03104371763765812,-0.0066991448402404785,0.015324908308684826,0.03302641957998276,0.02231188304722309,0.02005135267972946,0.0023542691487818956,-0.011100687086582184,-0.02386048622429371,-0.05314542353153229,-0.05373672768473625,-0.049690328538417816,-0.0526457279920578,-0.0599011592566967,-0.08885429054498672,-0.12791582942008972,-0.12022297084331512,-0.1149703860282898,-0.08533717691898346,-0.08857804536819458,-0.10170412808656693,-0.10507182776927948,-0.10523626953363419,-0.1838197112083435,-0.12346857786178589,-0.11152267456054688,-0.08352763950824738,-0.07878918200731277,-0.04498950019478798,-0.049985963851213455,-0.011236335150897503,0.009516392834484577,0.023065637797117233,0.02495456673204899,0.004230377729982138,-0.000809085089713335,0.007025160826742649,0.01920999027788639,0.07244418561458588,0.044177036732435226,0.09170760214328766,0.16079606115818024,-0.0027349614538252354,0.041229140013456345,0.053257815539836884,-0.04168914258480072,-0.0034595858305692673,0.010909055359661579,-0.002811647020280361,-0.0029475155752152205,-0.015405654907226562,-0.016597427427768707,-0.07687221467494965,-0.004144829232245684,-0.008999244309961796,0.012244214303791523,-0.025716500356793404,-0.026150600984692574,0.015207367017865181,-0.008591067977249622,0.007268962450325489,-0.01880083791911602,0.014220599085092545,0.029272139072418213,-0.100994773209095,0.046857647597789764,-0.031032169237732887,0.08756673336029053,-0.10127920657396317,0.011888433247804642,0.061692722141742706,0.15423987805843353,-0.0724557638168335,-0.07194352895021439,0.10084785521030426,-0.02710527926683426,0.3301590383052826,-0.018296832218766212,0.01748494990170002,-0.2218325138092041,0.1221059188246727,0.03643080219626427,-0.07417209446430206,-0.0026086438447237015,0.1029868870973587,-0.1760900914669037,-0.01836187206208706,-0.07954569160938263,0.14660398662090302,-0.11886908859014511,0.21415141224861145,-0.09970395267009735,0.008325939066708088,-0.02762862853705883,-0.0055559780448675156,-0.013805520720779896,-0.16313081979751587,0.02668650634586811,0.028372041881084442,-0.009297527372837067,-0.08103557676076889,-0.05741634964942932,0.10147365182638168,0.0790853351354599,-0.1074567437171936,0.014072955586016178,0.1286187767982483,-0.048054419457912445,-0.07020236551761627,0.05197912082076073,0.015570525079965591,0.12637023627758026,-0.10505632311105728,0.09132479131221771,0.27045005559921265,-0.3653317391872406,0.0676950141787529,0.1877186894416809,-0.04590046405792236,0.0613248385488987,-1.683495014503933e-07,0.016442127525806427,-0.00030578739824704826,-1.3107024869896122e-06,-1.913781630946687e-07,-2.4148977900040336e-05,-0.000653483031783253,-0.01940641552209854,0.08177946507930756,0.048883989453315735,-0.0040354542434215546,0.038992926478385925,0.03583039343357086,0.047804176807403564,0.06701994687318802,0.04755372926592827
252,-0.0008230759995058179,-0.005308380350470543,-0.009916569106280804,-0.01101839728653431,-0.013392854481935501,-0.011976203881204128,-0.0086806146427989,-0.007266555912792683,-0.007008184678852558,-0.008026612922549248,-0.006067309528589249,-0.005564475432038307,-0.007414129097014666,-0.010804552584886551,-0.013472426682710648,-0.016068195924162865,-0.016427939757704735,-0.013473928906023502,-0.012976403348147869,-0.0073666865937411785,-0.0017032213509082794,0.0017227658536285162,-0.003676482941955328,-0.013954480178654194,-0.025604568421840668,-0.017226379364728928,-0.02147040329873562,-0.010824396274983883,-0.00538566242903471,-0.002717027673497796,-0.010558363050222397,-0.024858320131897926,-0.03615908324718475,-0.04675392434000969,-0.059608131647109985,-0.08991982787847519,-0.12901775538921356,-0.1193191260099411,-0.11696039885282516,-0.0868864431977272,-0.09070868045091629,-0.10458499193191528,-0.10452844202518463,-0.10525985807180405,-0.18814145028591156,-0.12178874015808105,-0.10968267172574997,-0.08127599209547043,-0.07760617136955261,-0.04380230978131294,-0.04787755385041237,-0.013235112652182579,0.0038966636639088392,0.019563565030694008,0.04244060069322586,0.02864042855799198,0.05441515892744064,0.0417429655790329,0.033944614231586456,0.05234313756227493,0.021544545888900757,0.04754459112882614,0.09113810956478119,0.003160751424729824,0.027836201712489128,0.04475749284029007,-0.059892598539590836,-0.0013097265036776662,0.050649650394916534,-0.00601190747693181,-0.0014142936561256647,0.0029362111818045378,-2.64888103629346e-06,-0.004502410069108009,0.009960329160094261,-0.0032144237775355577,0.006425616797059774,-0.014052401296794415,-0.012272468768060207,-0.005419132299721241,-0.026555156335234642,0.010749218985438347,-0.033218786120414734,0.001958300592377782,0.0369567833840847,-0.1279323250055313,0.07787403464317322,-0.04669982194900513,0.14831429719924927,-0.12757378816604614,0.01855439692735672,0.051159072667360306,0.19200794398784637,-0.07109576463699341,-0.06634501367807388,0.09078540652990341,-0.03210257366299629,0.2425537407398224,-0.011248743161559105,0.007028514519333839,-0.18856412172317505,0.09241797029972076,0.03434144705533981,-0.07377392053604126,-0.003632144071161747,0.11476342380046844,-0.17161959409713745,-0.01597329042851925,-0.09689812362194061,0.18056446313858032,-0.16048486530780792,0.2387896627187729,-0.11345651745796204,-0.009757333435118198,-0.012125840410590172,-0.013432560488581657,-0.024973053485155106,-0.03731713816523552,-0.07417292147874832,0.046731311827898026,0.025410817936062813,0.013437219895422459,-0.012296744622290134,0.048661693930625916,0.09025184065103531,-0.0519452728331089,0.06259217858314514,0.06862558424472809,-0.031052717939019203,-0.0482248030602932,0.06814990937709808,0.005602499470114708,0.039557721465826035,0.09688084572553635,0.14146019518375397,0.0017104512080550194,-0.1351582407951355,-0.03852154687047005,0.11943156272172928,-0.026667222380638123,0.054856110364198685,5.8426486759799445e-08,0.001462634070776403,-0.0003005149192176759,-1.7224760995304678e-06,3.3764209206310625e-07,-2.7559817681321874e-05,-0.0006146545638330281,-0.008606119081377983,0.06932203471660614,0.03966214135289192,-0.0028653573244810104,0.027009839192032814,0.034093454480171204,0.041699279099702835,0.03493078798055649,0.046245962381362915
253,-0.0012933987891301513,-0.006149050779640675,-0.013202490285038948,-0.017431410029530525,-0.01968020759522915,-0.01620616391301155,-0.011659164912998676,-0.010417165234684944,-0.009062644094228745,-0.00990172941237688,-0.00785753782838583,-0.0067140208557248116,-0.008784499019384384,-0.012181032449007034,-0.014695581048727036,-0.01816336065530777,-0.019783679395914078,-0.018216799944639206,-0.025298481807112694,-0.029763028025627136,-0.03920945152640343,-0.051092591136693954,-0.03594173491001129,-0.038484420627355576,-0.041250620037317276,-0.022984415292739868,-0.0317218080163002,-0.021601025015115738,-0.025905665010213852,-0.02946501225233078,-0.05455275624990463,-0.047529254108667374,-0.032375652343034744,-0.013985012657940388,0.0076099056750535965,0.043142251670360565,0.07796362787485123,0.06537773460149765,0.022380882874131203,-0.019601881504058838,-0.0415986105799675,-0.05877695232629776,-0.0713994950056076,-0.0790691003203392,-0.17314022779464722,-0.12968119978904724,-0.11907501518726349,-0.08887249231338501,-0.08320429921150208,-0.06421174108982086,-0.09372106194496155,-0.06507650762796402,-0.05476534366607666,-0.046211715787649155,-0.06402637809515,-0.02923877350986004,-0.056535642594099045,-0.042794354259967804,-0.05520932003855705,-0.08190474659204483,-0.026969395577907562,-0.044127751141786575,-0.0741199404001236,0.0095811253413558,-0.020607713609933853,-0.05480495095252991,0.05759180337190628,-0.0083158602938056,-0.09210317581892014,0.02391347475349903,0.006722310557961464,-0.01730927638709545,-0.030741581693291664,-0.08532299846410751,0.0003106424119323492,-0.007448483724147081,0.019108997657895088,-0.016563303768634796,-0.0024353598710149527,0.013565100729465485,-0.015232289209961891,0.03611189126968384,-0.009998589754104614,0.02936137095093727,0.03801102936267853,-0.11542879045009613,0.03462051600217819,-0.07180579006671906,0.15409982204437256,-0.13454510271549225,0.05655958130955696,0.06176888197660446,0.1694822907447815,-0.07694964855909348,-0.09997928887605667,0.12856052815914154,-0.04872795194387436,0.34593114256858826,0.01599106937646866,0.040361806750297546,-0.2780357599258423,0.14545099437236786,0.07406297326087952,-0.11555268615484238,-0.04390169680118561,0.39183345437049866,-0.21606844663619995,0.12101992964744568,-0.142172172665596,0.2978847920894623,-0.1783670336008072,0.25169119238853455,-0.09138689190149307,0.019774526357650757,0.02408202923834324,0.05249902606010437,-0.1721860021352768,0.34137973189353943,-0.372297078371048,0.06803663820028305,-0.016753999516367912,0.3244798481464386,-0.03728281706571579,-0.2104029506444931,-0.13402780890464783,0.08709464222192764,0.24187403917312622,-0.33922871947288513,0.5656538605690002,-0.04031166806817055,-0.14447306096553802,0.023803606629371643,0.20200933516025543,-0.3131633996963501,0.08984299749135971,0.4866444766521454,-0.4326172471046448,0.2285725474357605,0.1460096687078476,-0.050168946385383606,0.07758823782205582,-1.2075261111021973e-06,0.02858533151447773,-0.0002748809347394854,2.695521061468753e-06,-2.0497368495853152e-06,-2.6031866582343355e-05,-0.0007435792940668762,2.5691823959350586,-0.33181118965148926,-0.029799234122037888,-0.00014640465087722987,0.08085683733224869,-0.06878217309713364,-0.0027860349509865046,-0.05278622731566429,-0.043871112167835236
254,-0.0009304180275648832,-0.005437821615487337,-0.009960568509995937,-0.011069259606301785,-0.014080973342061043,-0.012364454567432404,-0.008600622415542603,-0.0074411723762750626,-0.007051693741232157,-0.008168426342308521,-0.006162005010992289,-0.0053816973231732845,-0.00724799744784832,-0.011288953945040703,-0.013890027068555355,-0.017229102551937103,-0.018546724691987038,-0.01770281046628952,-0.022825896739959717,-0.022078318521380424,-0.01831795834004879,0.0007715856772847474,0.022466585040092468,0.04070787504315376,0.03808891400694847,0.010808711871504784,-0.003863034537062049,-0.013423379510641098,-0.0218165535479784,-0.028291037306189537,-0.056308940052986145,-0.05627430975437164,-0.05069316178560257,-0.053115084767341614,-0.06500087678432465,-0.09557929635047913,-0.13497823476791382,-0.12544649839401245,-0.1203598901629448,-0.08849252760410309,-0.09453404694795609,-0.1084090918302536,-0.10675258934497833,-0.10705328732728958,-0.19126269221305847,-0.12397521734237671,-0.1106501966714859,-0.08500633388757706,-0.08247106522321701,-0.05744628980755806,-0.0853164866566658,-0.05199350044131279,-0.04658336937427521,-0.03043958730995655,-0.020505953580141068,0.005645371042191982,0.04626923426985741,0.061237577348947525,0.09615200012922287,0.14256757497787476,0.05727289244532585,0.07882221043109894,0.06556454300880432,-0.005320949014276266,-0.009639332070946693,-0.022855810821056366,0.004155908245593309,-0.007532340940088034,0.031169120222330093,-0.0171967726200819,0.013816107995808125,0.05606232210993767,0.02048460952937603,-0.023899514228105545,-0.013349653221666813,-0.021882660686969757,0.05062128230929375,-0.048108454793691635,-0.026444435119628906,0.004137559328228235,-0.018753739073872566,0.010474225506186485,-0.030224889516830444,0.0005559539422392845,-0.004939792212098837,-0.029908739030361176,-0.01306511927396059,-0.015051093883812428,0.02009676583111286,-0.12246954441070557,-0.00016266867169179022,0.0625569075345993,0.19688376784324646,-0.10192064195871353,-0.08966276049613953,0.0966055616736412,-0.0594722144305706,0.2942332625389099,0.011202018707990646,0.03964625671505928,-0.26829132437705994,0.15595890581607819,0.06350687891244888,-0.08182163536548615,-0.011471811681985855,0.02964351698756218,-0.125655859708786,-0.005882695317268372,-0.09344247728586197,0.17822320759296417,-0.2476550191640854,0.29470154643058777,-0.17110756039619446,-0.023001709952950478,-0.013511927798390388,0.017726385965943336,-0.032081715762615204,-0.08877844363451004,-0.018109841272234917,0.019410712644457817,0.01761314645409584,-0.08569272607564926,0.017201943323016167,0.1230737715959549,0.08548720180988312,-0.03296080604195595,0.12687142193317413,-0.13064564764499664,0.30385568737983704,-0.06528481841087341,0.04360244423151016,-0.0036038539838045835,-0.07259311527013779,0.2857542634010315,-0.0002901163534261286,-0.16732309758663177,-0.13901987671852112,0.06953121721744537,0.21462666988372803,-0.04660101234912872,0.08564205467700958,1.450716382578321e-07,0.027092956006526947,-0.00021146947983652353,1.8370117516042228e-07,5.679884225173737e-07,-2.737302020250354e-05,-0.0003514469717629254,0.19502049684524536,0.06040989235043526,0.03704914450645447,-0.003915771842002869,0.03544098138809204,0.02132384479045868,0.04056596755981445,0.046064361929893494,0.04247555136680603
255,-0.0008273200364783406,-0.005242516286671162,-0.009845558553934097,-0.011092498898506165,-0.013530991971492767,-0.011583796702325344,-0.007238766178488731,-0.0035716984421014786,0.0014350361889228225,0.0075589679181575775,0.008413280360400677,0.007116980385035276,0.004691097419708967,-0.0011709353420883417,-0.00796451885253191,-0.01431708037853241,-0.017374057322740555,-0.01702835038304329,-0.024214675650000572,-0.02706175670027733,-0.034976694732904434,-0.04694182425737381,-0.03248976916074753,-0.034158263355493546,-0.035576771944761276,-0.01855747401714325,-0.019804133102297783,-0.008363128639757633,-0.0029452932067215443,-0.002279571257531643,-0.01383921504020691,-0.02963976375758648,-0.0394708551466465,-0.04791148006916046,-0.06025104224681854,-0.09113741666078568,-0.12905113399028778,-0.12073522061109543,-0.11653920263051987,-0.0852491557598114,-0.09038138389587402,-0.10331958532333374,-0.10370844602584839,-0.10438932478427887,-0.18640653789043427,-0.119378961622715,-0.10779516398906708,-0.08313683420419693,-0.07767677307128906,-0.048782430589199066,-0.05625442788004875,-0.01040473859757185,0.027445843443274498,0.06553566455841064,0.11185885965824127,0.04747350886464119,0.05148310959339142,0.021960929036140442,0.017611367627978325,0.03757769241929054,0.014980399049818516,0.040845807641744614,0.061101920902729034,-0.008147833868861198,0.015038452111184597,0.015531914308667183,-0.020410412922501564,-0.012793006375432014,-0.026471242308616638,-0.0023846232797950506,-0.006898278836160898,0.0154345678165555,0.018944405019283295,0.06777063757181168,0.017291579395532608,4.018294202978723e-05,-0.020461779087781906,0.004871049430221319,-0.013880554586648941,0.011716574430465698,-0.014490460976958275,-0.014518124982714653,-0.030520349740982056,0.006093234289437532,0.007140359841287136,-0.07106738537549973,0.026188494637608528,-0.02900802157819271,0.03760361671447754,-0.10991522669792175,0.0015172483399510384,0.06879998743534088,0.22612249851226807,-0.08914774656295776,-0.09980757534503937,0.1390852928161621,-0.05278293415904045,0.2881987392902374,-0.0006614408339373767,0.009192307479679585,-0.16889356076717377,0.0644913911819458,-6.194628804223612e-05,-0.06920678168535233,-0.011505883187055588,-0.011913713067770004,-0.08128898590803146,-0.058697596192359924,-0.08540795743465424,0.14335785806179047,-0.18051935732364655,0.2642723023891449,-0.13226746022701263,-0.029461758211255074,0.0005622438038699329,0.02610795386135578,-0.07959797978401184,0.000523160386364907,-0.012720025144517422,0.014972162432968616,-0.0018375575309619308,-0.15110765397548676,-0.028934229165315628,0.0860099270939827,0.06765714287757874,-0.03917254880070686,0.13236738741397858,-0.09423306584358215,0.2514757215976715,-0.09291080385446548,-0.01533694937825203,0.01572064496576786,0.14628441631793976,-0.03662144020199776,0.10109337419271469,0.08859135955572128,-0.17576104402542114,-0.01961510442197323,0.1208544671535492,-0.029085082933306694,0.05350450053811073,1.1331044902362919e-07,0.007186397910118103,-0.00026656631962396204,-7.871640264056623e-07,4.611029567058722e-07,-1.966229137906339e-05,-0.0006070664967410266,0.05243542417883873,0.06051532179117203,0.03141624480485916,-0.0022766084875911474,-0.0021700039505958557,0.03599454462528229,0.030926959589123726,0.01402685884386301,0.03971690312027931
256,-0.0003843005979433656,-0.00027418002719059587,0.002928835805505514,0.00714022247120738,0.00884927436709404,0.004580554086714983,-0.0010919916676357388,-0.005267335567623377,-0.007228600326925516,-0.009143833070993423,-0.007417812943458557,-0.0064321705140173435,-0.008505440317094326,-0.011852809228003025,-0.014228259213268757,-0.017748141661286354,-0.019201479852199554,-0.01749369502067566,-0.023834340274333954,-0.0285587627440691,-0.03774554282426834,-0.049035221338272095,-0.03479050099849701,-0.037730198353528976,-0.039808161556720734,-0.022222187370061874,-0.03050539456307888,-0.0207565575838089,-0.024787578731775284,-0.029066430404782295,-0.056595899164676666,-0.05470087751746178,-0.047931041568517685,-0.041547875851392746,-0.03246712312102318,-0.01726866140961647,0.0192202627658844,0.048584479838609695,0.047553785145282745,0.012421629391610622,-0.017476292327046394,-0.054846156388521194,-0.08627958595752716,-0.09241416305303574,-0.17213214933872223,-0.10397332161664963,-0.07997079938650131,-0.05023176968097687,-0.04769019037485123,-0.04389965906739235,-0.075727678835392,-0.05895138159394264,-0.05256722867488861,-0.04563888534903526,-0.06347864121198654,-0.028833897784352303,-0.054267220199108124,-0.038671307265758514,-0.05057666078209877,-0.07456099987030029,-0.02130414918065071,-0.04522115737199783,-0.07183127105236053,0.006577871739864349,-0.02061786875128746,-0.05103105679154396,0.05748793110251427,-0.008109579794108868,-0.08409073203802109,0.035027869045734406,0.006092161405831575,-0.014324639923870564,-0.03673873469233513,-0.09857520461082458,0.0024171469267457724,-0.01750369556248188,-0.04544100910425186,-0.02997645176947117,-0.0189414843916893,-0.017120089381933212,-0.03363616764545441,0.02351119928061962,-0.030279990285634995,-0.001262361416593194,0.009853307157754898,-0.09733729809522629,0.032029394060373306,-0.05560222268104553,0.15274867415428162,-0.11838987469673157,0.04597271606326103,0.055524274706840515,0.1465921252965927,-0.06768037378787994,-0.07835018634796143,0.12242047488689423,-0.0435255691409111,0.3375375270843506,0.02800125628709793,0.049937885254621506,-0.2688954174518585,0.13877613842487335,0.08208049833774567,-0.10602568835020065,-0.05520814284682274,0.3502019941806793,-0.2531978487968445,0.10563116520643234,-0.16466845571994781,0.3038712739944458,-0.285608172416687,0.22466567158699036,-0.11242502927780151,-0.0009158092434518039,-0.06062847003340721,-0.055357906967401505,-0.14727643132209778,0.17733049392700195,-0.3188386559486389,0.08464433252811432,0.002248886041343212,0.29459476470947266,-0.052494585514068604,-0.21743126213550568,-0.13098976016044617,0.06145429238677025,0.22572213411331177,-0.33147168159484863,0.49460652470588684,-0.06795470416545868,-0.1393202692270279,0.005091624800115824,0.18793745338916779,-0.30665501952171326,0.10119201242923737,0.47114577889442444,-0.4539167881011963,0.18733645975589752,0.10516528785228729,-0.04471788555383682,0.07156667858362198,-1.013255086945719e-06,0.036606304347515106,3.812808063230477e-05,4.1171088014380075e-06,-1.8954058305098442e-06,-2.6025756596936844e-05,-0.0004453402943909168,1.7369842529296875,-0.23879514634609222,-0.011896984651684761,0.0016983936075121164,-0.02572447434067726,0.011241931468248367,0.013912113383412361,-0.05033192038536072,-0.02877684310078621
257,-0.0014918142696842551,-0.006199136842042208,-0.011172180064022541,-0.012443583458662033,-0.015884142369031906,-0.013175304979085922,-0.007212318014353514,-0.002679056255146861,0.0032068598084151745,0.010281531140208244,0.009834656491875648,0.007131190039217472,0.0034419591538608074,-0.0028409711085259914,-0.009012647904455662,-0.013228610157966614,-0.013568229041993618,-0.008554240688681602,-0.0055727181024849415,-0.0009074656991288066,0.0014808059204369783,-0.0033272416330873966,-0.011340628378093243,-0.022501042112708092,-0.033165208995342255,-0.020483238622546196,-0.028721598908305168,-0.016766956076025963,-0.007832658477127552,0.013332094065845013,0.07600539177656174,0.10319498181343079,0.08593281358480453,0.04662914201617241,0.006729401648044586,-0.051032811403274536,-0.11642170697450638,-0.1228281781077385,-0.12415019422769547,-0.09037197381258011,-0.09174937009811401,-0.10558798909187317,-0.11227395385503769,-0.11056610941886902,-0.19999270141124725,-0.12284638732671738,-0.11612900346517563,-0.08219777792692184,-0.0805094838142395,-0.05238763242959976,-0.08599600195884705,-0.055578019469976425,-0.04213462397456169,-0.034068088978528976,-0.03805152326822281,-0.02031608670949936,-0.03128145635128021,-0.02195189706981182,-0.019310565665364265,0.0057328371331095695,0.02048935368657112,0.044154465198516846,0.06752216815948486,0.006546442862600088,0.011618776246905327,0.002809752942994237,0.001927753328345716,-0.013568983413279057,-0.07061445713043213,-0.003485692897811532,0.003270921064540744,-0.024244695901870728,-0.05149766057729721,-0.17403006553649902,-0.02594401128590107,-0.03437800332903862,0.05410440266132355,-0.0861225575208664,-0.05704209953546524,0.0021928155329078436,0.003966552205383778,0.013066578656435013,-0.020999237895011902,0.0016516867326572537,0.0033003296703100204,-0.08687949180603027,0.02433246374130249,-0.03962865471839905,0.0560767725110054,-0.10142670571804047,-0.023534366860985756,0.014177263714373112,-0.0066802529618144035,-0.025548994541168213,-0.02402179129421711,0.02477203495800495,-0.011383788660168648,0.013924360275268555,-0.02774640917778015,-0.04298427700996399,-0.045836303383111954,-0.00021786072466056794,-0.04302363097667694,0.023518260568380356,0.010606353171169758,0.06504473090171814,-0.21116897463798523,0.03769728168845177,-0.08075004070997238,0.39482831954956055,-0.34478914737701416,0.35466331243515015,-0.20370052754878998,0.016699064522981644,0.1885785013437271,0.13481269776821136,-0.2838986814022064,0.5473788976669312,-0.3966004550457001,0.12057984620332718,0.0850614458322525,0.21666178107261658,0.011364391073584557,-0.12339218705892563,-0.0001247383188456297,-0.026888899505138397,0.16065160930156708,0.014474497176706791,0.1762174665927887,-0.04605449363589287,0.08213956654071808,0.037870414555072784,-0.08686831593513489,0.412838339805603,-0.03782030567526817,-0.011543486267328262,-0.027742134407162666,-0.15310494601726532,0.03224683552980423,-0.014072262682020664,0.04792105033993721,7.827327408449491e-08,0.001354882726445794,-8.201440505217761e-05,-1.0259868332695987e-07,1.7814926422943245e-07,-1.562653596920427e-05,-5.172537566977553e-05,-0.054151177406311035,0.041793204843997955,0.05927053093910217,-0.001651523052714765,-0.0031683428678661585,0.03667638078331947,0.0663221925497055,0.05852703005075455,0.05940843001008034
258,-0.0003189017588738352,3.6493536754278466e-05,0.003500995459035039,0.007136870175600052,0.008253207430243492,0.0036373070906847715,-0.0016970285214483738,-0.005573838017880917,-0.007343255449086428,-0.00907875970005989,-0.0072685712948441505,-0.006164180114865303,-0.008283874951303005,-0.01178744062781334,-0.014069240540266037,-0.01770215854048729,-0.01908591203391552,-0.01758699305355549,-0.02405734546482563,-0.0285569466650486,-0.03823971375823021,-0.04941089451313019,-0.03468390181660652,-0.037679336965084076,-0.03944998234510422,-0.02221853658556938,-0.030158497393131256,-0.02075619250535965,-0.024962935596704483,-0.02926141396164894,-0.05636513978242874,-0.05446979030966759,-0.04702751338481903,-0.038046251982450485,-0.023398226127028465,0.008088438771665096,0.07339141517877579,0.11156298965215683,0.10464455932378769,0.04274290055036545,-0.002845887327566743,-0.05052166432142258,-0.08510448783636093,-0.09340621531009674,-0.1688845306634903,-0.10183211416006088,-0.07856312394142151,-0.050860047340393066,-0.050436150282621384,-0.046636078506708145,-0.07832013815641403,-0.06025662273168564,-0.054905690252780914,-0.04720517247915268,-0.06516683846712112,-0.030530722811818123,-0.0555393323302269,-0.0390472486615181,-0.051246967166662216,-0.0751476138830185,-0.021887484937906265,-0.047212690114974976,-0.06956074386835098,0.0027033358346670866,-0.014753826893866062,-0.04582897946238518,0.05853644013404846,-0.011938593350350857,-0.08906203508377075,0.027180185541510582,0.000548380718100816,-0.020544562488794327,-0.03401205316185951,-0.08531927317380905,0.0022912060376256704,-0.006923100911080837,0.0146488631144166,-0.01802441105246544,-0.0029384929221123457,0.021482644602656364,-0.006676573771983385,0.028545379638671875,-0.02934752032160759,0.008884785696864128,0.018254263326525688,-0.11325092613697052,0.02970140054821968,-0.06103840470314026,0.1461571604013443,-0.11281639337539673,0.05071699619293213,0.059247780591249466,0.15008124709129333,-0.05967613309621811,-0.09215305745601654,0.11831146478652954,-0.04531600698828697,0.3244764804840088,0.01309947483241558,0.03692510351538658,-0.25022533535957336,0.12129294127225876,0.08101172745227814,-0.10467774420976639,-0.06733319163322449,0.3424447476863861,-0.28391462564468384,0.08741538971662521,-0.18216541409492493,0.30005577206611633,-0.21255315840244293,0.23013250529766083,-0.07478584349155426,-0.09455925971269608,-0.28524184226989746,-0.26154014468193054,-0.10145294666290283,-0.025157898664474487,-0.26146504282951355,0.07596337050199509,0.017391592264175415,0.30659013986587524,-0.07202165573835373,-0.24117343127727509,-0.1586931347846985,0.06639638543128967,0.2467753142118454,-0.3149165213108063,0.4741967022418976,-0.058356743305921555,-0.13936418294906616,0.01910841092467308,0.15683488547801971,-0.259632408618927,0.07203442603349686,0.45897045731544495,-0.4502420425415039,0.1693354845046997,0.1350710690021515,-0.05765187367796898,0.08790677040815353,-8.714825980860041e-07,0.03699187934398651,-0.00016580069495830685,3.2349462344427593e-06,-1.994593958443147e-06,-3.154927981086075e-05,-0.0006076107965782285,1.3511286973953247,-0.1560133844614029,0.005144257564097643,-0.0031292904168367386,-0.02606540359556675,0.009391659870743752,0.011435166001319885,0.0019188813166692853,-0.027475789189338684
259,-0.0009210912976413965,-0.005574498791247606,-0.01039949245750904,-0.011992701329290867,-0.01452002301812172,-0.012793748639523983,-0.009278614073991776,-0.007697274908423424,-0.007161321584135294,-0.008323565125465393,-0.006294766440987587,-0.005913612898439169,-0.007626673206686974,-0.010997493751347065,-0.013643721118569374,-0.016701549291610718,-0.018190795555710793,-0.017819633707404137,-0.025218192487955093,-0.02763194590806961,-0.03530365228652954,-0.04630528762936592,-0.030735597014427185,-0.028719808906316757,-0.023004963994026184,-0.0069071147590875626,-0.0019139446085318923,0.0003439949650783092,-0.0036664861254394054,-0.013096125796437263,-0.035053055733442307,-0.034689486026763916,-0.027766499668359756,-0.02513475902378559,-0.03194141760468483,-0.05928551033139229,-0.10416346043348312,-0.11228809505701065,-0.11734286695718765,-0.08794905245304108,-0.09245200455188751,-0.10573489964008331,-0.1095692440867424,-0.10652343183755875,-0.19434906542301178,-0.12227706611156464,-0.10821683704853058,-0.0706341341137886,-0.05024135857820511,-0.010237559676170349,0.021971579641103745,0.026728393509984016,0.01812451332807541,0.003673421684652567,-0.01048258226364851,-0.005417075008153915,0.009581862948834896,0.0229256059974432,0.030647017061710358,0.0483064241707325,0.01477261632680893,0.02586497738957405,0.054508473724126816,-0.006532812025398016,0.022917727008461952,0.015342318452894688,-0.007984387688338757,-0.014413118362426758,-0.04116647690534592,-0.007223771885037422,-0.0035617337562143803,0.029636578634381294,0.02820936217904091,0.0904468297958374,0.02746199443936348,0.004867599345743656,-0.004725715145468712,-0.01218435913324356,-0.01971510425209999,0.006223795935511589,-0.016573665663599968,-0.003885989310219884,-0.030692672356963158,0.003162530716508627,0.002407887950539589,-0.06979229301214218,0.025063617154955864,-0.030339788645505905,0.09932603687047958,-0.14358410239219666,0.02055591344833374,0.04773739352822304,0.19126230478286743,-0.11521007120609283,-0.09223797917366028,0.089671790599823,-0.04542845860123634,0.20712630450725555,-0.021186374127864838,0.014741107821464539,-0.2119569331407547,0.11321747303009033,0.04501992464065552,-0.08817578107118607,-0.0003329758474137634,0.24096672236919403,-0.23953983187675476,0.010767093859612942,-0.10830115526914597,0.2007126361131668,-0.20209723711013794,0.27038708329200745,-0.14275741577148438,-0.03570958226919174,0.00372850289568305,0.06023179739713669,-0.13220328092575073,0.08267434686422348,-0.1369042694568634,0.04938200116157532,0.028858784586191177,0.04805535078048706,-0.04485369101166725,0.015945738181471825,0.05693452060222626,-0.05896049737930298,0.1256561428308487,-0.0705300122499466,0.15591980516910553,-0.073036327958107,0.08296538889408112,0.0046016015112400055,0.0789903849363327,0.004287012852728367,0.10282973200082779,0.1176072284579277,-0.18554547429084778,-0.0323542021214962,0.07166778296232224,-0.019491786137223244,0.04267536476254463,-1.0988605581019328e-08,-0.015920868143439293,-0.0003352247877046466,-2.2472695491160266e-06,2.96071817729171e-07,-2.4315575501532294e-05,-0.000671967922244221,0.07088929414749146,0.046545758843421936,0.038950517773628235,-0.0012139257742092013,0.04534919559955597,0.038046639412641525,0.04700711742043495,0.015371487475931644,0.04806322231888771
260,-0.0014034967171028256,-0.005953114479780197,-0.010455755516886711,-0.010031627491116524,-0.008766574785113335,-0.0001591209729667753,0.006830558180809021,0.010367071256041527,0.009248748421669006,0.0052710482850670815,-0.0008946546586230397,-0.003771018236875534,-0.006413714494556189,-0.01076438557356596,-0.013211923651397228,-0.01480935886502266,-0.014003116637468338,-0.008651267737150192,-0.0056811231188476086,-0.0009762047557160258,0.0013902431819587946,-0.0034995866008102894,-0.011339813470840454,-0.02222762256860733,-0.03160648047924042,-0.017869826406240463,-0.020296206697821617,-0.0066806054674088955,0.004787394776940346,0.020444022491574287,0.0643874779343605,0.07533010840415955,0.06212810054421425,0.034991685301065445,0.004677761811763048,-0.04658539220690727,-0.10990703850984573,-0.11938468366861343,-0.12260564416646957,-0.08962308615446091,-0.09164535999298096,-0.1041102185845375,-0.1109963208436966,-0.11052222549915314,-0.20040751993656158,-0.12101413309574127,-0.11600866168737411,-0.0811271145939827,-0.07967836409807205,-0.0506579726934433,-0.07882826030254364,-0.044841915369033813,-0.026105422526597977,-0.010812981985509396,-0.00542686739936471,-0.0064371200278401375,-0.02136271819472313,-0.0247922595590353,-0.03504698723554611,-0.031851962208747864,-0.0009142514318227768,0.020376836881041527,0.05463100224733353,0.004561650566756725,0.02161320112645626,0.014293622225522995,-0.001443765708245337,-0.01370626874268055,-0.0647982656955719,-0.003278373507782817,0.006703853141516447,-0.01723705232143402,-0.050887446850538254,-0.1665770411491394,-0.0208008773624897,-0.02474476955831051,0.04432282596826553,-0.053424589335918427,-0.03562121093273163,0.0012277596397325397,-0.0019438513554632664,0.010033424943685532,-0.017951294779777527,0.03330496326088905,0.0286293625831604,-0.09166066348552704,0.0235244520008564,-0.037166811525821686,0.05530766025185585,-0.10142918676137924,-0.015126265585422516,0.017409835010766983,0.008960642851889133,-0.03253708407282829,-0.02722966857254505,0.02576138824224472,-0.010738544166088104,0.0009872585069388151,-0.02196837216615677,-0.06552444398403168,0.01051437295973301,-0.0011109225451946259,-0.04816138744354248,-0.010735406540334225,0.004179149400442839,0.061702486127614975,-0.172596737742424,0.003950206562876701,-0.07639939337968826,0.35191693902015686,-0.3132092356681824,0.36757880449295044,-0.2107073813676834,0.01928107813000679,0.20410771667957306,0.13963954150676727,-0.27956056594848633,0.5994237661361694,-0.4478054344654083,0.11454789340496063,0.08902619034051895,0.2219192087650299,0.025967570021748543,-0.10870260745286942,0.016126928851008415,-0.015322032384574413,0.19470706582069397,-0.035919658839702606,0.19797535240650177,-0.05260055139660835,0.09475843608379364,0.023835090920329094,-0.03317297250032425,0.3687221109867096,-0.03961753845214844,-0.04432502016425133,0.044591713696718216,-0.21336261928081512,0.028463976457715034,-0.03512973338365555,0.032712314277887344,1.1870409366565582e-07,-0.0025786326732486486,-0.0003149240801576525,-1.4999102404544828e-06,7.021113219707331e-07,-2.7171679903403856e-05,-0.0007871781126596034,0.03637470677495003,0.03148055076599121,0.05961187556385994,-0.0008433526963926852,-0.011928469873964787,0.04035130888223648,0.06686205416917801,0.04928341880440712,0.06611546128988266
261,-0.0006250567967072129,-0.004886549897491932,-0.009364098310470581,-0.010745200328528881,-0.012677154503762722,-0.011349547654390335,-0.008233105763792992,-0.00698181102052331,-0.006567587610334158,-0.007805719040334225,-0.00613447418436408,-0.0052650137804448605,-0.007726407144218683,-0.010732423514127731,-0.013003713451325893,-0.01367793045938015,-0.009814336895942688,-0.000401662546209991,0.011450221762061119,0.024164250120520592,0.034719083458185196,0.03915517404675484,0.009354676119983196,-0.010415684431791306,-0.02624638006091118,-0.019375305622816086,-0.028703615069389343,-0.02139674685895443,-0.0244318675249815,-0.029055913910269737,-0.056278884410858154,-0.05400976166129112,-0.04738728702068329,-0.05171993747353554,-0.059953246265649796,-0.0898558497428894,-0.12592948973178864,-0.11690883338451385,-0.11219660192728043,-0.08375180512666702,-0.08726522326469421,-0.10076259076595306,-0.10306614637374878,-0.09901735931634903,-0.17884968221187592,-0.1190381720662117,-0.10944712162017822,-0.08639570325613022,-0.08116773515939713,-0.05204712972044945,-0.08159361034631729,-0.054996032267808914,-0.05213210731744766,-0.044324133545160294,-0.05905141681432724,-0.029578614979982376,-0.023121386766433716,0.01313707698136568,0.05362287163734436,0.13182054460048676,0.07811977714300156,0.12124820053577423,0.18276971578598022,-0.032567646354436874,0.04533644765615463,0.08218834549188614,-0.13037286698818207,0.003337703412398696,0.03235714137554169,-0.0007037955801934004,-0.006388756912201643,-0.030804282054305077,-0.009106275625526905,0.002431410364806652,0.021378198638558388,-0.007967967540025711,-0.06798803806304932,0.0038009164854884148,-0.029700445011258125,0.06225866451859474,0.04870232194662094,-0.03349566459655762,-0.02117079868912697,-0.014759384095668793,-0.05926021933555603,-0.029246171936392784,0.02590780518949032,-0.0303302314132452,0.1459641456604004,-0.14872755110263824,0.061825308948755264,0.08939711004495621,0.1333066076040268,-0.06376364827156067,-0.04135695844888687,0.11256648600101471,-0.04043090343475342,0.5236448049545288,0.01438878569751978,0.025278935208916664,-0.185736283659935,0.047395750880241394,-0.03423572704195976,-0.08009899407625198,-0.029161930084228516,0.055965542793273926,-0.22552579641342163,0.039182230830192566,-0.07731012254953384,0.2102314680814743,-0.16667863726615906,0.19596906006336212,0.012335864827036858,0.008552280254662037,-0.07995592057704926,-0.05322656035423279,-0.08457253873348236,0.055673323571681976,-0.018997950479388237,0.02784617803990841,0.0675206258893013,-0.22658246755599976,-0.020001888275146484,0.2075226753950119,0.026651009917259216,-0.295565664768219,-0.19591926038265228,0.39586180448532104,-0.11451902240514755,-0.048248451203107834,0.023406537249684334,0.04682581126689911,0.10771714895963669,0.036335114389657974,0.07656176388263702,-0.10071327537298203,-0.09182058274745941,0.016783691942691803,0.14230939745903015,-0.026646552607417107,0.08055984973907471,-1.065517025722329e-07,0.04839359596371651,7.296342664631084e-05,3.4686995604715776e-06,-2.5662754410404887e-07,6.433744147216203e-06,-9.772030171006918e-05,-0.04715616628527641,0.09895021468400955,0.02217949740588665,-0.003411479527130723,0.02510742098093033,0.01963340863585472,0.033513862639665604,-0.001648446312174201,0.01830364018678665
262,-0.0009983023628592491,-0.0038291949313133955,-0.004990811925381422,-0.0008113656658679247,0.006948661059141159,0.013424202799797058,0.01491194125264883,0.016058100387454033,0.01612687297165394,0.015457571484148502,0.007063641212880611,0.0018515144474804401,-0.002674457849934697,-0.007898714393377304,-0.012111004441976547,-0.015022718347609043,-0.016954995691776276,-0.015199548564851284,-0.023058800026774406,-0.02495773695409298,-0.034392304718494415,-0.042990077286958694,-0.029780490323901176,-0.030272895470261574,-0.028319064527750015,-0.010393164120614529,-0.004179098177701235,0.004605407360941172,0.0159810408949852,0.030624480918049812,0.07476318627595901,0.06849401444196701,0.04286224767565727,0.008922997862100601,-0.026229551061987877,-0.07380575686693192,-0.12296836823225021,-0.1230107992887497,-0.123247429728508,-0.08657658845186234,-0.08923423290252686,-0.09816788136959076,-0.10569673031568527,-0.10447937250137329,-0.18537096679210663,-0.10903507471084595,-0.1009383499622345,-0.06257327646017075,-0.049843039363622665,-0.025210591033101082,-0.03311210125684738,-0.021077997982501984,-0.017555907368659973,-0.017065534368157387,-0.024130741134285927,-0.013380404561758041,-0.0229159127920866,-0.01767675392329693,-0.02526756376028061,-0.03479337319731712,-0.012411907315254211,-0.02428015135228634,-0.03104124590754509,-0.005205963738262653,-0.006677782163023949,0.0011634459951892495,-0.0008084920118562877,-0.015752188861370087,-0.02532053366303444,-0.018075598403811455,-0.005776979029178619,-0.00829881802201271,-0.012906143441796303,-0.09208516031503677,-0.0005932819913141429,-0.002189060440286994,0.023721404373645782,-0.026160627603530884,-0.022605804726481438,0.024766646325588226,0.0037415861152112484,0.010238347575068474,-0.013819639571011066,0.03940792381763458,0.023808026686310768,-0.0844418928027153,0.036811478435993195,-0.026464981958270073,0.11317504942417145,-0.14380544424057007,0.04450304061174393,0.03517460823059082,0.14386261999607086,-0.05808286368846893,-0.057576216757297516,0.053970951586961746,-0.04895539954304695,0.07359649240970612,-0.06041320040822029,-0.07344970852136612,0.026088260114192963,-0.03939276188611984,-0.10827497392892838,0.012216504663228989,0.0785803273320198,-0.08323339372873306,-0.14302006363868713,-0.023860014975070953,-0.10150104761123657,0.26261019706726074,-0.24463115632534027,0.31289389729499817,-0.17466531693935394,-0.056475989520549774,0.18533483147621155,0.1400957852602005,-0.22988727688789368,0.608413815498352,-0.46350693702697754,0.0952274426817894,0.07654107362031937,0.20054669678211212,0.04921562969684601,-0.16121762990951538,-0.022202350199222565,0.015622199513018131,0.10915127396583557,-0.3794572353363037,0.5850991010665894,-0.07163023203611374,-0.06961768120527267,-0.01728072762489319,0.12319622188806534,0.07446029037237167,0.06389828026294708,-0.1782335788011551,0.02070276252925396,-0.4424605667591095,0.11510802805423737,-0.0048220595344901085,0.049192238599061966,-8.858162203750908e-08,-0.0114539610221982,-0.00021550165547523648,-3.138875115382689e-07,-8.392049011263225e-08,-3.111279511358589e-05,-0.00014696462312713265,0.24496451020240784,-0.005263246595859528,0.04374551773071289,0.0025769558269530535,-0.017342057079076767,0.039047785103321075,0.02196573279798031,0.050959207117557526,0.07208632677793503
263,-0.0009018020937219262,-0.005554803181439638,-0.010378495790064335,-0.011641636490821838,-0.014133024960756302,-0.012480576522648335,-0.009023893624544144,-0.007548379246145487,-0.00701755378395319,-0.008233717642724514,-0.0061865272000432014,-0.005824739579111338,-0.007544008549302816,-0.011124004609882832,-0.013740357011556625,-0.01682218536734581,-0.018425948917865753,-0.01808123104274273,-0.025186218321323395,-0.026834644377231598,-0.03230073302984238,-0.0340932160615921,-0.01002523023635149,0.011523935943841934,0.03283529728651047,0.022716408595442772,0.02438528463244438,0.005401484202593565,-0.008719007484614849,-0.022185323759913445,-0.052669115364551544,-0.05484992265701294,-0.05149465426802635,-0.05559222772717476,-0.0651228204369545,-0.09551017731428146,-0.13536371290683746,-0.12689413130283356,-0.12340749055147171,-0.09009376168251038,-0.09316286444664001,-0.10731308907270432,-0.10943064093589783,-0.10724145174026489,-0.19502541422843933,-0.12758782505989075,-0.11259502172470093,-0.08369745314121246,-0.08130248636007309,-0.047866340726614,-0.05191262438893318,-0.008324004709720612,0.020662928000092506,0.03875107690691948,0.05260849744081497,0.012668193317949772,-0.006329432595521212,-0.014795258641242981,-0.009396558627486229,0.03308219462633133,0.03714272007346153,0.06993532180786133,0.10020840913057327,-0.005207857582718134,0.01181662268936634,-0.0001787597284419462,-0.008760575205087662,-0.013323689810931683,-0.01648852787911892,-0.005686497315764427,-0.0002542845904827118,0.003394876839593053,0.009366052225232124,0.051943082362413406,0.030771050602197647,0.007650407496839762,0.0049951341934502125,-0.028734775260090828,-0.023157887160778046,-0.00426476402208209,-0.02410770393908024,0.01815526746213436,-0.03724930062890053,-0.014424270950257778,-0.0002995796094182879,-0.09518449753522873,0.04100300744175911,-0.03702790290117264,0.05550076439976692,-0.10811557620763779,-0.0018830203916877508,0.032147180289030075,0.1299298107624054,-0.11378268897533417,-0.09595917165279388,0.10441859066486359,-0.03772179037332535,0.28705188632011414,-0.010238532908260822,0.04319705814123154,-0.2826545834541321,0.14837493002414703,0.03782576322555542,-0.08864891529083252,0.011143767274916172,0.2019379734992981,-0.23425716161727905,0.019347893074154854,-0.12033247947692871,0.17986942827701569,-0.13615639507770538,0.21102814376354218,-0.1218898668885231,-0.020164206624031067,0.007730992045253515,0.07417679578065872,-0.12342217564582825,-0.01777804270386696,-0.0025004760827869177,0.001020900090225041,0.013640363700687885,0.04693516343832016,-0.03304533660411835,-0.017375927418470383,0.086484894156456,-0.06712470948696136,0.019020546227693558,0.0869196280837059,-0.011946035549044609,-0.06422444432973862,0.07238208502531052,0.019037801772356033,0.06867366284132004,0.04947083443403244,0.1130199134349823,0.135995015501976,-0.21724790334701538,-0.01594744436442852,0.07421208918094635,-0.01347010862082243,0.007229086477309465,5.389732038452166e-08,0.016724614426493645,-0.000243045695242472,-6.0162136605868e-07,3.681865905491577e-07,-2.1391004338511266e-05,-0.0004932133597321808,0.047238726168870926,0.056857217103242874,0.04311768710613251,-0.0022729334887117147,0.03998413681983948,0.0354008674621582,0.048029232770204544,0.01947849988937378,0.045456819236278534
264,-0.0008770337444730103,-0.003917884547263384,-0.00831561628729105,-0.006893916986882687,-0.010587960481643677,-0.009251669049263,-0.006921770516782999,-0.00591209065169096,-0.0048848893493413925,-0.00482324929907918,-0.0015389873879030347,0.0012443240266293287,0.005869606509804726,0.010804390534758568,0.012382689863443375,0.010619835928082466,0.013065824285149574,0.026123883202672005,0.05556479096412659,0.08766892552375793,0.12818452715873718,0.14661014080047607,0.06084125116467476,0.0245128832757473,-0.005062629468739033,-0.005848519504070282,0.01046403031796217,0.04269138351082802,0.1139439195394516,0.18406721949577332,0.37344276905059814,0.30568742752075195,0.18010899424552917,0.10010139644145966,0.08882410824298859,0.08541068434715271,0.07475879043340683,0.028690936043858528,0.010852423496544361,0.014740117825567722,0.03617493435740471,0.08954458683729172,0.15549756586551666,0.20153595507144928,0.3911125063896179,0.20262078940868378,0.12050147354602814,0.030571017414331436,-0.01525714248418808,-0.03236929699778557,-0.06882841885089874,-0.04568074643611908,-0.05084577202796936,-0.03924711048603058,-0.056932929903268814,-0.03416755422949791,-0.04663589596748352,-0.03581434488296509,-0.04511105269193649,-0.06082611903548241,-0.015915488824248314,-0.03929271548986435,-0.04824124276638031,0.003714613150805235,-0.01365240104496479,-0.00260099652223289,-0.0487949475646019,-0.03079245612025261,0.20081686973571777,-0.01240716315805912,0.05908920615911484,0.0946473553776741,0.03270232677459717,0.06539559364318848,0.025776665657758713,0.002329733455553651,0.00990767776966095,-0.048471953719854355,-0.05167550593614578,-0.015409156680107117,-0.0025927515234798193,-0.018692372366786003,-0.019823040813207626,-0.02365402691066265,-0.02366872876882553,-0.025982825085520744,-0.020674986764788628,0.003666127799078822,-0.1368453949689865,0.2236514836549759,-0.1015591099858284,-0.1548401117324829,-0.23191557824611664,0.1338653266429901,0.04012170806527138,-0.2077193707227707,0.17389903962612152,-0.7685377597808838,-0.01977025903761387,-0.15909303724765778,1.109443187713623,-0.5152525305747986,-0.28065910935401917,0.3615424633026123,-0.11820213496685028,-0.3791288435459137,0.34305015206336975,-0.06092895194888115,-0.05836496874690056,-0.07439978420734406,0.09038181602954865,-0.1829931139945984,0.25925710797309875,0.020454175770282745,-0.21341420710086823,-0.20531868934631348,0.250713974237442,-0.5093789100646973,0.15898166596889496,-0.04697079956531525,-0.08163654804229736,-0.2790512144565582,0.2017545849084854,0.4009207487106323,0.3731086254119873,0.12793700397014618,-0.30120399594306946,0.6751008033752441,-1.4329661130905151,0.04485468938946724,0.1391202062368393,0.0837022215127945,0.062076956033706665,-0.03589022159576416,0.09206784516572952,-0.049145299941301346,0.46830350160598755,-0.30031922459602356,-0.2136312574148178,0.27833589911460876,-0.0797833651304245,1.669109508384281e-07,-0.003116501262411475,-0.00016009935643523932,-1.2436438510121661e-06,2.684847117961908e-07,-2.388761640759185e-05,-0.00016842321201693267,-3.272455930709839,0.2511427104473114,0.04252808541059494,-0.004047757014632225,0.004678808618336916,0.026054805144667625,0.03343992307782173,0.035246919840574265,0.040152743458747864
265,-0.0008453690679743886,-0.0053292978554964066,-0.010204808786511421,-0.01135918777436018,-0.013888990506529808,-0.012317728251218796,-0.008860648609697819,-0.007562148384749889,-0.007108638063073158,-0.008233602158725262,-0.006231211591511965,-0.005695918574929237,-0.007452252320945263,-0.011001409962773323,-0.013535702601075172,-0.01640191301703453,-0.01724947802722454,-0.014766464941203594,-0.015947427600622177,-0.010611449368298054,-0.0032516198698431253,0.008717608638107777,0.010749696753919125,0.013563043437898159,0.011760978028178215,0.004032698459923267,-0.0014158848207443953,-0.008071739226579666,-0.017071129754185677,-0.026001544669270515,-0.054556846618652344,-0.054927367717027664,-0.05097484216094017,-0.053108859807252884,-0.06324957311153412,-0.09265884757041931,-0.132088303565979,-0.12160640954971313,-0.11908448487520218,-0.08961831778287888,-0.09192241728305817,-0.10564456135034561,-0.10886058211326599,-0.10697190463542938,-0.19065842032432556,-0.12296392023563385,-0.10384786874055862,-0.06470685452222824,-0.03831374645233154,9.493698598816991e-05,0.04167526960372925,0.041761890053749084,0.037115223705768585,0.017769547179341316,-0.006467020139098167,-0.015595154836773872,-0.025628700852394104,-0.015422742813825607,-0.015706541016697884,-0.01743636094033718,-0.005688876379281282,0.005144581198692322,0.0449422150850296,0.0012627375544980168,0.038095347583293915,0.04307711124420166,-0.034314390271902084,-0.012737712822854519,-0.043173857033252716,-0.0012101001339033246,-0.005457883235067129,-0.009644192643463612,-0.00410825852304697,-0.028061438351869583,0.009188481606543064,0.0008416923228651285,-0.014996550977230072,0.031141653656959534,0.018539270386099815,-0.014058963395655155,-0.027916638180613518,0.019452178850769997,-0.03868388384580612,-0.03144710510969162,-0.026720838621258736,-0.046958547085523605,0.010922003537416458,-0.026364494115114212,0.03972981497645378,-0.10091705620288849,0.007231448777019978,0.04099655523896217,0.17875681817531586,-0.11382923275232315,-0.13708198070526123,0.172610342502594,-0.020205995067954063,0.4109705686569214,-0.008278893306851387,0.029414504766464233,-0.2006027102470398,0.09681273996829987,0.03255098685622215,-0.0723298192024231,0.004486683290451765,0.2386167049407959,-0.2836678922176361,0.02923589013516903,-0.13175463676452637,0.25072741508483887,-0.23068712651729584,0.2742525637149811,-0.11190804094076157,0.005685951095074415,-0.01255480945110321,-0.0418853759765625,0.05136813223361969,-0.1547720581293106,-0.012563155964016914,0.014194435440003872,0.025725707411766052,0.1082882359623909,-0.031114639714360237,-0.08927667886018753,0.03228851035237312,-0.0407710038125515,0.07108936458826065,0.08435496687889099,-0.17132258415222168,-0.041918832808732986,0.12672248482704163,-0.014985840767621994,0.0699152797460556,0.005428801756352186,0.11017065495252609,0.2116612046957016,-0.2913512587547302,0.0529366210103035,0.14619319140911102,-0.03714648261666298,0.030935194343328476,2.428752310379423e-08,0.006067017093300819,-0.00024082038726191968,-1.1108469379905728e-06,2.1403337768788333e-07,-2.3919561499496922e-05,-0.00048579921713098884,0.005400947295129299,0.06278761476278305,0.04326508566737175,-0.0031583858653903008,0.02841472253203392,0.03762383759021759,0.031317438930273056,0.031800106167793274,0.042187415063381195
266,-0.0012890682555735111,-0.005472860299050808,-0.009915564209222794,-0.012179660610854626,-0.014726845547556877,-0.012444441206753254,-0.00954227801412344,-0.008321836590766907,-0.007129975128918886,-0.008199875243008137,-0.005934526678174734,-0.0057677775621414185,-0.006594712845981121,-0.009717639535665512,-0.012584390118718147,-0.01435398031026125,-0.016369327902793884,-0.01446047518402338,-0.0234900563955307,-0.024081844836473465,-0.03246648237109184,-0.04151875153183937,-0.02888108417391777,-0.029897719621658325,-0.03064807876944542,-0.012219905853271484,-0.0062495204620063305,0.006796619854867458,0.026682857424020767,0.05457795783877373,0.12909889221191406,0.11976668238639832,0.09066519141197205,0.0482003390789032,0.012054096907377243,-0.03479746729135513,-0.08917409926652908,-0.10463031381368637,-0.11353419721126556,-0.0839303731918335,-0.08274193108081818,-0.0958508625626564,-0.10169538110494614,-0.10161279886960983,-0.1831848919391632,-0.111129030585289,-0.10654176026582718,-0.07413983345031738,-0.07488814741373062,-0.048037294298410416,-0.07756423950195312,-0.056491266936063766,-0.041588928550481796,-0.04647572711110115,-0.061137549579143524,-0.03270426020026207,-0.049845919013023376,-0.03580119088292122,-0.049530837684869766,-0.06197216361761093,-0.020070023834705353,-0.028906000778079033,-0.029090842232108116,-0.001334860222414136,0.005213024094700813,0.018813520669937134,0.005108271725475788,-0.020434929057955742,-0.017284734174609184,-0.0020343465730547905,0.009945155121386051,0.004418985918164253,-0.029179595410823822,-0.14866995811462402,-0.008260364644229412,-0.003929392900317907,0.07383754104375839,-0.0686250701546669,-0.05399158596992493,0.041588619351387024,0.03928118571639061,0.022978099063038826,0.006005105562508106,0.04169183596968651,0.032147981226444244,-0.0791226327419281,0.03375741466879845,-0.025961820036172867,0.10332736372947693,-0.14949360489845276,0.05403178557753563,0.03201433643698692,0.1450493335723877,-0.08248070627450943,-0.0597456619143486,0.06055527552962303,-0.056493159383535385,0.0900590643286705,-0.050238918513059616,-0.0698329508304596,0.14044439792633057,-0.048503026366233826,-0.15511929988861084,0.1127261370420456,0.013716267421841621,-0.0643400326371193,-0.13773703575134277,-0.007762387860566378,-0.1107294112443924,0.33245790004730225,-0.27840161323547363,0.42581889033317566,-0.22827346622943878,-0.09328287839889526,0.31516745686531067,0.23999179899692535,-0.39896059036254883,0.7015690207481384,-0.5105674862861633,0.09083738923072815,0.0652230978012085,0.22705094516277313,0.08650388568639755,-0.17114906013011932,0.00041166675509884953,0.05287422612309456,0.13145966827869415,-0.2821258008480072,0.4884187877178192,-0.04298253357410431,-0.0638674795627594,0.014106170274317265,0.10852779448032379,0.1804938167333603,-0.029375109821558,-0.1512516438961029,0.22427043318748474,-0.7121248245239258,-0.21083757281303406,0.09825681895017624,0.03718779608607292,1.7701335508490956e-08,0.014241048134863377,-9.289258741773665e-05,1.2578747146108071e-06,8.281769159346197e-10,-3.0124296245048754e-05,-0.0002634557313285768,0.022365514189004898,0.032419249415397644,0.06615153700113297,-0.002697457792237401,0.04545758292078972,0.033373601734638214,0.08786007016897202,0.04596070200204849,0.07498717308044434
267,-0.0008067495655268431,-0.005211976822465658,-0.01067096833139658,-0.01160905510187149,-0.013885590247809887,-0.01185434591025114,-0.0084821293130517,-0.007211810443550348,-0.006763957440853119,-0.007355126086622477,-0.006617550738155842,-0.0054895514622330666,-0.007411508355289698,-0.010557706467807293,-0.010963724926114082,-0.009582525119185448,-0.00320284441113472,0.004982878919690847,0.014599389396607876,0.022198844701051712,0.02372225746512413,0.02389952726662159,0.004649761598557234,-0.010826513171195984,-0.025752658024430275,-0.019063958898186684,-0.028555545955896378,-0.020897867158055305,-0.02269534021615982,-0.027318647131323814,-0.054996952414512634,-0.05463620275259018,-0.04587959870696068,-0.05261684209108353,-0.06085175648331642,-0.09236178547143936,-0.1322174072265625,-0.13078995048999786,-0.1189989373087883,-0.09023690223693848,-0.09282394498586655,-0.10352593660354614,-0.10744015872478485,-0.10244985669851303,-0.1805824637413025,-0.1215095967054367,-0.11152569949626923,-0.08648775517940521,-0.07622209191322327,-0.05396996811032295,-0.08210565149784088,-0.05821099504828453,-0.05430615693330765,-0.04814280942082405,-0.05622827261686325,-0.021373074501752853,0.014285166747868061,0.0956203043460846,0.21334554255008698,0.31041204929351807,0.16907520592212677,0.1960550993680954,0.21242722868919373,0.009778022766113281,-0.005839116871356964,-0.03157128393650055,0.034608930349349976,-0.04209646210074425,-0.10805951803922653,0.05332164838910103,-0.027163483202457428,-0.0436212457716465,-0.05149097740650177,-0.19824033975601196,-0.041595809161663055,-0.05160357058048248,0.047648463398218155,-0.024167144671082497,-0.008813015185296535,-0.0025961333885788918,-0.03375674784183502,0.010357281193137169,-0.04212461784482002,-0.06955676525831223,-0.04684682562947273,-0.04963670298457146,0.02072926238179207,-0.058712903410196304,0.10010785609483719,-0.11885753273963928,0.03235762193799019,0.12391649186611176,0.10838443785905838,-0.12949854135513306,-0.08249814808368683,0.0741259902715683,-0.016930921003222466,0.2997920513153076,0.02095932699739933,0.06664849817752838,-0.2604016065597534,0.18948334455490112,0.06662075221538544,-0.08686379343271255,0.05241087079048157,0.34116947650909424,-0.26335200667381287,0.18759478628635406,-0.07443828135728836,0.16900531947612762,-0.344175785779953,0.4408828616142273,-0.2947208881378174,-0.009404116310179234,0.054591890424489975,0.07121887058019638,-0.09522625058889389,-0.5124616622924805,0.763414740562439,-0.17123951017856598,-0.17301084101200104,-0.9799392819404602,0.34462499618530273,0.27453890442848206,0.12973065674304962,-0.010750491172075272,0.17533209919929504,-0.2408018261194229,0.3918984830379486,-0.14159303903579712,0.002570495242252946,0.0344104990363121,0.24853666126728058,-0.2816855311393738,0.19765757024288177,0.31099697947502136,-0.4923440217971802,0.025121409446001053,0.045864544808864594,-0.038444191217422485,0.27650925517082214,-2.5109099510700617e-07,0.04382559284567833,-0.00015258992789313197,2.5372089567099465e-06,-8.397119586334156e-07,-2.7685106033459306e-05,-0.0006777167436666787,0.46813493967056274,0.04064564034342766,0.032567098736763,-0.002105439081788063,0.020869500935077667,0.03770606964826584,0.035575855523347855,-0.03352316841483116,-0.007384284399449825
268,-0.0009148364770226181,-0.005485544912517071,-0.010552581399679184,-0.011579927988350391,-0.01388704776763916,-0.012476080097258091,-0.008874406106770039,-0.007525605149567127,-0.007036477793008089,-0.008130033500492573,-0.006216826848685741,-0.0057427044957876205,-0.007462677080184221,-0.011190014891326427,-0.013681609183549881,-0.016889767721295357,-0.018310440704226494,-0.017954884096980095,-0.025057608261704445,-0.026899579912424088,-0.031335026025772095,-0.033031266182661057,-0.01001194678246975,0.009649018757045269,0.027466274797916412,0.019717898219823837,0.022008541971445084,0.00539347343146801,-0.006537901237607002,-0.01995587721467018,-0.04979133978486061,-0.052961282432079315,-0.04964973405003548,-0.05378003418445587,-0.0632345899939537,-0.09299959242343903,-0.13594374060630798,-0.12870372831821442,-0.1216990277171135,-0.08868104219436646,-0.09520605951547623,-0.10654124617576599,-0.10584705322980881,-0.09912975132465363,-0.16448982059955597,-0.09239420294761658,-0.07075094431638718,-0.048663146793842316,-0.050978511571884155,-0.03807508200407028,-0.06069521978497505,-0.03398139774799347,-0.027101101353764534,-0.019830383360385895,-0.02591124176979065,-0.013386792503297329,-0.008849701844155788,0.00965174287557602,0.03635401278734207,0.09527041018009186,0.04768066853284836,0.07528792321681976,0.10601380467414856,-0.0053779324516654015,0.01371174119412899,-0.006332648918032646,0.01214386522769928,-0.017968133091926575,-0.07541120797395706,-0.0030897140968590975,-0.002949105342850089,0.002772836945950985,0.003630060236901045,-0.0012489993823692203,0.03754672780632973,0.05249791964888573,-0.10255496948957443,0.1034063994884491,0.036007028073072433,0.004197385627776384,-0.009032795205712318,-0.03039690852165222,-0.034539636224508286,0.016182534396648407,0.015401346608996391,-0.08648474514484406,0.03290599212050438,-0.04093315079808235,0.06826277077198029,-0.1171301007270813,-0.003004831960424781,0.056149110198020935,0.1873965859413147,-0.13534153997898102,-0.10511881858110428,0.13222597539424896,-0.03026479482650757,0.3101860284805298,0.003836636897176504,0.030353263020515442,-0.24971425533294678,0.15764883160591125,0.06304754316806793,-0.08915236592292786,0.005538747645914555,0.16270793974399567,-0.13741151988506317,-0.05407623201608658,-0.0756964161992073,0.1215519979596138,-0.19836610555648804,0.28336861729621887,-0.17885036766529083,-0.06857898831367493,-0.01833793707191944,0.06581977754831314,-0.12940293550491333,-0.037500057369470596,0.13019107282161713,-0.011330967769026756,-0.05565100535750389,-0.3113030195236206,0.0831582099199295,0.05420127511024475,0.05744495242834091,-0.039413806051015854,0.1275118887424469,-0.09559561312198639,0.17116695642471313,-0.04945231229066849,0.1281554251909256,-0.044095322489738464,0.008191284723579884,0.17926794290542603,0.1161385104060173,0.11247125267982483,-0.28035858273506165,0.08468388020992279,0.17349939048290253,-0.06680592149496078,0.05425319820642471,-3.345616406136287e-08,-0.005785951856523752,-0.00030706048710271716,-1.618827127458644e-06,3.2609503364255943e-07,-2.3747306840959936e-05,-0.00047751617967151105,0.026125691831111908,0.05249245464801788,0.03176601603627205,-0.0022788692731410265,0.038089364767074585,0.03726983070373535,0.03740899637341499,-0.00130249944049865,0.046021007001399994
269,-0.00031798906275071204,4.04704587708693e-05,0.0034910805989056826,0.007424815092235804,0.00857851468026638,0.003985744901001453,-0.001611559302546084,-0.005666694603860378,-0.007410101126879454,-0.009244870394468307,-0.00758156506344676,-0.006512463558465242,-0.008586341515183449,-0.011932955123484135,-0.014407174661755562,-0.01789923757314682,-0.019346773624420166,-0.01768951676785946,-0.02415936253964901,-0.028858661651611328,-0.038007188588380814,-0.04945461452007294,-0.0350041538476944,-0.03784336894750595,-0.04013768956065178,-0.022383160889148712,-0.03079383447766304,-0.020911604166030884,-0.02495657093822956,-0.029251649975776672,-0.05718640238046646,-0.05529027804732323,-0.048326525837183,-0.041700150817632675,-0.030809838324785233,-0.011702828109264374,0.024949882179498672,0.04017815738916397,0.017736082896590233,-0.017053846269845963,-0.039016783237457275,-0.05621088296175003,-0.06816801428794861,-0.07144584506750107,-0.14156854152679443,-0.09184896945953369,-0.07519035041332245,-0.04983622208237648,-0.04908948764204979,-0.04550321772694588,-0.07815608382225037,-0.06013016402721405,-0.053139135241508484,-0.04601950943470001,-0.06333555281162262,-0.028856193646788597,-0.0542580708861351,-0.039948176592588425,-0.05229105427861214,-0.07647237926721573,-0.02198004722595215,-0.04477764666080475,-0.07228974252939224,0.009343428537249565,-0.02161002904176712,-0.0518239289522171,0.05634215846657753,-0.007229574955999851,-0.0854560062289238,0.035450056195259094,0.004441747907549143,-0.017907386645674706,-0.038297493010759354,-0.10487028956413269,0.0013199927052482963,-0.015242654830217361,-0.03520955890417099,-0.027560722082853317,-0.017477713525295258,-0.02065272070467472,-0.0394330769777298,0.02558201178908348,-0.025069599971175194,0.007620084099471569,0.013157917186617851,-0.09217599034309387,0.029320470988750458,-0.05379380285739899,0.14457517862319946,-0.12214458733797073,0.04552534222602844,0.059298325330019,0.14643554389476776,-0.07472784072160721,-0.08243176341056824,0.12626418471336365,-0.045733511447906494,0.3496149480342865,0.022776009514927864,0.04952573403716087,-0.28121671080589294,0.14461514353752136,0.08104149252176285,-0.10387153923511505,-0.04518367722630501,0.36615368723869324,-0.24073117971420288,0.12123104929924011,-0.173308327794075,0.31000441312789917,-0.29910919070243835,0.22922185063362122,-0.10395090281963348,0.006656372454017401,-0.02092730812728405,0.003989584278315306,-0.16824550926685333,0.29454219341278076,-0.3265603184700012,0.09336965531110764,0.010108460672199726,0.2685670852661133,-0.057085271924734116,-0.2036716341972351,-0.1234501451253891,0.06216086447238922,0.2269032597541809,-0.33525580167770386,0.5152198672294617,-0.05929017812013626,-0.13909782469272614,0.00997399166226387,0.19154007732868195,-0.30762138962745667,0.11127966642379761,0.4671918451786041,-0.45038747787475586,0.17761045694351196,0.1117708683013916,-0.03831033408641815,0.07146751880645752,-1.1418194389989367e-06,0.03780682384967804,-0.00017324168584309518,3.024407760676695e-06,-2.300578216818394e-06,-3.16709338221699e-05,-0.0005082041025161743,2.023660182952881,-0.26237815618515015,-0.017646875232458115,0.004148051142692566,-0.02627880685031414,0.009420492686331272,0.007168235722929239,-0.05110010504722595,-0.023247934877872467
270,0.0006204444798640907,0.0037842383608222008,0.007661943323910236,0.006611228454858065,0.0013679220573976636,-0.004594902973622084,-0.007217321544885635,-0.008743749000132084,-0.00858653150498867,-0.009625460021197796,-0.0076149762608110905,-0.0065277693793177605,-0.0085815554484725,-0.011907853186130524,-0.014356459490954876,-0.0178570207208395,-0.019303664565086365,-0.01765510067343712,-0.024099258705973625,-0.028846008703112602,-0.037968363612890244,-0.04938710108399391,-0.03493816778063774,-0.037817295640707016,-0.040034156292676926,-0.022325066849589348,-0.030722979456186295,-0.020866090431809425,-0.02489936538040638,-0.029171226546168327,-0.056683171540498734,-0.05407270789146423,-0.04561581090092659,-0.0361429788172245,-0.02188129909336567,0.0020970110781490803,0.03483104705810547,0.03543104603886604,0.003583417972549796,-0.027088072150945663,-0.04412112012505531,-0.05302654951810837,-0.054546210914850235,-0.051633384078741074,-0.10110509395599365,-0.0766545906662941,-0.0805269181728363,-0.06717932224273682,-0.07059042900800705,-0.059985652565956116,-0.08951834589242935,-0.06321503967046738,-0.05384866148233414,-0.04597761482000351,-0.06341662257909775,-0.02894001454114914,-0.054337650537490845,-0.03969002142548561,-0.052017878741025925,-0.07653868198394775,-0.021871060132980347,-0.04485578462481499,-0.0724002942442894,0.008321022614836693,-0.0214510690420866,-0.05157023295760155,0.05573722720146179,-0.007160358130931854,-0.08492942154407501,0.036399971693754196,0.005449952557682991,-0.017230890691280365,-0.03775746375322342,-0.10275588929653168,0.0014303618809208274,-0.015433317981660366,-0.040677327662706375,-0.030680034309625626,-0.02325216308236122,-0.0313238762319088,-0.04099198803305626,0.025767501443624496,-0.02081800252199173,0.011739970184862614,0.013730390928685665,-0.09003619104623795,0.027730360627174377,-0.05154789239168167,0.14151638746261597,-0.12189081311225891,0.05207785964012146,0.06487398594617844,0.15453103184700012,-0.07316833734512329,-0.0829625353217125,0.12621833384037018,-0.04357000067830086,0.34454062581062317,0.02239587903022766,0.04790487140417099,-0.2788558006286621,0.14375443756580353,0.08040659129619598,-0.10340499877929688,-0.04960852861404419,0.36205369234085083,-0.2428649365901947,0.11221276223659515,-0.1713046431541443,0.3059021234512329,-0.2787996828556061,0.2304273396730423,-0.0988282859325409,0.005114397034049034,-0.020227521657943726,-0.0038591481279581785,-0.16387423872947693,0.24202825129032135,-0.31286776065826416,0.09278174489736557,0.0068862661719322205,0.28411900997161865,-0.05080515146255493,-0.21323779225349426,-0.13160672783851624,0.06350106745958328,0.22740156948566437,-0.3316985070705414,0.5037838816642761,-0.05896538868546486,-0.1334361433982849,0.00880150031298399,0.19393442571163177,-0.32014355063438416,0.10348972678184509,0.48348796367645264,-0.4476008713245392,0.18299676477909088,0.10745280236005783,-0.04101845249533653,0.07356949895620346,-1.1258916856604628e-06,0.039959073066711426,-0.0002420431555947289,3.008488647537888e-06,-2.3446602881449508e-06,-2.7178906748304144e-05,-0.0007273861556313932,1.9192066192626953,-0.25447285175323486,-0.024703025817871094,0.0031222705729305744,-0.029735712334513664,-0.015898650512099266,0.005338684190064669,-0.05388426035642624,-0.02877003327012062
271,0.0006987840752117336,0.0043932776898145676,0.006896196864545345,0.003930655308067799,-0.0005727210082113743,-0.005319545045495033,-0.006762432400137186,-0.00765905249863863,-0.007164941634982824,-0.008446752093732357,-0.006658155936747789,-0.00606116745620966,-0.008196036331355572,-0.011949613690376282,-0.014441486448049545,-0.01788082718849182,-0.018700920045375824,-0.016474300995469093,-0.018497157841920853,-0.014601173810660839,-0.00878913514316082,0.0012082438915967941,0.00223626010119915,-0.00572971161454916,-0.01996389590203762,-0.017967071384191513,-0.029426785185933113,-0.022224394604563713,-0.0257429126650095,-0.029872700572013855,-0.05983472988009453,-0.0593210868537426,-0.05291418731212616,-0.055587101727724075,-0.0569852776825428,-0.06566590070724487,-0.04264092817902565,0.026203498244285583,0.10381462424993515,0.1243656575679779,0.18981516361236572,0.2270955741405487,0.1952814906835556,0.11545738577842712,0.10697224736213684,-0.009610549546778202,-0.056587304919958115,-0.0670238509774208,-0.07403190433979034,-0.0575127936899662,-0.09162325412034988,-0.05863676592707634,-0.059962473809719086,-0.0455523319542408,-0.06471618264913559,-0.03598567843437195,-0.05648762732744217,-0.044970303773880005,-0.049447398632764816,-0.047383688390254974,-0.012167483568191528,-0.009872378781437874,-0.012106132693588734,-0.008233124390244484,-0.014655724167823792,-0.03154392167925835,0.04583577811717987,-0.009682895615696907,-0.10925760865211487,0.022846290841698647,-0.028891582041978836,-0.05866241082549095,-0.06038070470094681,-0.21946187317371368,-0.025859884917736053,-0.03266574814915657,0.05026967078447342,-0.016020340844988823,0.010810306295752525,-0.04855697602033615,-0.1337454915046692,0.034485723823308945,-0.03979199379682541,-0.03739406540989876,-0.09753691405057907,0.012874575331807137,0.005026086233556271,-0.045339252799749374,0.08111066371202469,-0.1598542481660843,0.004523110575973988,0.06042294204235077,0.12167906016111374,-0.1109500527381897,-0.07832088321447372,0.09841915965080261,-0.036775000393390656,0.32124266028404236,0.0019153464818373322,0.025791198015213013,-0.20015907287597656,0.0632568895816803,-0.007292632944881916,-0.06489872187376022,-0.004478557035326958,0.16899710893630981,-0.23530228435993195,0.11632982641458511,-0.09504354745149612,0.25677376985549927,-0.39389127492904663,0.30007532238960266,-0.2538209855556488,-0.02172449603676796,0.04837406799197197,0.10505886375904083,-0.21020439267158508,0.14084327220916748,-0.09644977003335953,0.04913480952382088,0.13548243045806885,-0.3199893832206726,0.15049853920936584,0.07834354043006897,0.20066188275814056,-0.09370037913322449,0.07463447749614716,-0.15571154654026031,0.39039283990859985,-0.07693994790315628,-0.05249326676130295,-0.0101589011028409,0.23044873774051666,-0.32046496868133545,0.18259112536907196,0.3876081705093384,-0.48201605677604675,0.16612756252288818,0.13090215623378754,-0.04036733880639076,0.11931043118238449,-2.2470386795703234e-07,-0.010893329977989197,7.815573189873248e-05,1.445013481315982e-06,-1.7248453332285862e-07,-2.2358476599038113e-06,-0.0002456563524901867,1.2573801279067993,-0.08316902071237564,0.006622704211622477,0.0027507401537150145,-0.028728727251291275,0.03415884077548981,0.03248939663171768,-0.019183550029993057,-0.002600708743557334
272,-0.0012649414129555225,-0.005770436488091946,-0.011831983923912048,-0.01653202436864376,-0.018357975408434868,-0.015284218825399876,-0.010669454000890255,-0.009630156680941582,-0.008419662714004517,-0.009213212877511978,-0.0074898116290569305,-0.006394616328179836,-0.008272897452116013,-0.011503485031425953,-0.013906043022871017,-0.016942093148827553,-0.018682746216654778,-0.01742607355117798,-0.02426469884812832,-0.028785062953829765,-0.03601135313510895,-0.04814329743385315,-0.03414984419941902,-0.03587378188967705,-0.038879137486219406,-0.021989023312926292,-0.030402859672904015,-0.021159091964364052,-0.024326927959918976,-0.027560986578464508,-0.04910999909043312,-0.04078081250190735,-0.030611205846071243,-0.026606453582644463,-0.03284124284982681,-0.06278026849031448,-0.10904373973608017,-0.12955208122730255,-0.13001157343387604,-0.0901622325181961,-0.07666628807783127,-0.062339603900909424,-0.04088559374213219,-0.03051447682082653,-0.0711832046508789,-0.07166315615177155,-0.08570799231529236,-0.07491620630025864,-0.0754675567150116,-0.05933801084756851,-0.08558232337236404,-0.060010213404893875,-0.052283935248851776,-0.04534248635172844,-0.061013080179691315,-0.0325884148478508,-0.05614945665001869,-0.04657778516411781,-0.05861765891313553,-0.08648717403411865,-0.032524023205041885,-0.05226829648017883,-0.07657726854085922,-0.0039843302220106125,-0.03664296492934227,-0.06969813257455826,0.036186184734106064,-0.010439375415444374,-0.09647670388221741,0.014796030707657337,-0.006157427094876766,-0.024986598640680313,-0.051941245794296265,-0.18440937995910645,-0.03283170610666275,-0.02640976943075657,0.0710478350520134,-0.025811119005084038,-0.005709073506295681,-0.00936961080878973,-0.03792354837059975,0.02836611680686474,-0.02038726955652237,0.013840032741427422,0.026829877868294716,-0.10183801501989365,0.0360538549721241,-0.06062430888414383,0.1320052146911621,-0.14018309116363525,0.03706745058298111,0.05245699733495712,0.15946882963180542,-0.0887279137969017,-0.09071686863899231,0.09912344068288803,-0.07010436058044434,0.315498948097229,0.0002044198481598869,0.014424223452806473,-0.28093352913856506,0.13432694971561432,0.047684986144304276,-0.11592449992895126,-0.031885839998722076,0.3414308726787567,-0.19644007086753845,0.12106222659349442,-0.1415543407201767,0.30798986554145813,-0.31063559651374817,0.21616241335868835,-0.27724528312683105,-0.0051740435883402824,0.05039927735924721,0.12439379841089249,-0.20572485029697418,0.41369977593421936,-0.39077985286712646,0.08663380146026611,-0.004006980452686548,0.2989882826805115,-0.02420591376721859,-0.17605538666248322,-0.085652194917202,0.05364144220948219,0.21667072176933289,-0.28291141986846924,0.5168003439903259,-0.037780288606882095,-0.12054349482059479,0.023564908653497696,0.25429636240005493,-0.3365801274776459,0.13336743414402008,0.4408387243747711,-0.42131492495536804,0.20749793946743011,0.13639087975025177,-0.01965739205479622,0.07894046604633331,4.589162017509807e-06,0.04771687090396881,0.0022212499752640724,7.296134754142258e-06,3.443840796535369e-06,0.00015525476192124188,0.00527903763577342,2.3899965286254883,-0.5788335204124451,-0.03465305268764496,0.018789902329444885,0.07095372676849365,-0.03418635576963425,0.022249650210142136,-0.09366525709629059,0.020680315792560577
273,-0.0015568219823762774,-0.006304903421550989,-0.011496047489345074,-0.013644621707499027,-0.0167518500238657,-0.014587055891752243,-0.009494390338659286,-0.007054571527987719,-0.0033386917784810066,0.0016910427948459983,0.00654977560043335,0.008455226197838783,0.009543932043015957,0.00633961521089077,-0.0009679899085313082,-0.00988228339701891,-0.01614796370267868,-0.016523072496056557,-0.024780919775366783,-0.026600174605846405,-0.03619995713233948,-0.04568423703312874,-0.032031480222940445,-0.030192650854587555,-0.021391736343503,0.0008516779053024948,0.028075268492102623,0.03822946548461914,0.05321722477674484,0.045335229486227036,0.037027861922979355,-0.002444618847221136,-0.016334133222699165,-0.014225001446902752,-0.006778390146791935,-0.009068699553608894,-0.032368164509534836,-0.06376752257347107,-0.09209214150905609,-0.08135318011045456,-0.08961276710033417,-0.10369735956192017,-0.11405661702156067,-0.11001728475093842,-0.19939814507961273,-0.1247904822230339,-0.11723877489566803,-0.08193584531545639,-0.0810806006193161,-0.05404147505760193,-0.08942928165197372,-0.05810178071260452,-0.0507957860827446,-0.04810556396842003,-0.060838889330625534,-0.02840503118932247,-0.030021987855434418,-0.006889097858220339,0.0034267508890479803,0.02518908679485321,0.015331972390413284,0.024691252037882805,0.04026200249791145,0.0024615905713289976,0.000786483520641923,-0.025864290073513985,0.016183720901608467,-0.008901109918951988,-0.09654098749160767,-0.00014465882850345224,-0.00023172239889390767,-0.023454362526535988,-0.05066106840968132,-0.17006638646125793,-0.020379705354571342,-0.025432132184505463,0.05141893029212952,-0.06239623203873634,-0.028306638821959496,0.0031751650385558605,-0.012563470751047134,0.019400469958782196,-0.019102981314063072,0.019379207864403725,0.016891442239284515,-0.08983349800109863,0.015966540202498436,-0.04124193638563156,0.08601979911327362,-0.14359135925769806,0.021730612963438034,0.027227744460105896,0.06908894330263138,-0.04239466413855553,-0.0022866486106067896,-0.0418107807636261,0.04920221492648125,-0.10774509608745575,-0.03440849110484123,-0.041330065578222275,-0.10793391615152359,0.04295669123530388,-0.01451734360307455,-0.053596604615449905,0.0005811388837173581,0.13873419165611267,-0.22727936506271362,0.016982223838567734,-0.07979375123977661,0.32986128330230713,-0.24649253487586975,0.3361566960811615,-0.2007962018251419,0.017780320718884468,0.1602688878774643,0.15171219408512115,-0.22057697176933289,0.5460708141326904,-0.4315805435180664,0.12924957275390625,0.09962468594312668,0.2644750475883484,0.016131125390529633,-0.1713656783103943,-0.015506427735090256,-0.028337910771369934,0.18911823630332947,-0.012072841636836529,0.10362336039543152,-0.07065505534410477,0.10036547482013702,0.0355340875685215,-0.01323749776929617,0.18265913426876068,0.09403087198734283,-0.005258087534457445,-0.14695878326892853,-0.11305253207683563,0.08276942372322083,-0.0790487751364708,0.04835553094744682,-1.0025794239254537e-07,0.0028232389595359564,-0.0002403902617515996,-5.306657158143935e-07,6.870806146253017e-08,-2.648062763910275e-05,-0.0004001135239377618,0.4918401539325714,-0.005410362966358662,0.05539695918560028,-0.000388557295082137,0.0007491856813430786,0.036522891372442245,0.07204943895339966,0.04181318357586861,0.060129884630441666
274,-0.0008496603113599122,-0.0053665912710130215,-0.010169517248868942,-0.01123631652444601,-0.01398632861673832,-0.012391701340675354,-0.009139788337051868,-0.0076732332818210125,-0.007142283022403717,-0.008305749855935574,-0.006128490436822176,-0.005761552602052689,-0.007445383816957474,-0.010817375965416431,-0.013482420705258846,-0.016474928706884384,-0.017951590940356255,-0.01721051149070263,-0.02480955421924591,-0.027294263243675232,-0.035155195742845535,-0.04642847552895546,-0.032483186572790146,-0.033878978341817856,-0.03423725441098213,-0.01598249189555645,-0.011868621222674847,0.0024419608525931835,0.01567007414996624,0.022060496732592583,0.028782634064555168,-0.0004415706207510084,-0.024717053398489952,-0.04149956628680229,-0.0590428002178669,-0.09115888178348541,-0.13193504512310028,-0.1224217340350151,-0.12020766735076904,-0.0869094580411911,-0.09097523242235184,-0.1034272164106369,-0.10669223964214325,-0.10561332106590271,-0.1906295269727707,-0.11909513175487518,-0.10989303886890411,-0.08127874881029129,-0.07868563383817673,-0.04821757972240448,-0.05717019736766815,-0.010281505063176155,0.027927646413445473,0.06722468882799149,0.11649097502231598,0.04809219390153885,0.05553926154971123,0.02204851247370243,0.013384741730988026,0.021650968119502068,0.007453312166035175,0.019345631822943687,0.03774547204375267,-0.008869216777384281,0.01653963327407837,0.020569272339344025,-0.025096792727708817,-0.010311867110431194,0.0030896998941898346,-0.011335387825965881,-0.01253570057451725,0.018088174983859062,0.016048496589064598,0.0686977207660675,0.02004309371113777,0.0036592381075024605,-0.009674403816461563,-0.01203461829572916,-0.026080608367919922,0.014545385725796223,-0.014364030212163925,-0.016527079045772552,-0.032473817467689514,0.00678627984598279,0.0020903500262647867,-0.05994619056582451,0.017054328694939613,-0.02653784304857254,0.05506552755832672,-0.12718802690505981,0.013270685449242592,0.06593601405620575,0.22663956880569458,-0.11769912391901016,-0.1184830591082573,0.12423884123563766,-0.05369696021080017,0.24373115599155426,-0.018098434433341026,0.007940145209431648,-0.17351709306240082,0.07193027436733246,0.013650493696331978,-0.07457827776670456,-0.009129710495471954,0.1119861751794815,-0.1576588898897171,-0.021126270294189453,-0.09704863280057907,0.17163217067718506,-0.22338899970054626,0.30479079484939575,-0.16639560461044312,-0.06251616775989532,0.006019336171448231,0.08186995983123779,-0.16701582074165344,0.10832080245018005,-0.11298619955778122,0.02486216463148594,-0.010281377471983433,-0.0854070782661438,-0.04507266730070114,0.06693475693464279,0.04579753056168556,-0.03323941305279732,0.15680718421936035,-0.11087938398122787,0.22209729254245758,-0.06221150979399681,0.03353111445903778,0.019820885732769966,0.0837782546877861,0.08388958126306534,0.08685803413391113,0.011863562278449535,-0.1266895979642868,-0.03566791117191315,0.09553170949220657,-0.02349892631173134,0.042100634425878525,1.1779742692397122e-07,0.004880710504949093,-0.00032161682611331344,-1.6588735434197588e-06,4.850328423344763e-07,-2.3965174477780238e-05,-0.000664621009491384,0.06741364300251007,0.05191155895590782,0.03546135500073433,-0.0014833315508440137,0.04955124482512474,0.036775026470422745,0.03757356479763985,0.010221238248050213,0.0496985986828804
275,-0.0008779294439591467,-0.005516241770237684,-0.010436027310788631,-0.011682451702654362,-0.01439639925956726,-0.012553875334560871,-0.009170224890112877,-0.0077994465827941895,-0.007121759001165628,-0.008366559632122517,-0.0062047019600868225,-0.005802529398351908,-0.0075433324091136456,-0.011142442002892494,-0.013877058401703835,-0.016971616074442863,-0.018505267798900604,-0.0179800596088171,-0.025149058550596237,-0.027592262253165245,-0.03568205237388611,-0.04618559032678604,-0.029071861878037453,-0.022398395463824272,-0.00788717158138752,0.007640009745955467,0.02688264101743698,0.02246331050992012,0.01742078922688961,0.00026427782722748816,-0.02970026060938835,-0.046410854905843735,-0.04943139851093292,-0.05399079993367195,-0.06560290604829788,-0.09701093286275864,-0.13727764785289764,-0.12898749113082886,-0.1244523748755455,-0.09053760766983032,-0.09498927742242813,-0.10715468972921371,-0.11004169285297394,-0.10651947557926178,-0.1964142918586731,-0.12476864457130432,-0.11239993572235107,-0.08154788613319397,-0.074473537504673,-0.040019359439611435,-0.02990618161857128,0.005687284283339977,0.023907819762825966,0.028802527114748955,0.029491519555449486,0.005299337208271027,0.0017222807509824634,0.0016156621277332306,0.005595484748482704,0.02818029560148716,0.015687420964241028,0.03634921461343765,0.0543176606297493,-0.008759229443967342,0.0066613322123885155,-0.005091650877147913,-0.005431229714304209,-0.01613404043018818,-0.02507752552628517,-0.009120590053498745,-0.0019169384613633156,0.01668451353907585,0.012692227028310299,0.018040597438812256,0.01765354722738266,0.0014114560326561332,-0.002133568748831749,-0.006135480012744665,-0.004259880632162094,-0.0034688059240579605,-0.02108030579984188,0.016326846554875374,-0.03371583670377731,-0.006388803943991661,-0.005951367784291506,-0.06784924119710922,0.02150835283100605,-0.032304797321558,0.06128757447004318,-0.12256679683923721,0.009810705669224262,0.03723692521452904,0.12173397094011307,-0.08821574598550797,-0.07950583845376968,0.09678912162780762,-0.04645097255706787,0.32404661178588867,0.00560062937438488,0.05039295554161072,-0.25416624546051025,0.1312142312526703,0.04157356917858124,-0.08915315568447113,0.005527213681489229,0.19596655666828156,-0.22255773842334747,0.01784544810652733,-0.11397713422775269,0.20091353356838226,-0.21846896409988403,0.2687947154045105,-0.14883357286453247,-0.02996913343667984,0.005717633292078972,0.06293851882219315,-0.12656459212303162,0.04005786404013634,-0.04419509321451187,0.0164481308311224,0.02104199305176735,-0.02136899344623089,-0.02050040289759636,0.009769828990101814,0.050882138311862946,-0.04001336917281151,0.12693548202514648,-0.06691095232963562,0.13886570930480957,-0.06064329296350479,0.06350831687450409,0.008392482064664364,0.10393005609512329,0.059739068150520325,0.11879988014698029,0.021406814455986023,-0.1245894506573677,-0.03471743315458298,0.10437928885221481,-0.018583854660391808,0.05570496246218681,5.3811124445246605e-08,0.009084410965442657,-0.00030812787008471787,-1.3512195664588944e-06,4.127800536934956e-07,-2.4175862563424744e-05,-0.0004929214483126998,0.14619401097297668,0.03546920046210289,0.03610362485051155,-0.0020873730536550283,0.04569996893405914,0.02973564900457859,0.030527813360095024,0.0138512272387743,0.048426710069179535
276,-0.0013479857007041574,-0.006137734279036522,-0.012879948131740093,-0.016957242041826248,-0.019257232546806335,-0.0157291442155838,-0.011167232878506184,-0.009966736659407616,-0.008723029866814613,-0.0095518222078681,-0.00749549176543951,-0.006616861093789339,-0.008466945961117744,-0.011916782706975937,-0.01445010956376791,-0.01769915595650673,-0.019307157024741173,-0.017996076494455338,-0.02517073228955269,-0.029468389227986336,-0.037926480174064636,-0.05015331134200096,-0.035023562610149384,-0.03717835620045662,-0.04004254937171936,-0.022126447409391403,-0.029498424381017685,-0.017688840627670288,-0.014081121422350407,-0.005753649864345789,0.011609532870352268,0.019729958847165108,0.016359832137823105,0.007591185159981251,-0.00746921868994832,-0.030549006536602974,-0.0651049092411995,-0.0810832679271698,-0.08192510157823563,-0.058145876973867416,-0.05821508169174194,-0.0673786997795105,-0.07205043733119965,-0.06887152045965195,-0.12605507671833038,-0.08568132668733597,-0.08327630162239075,-0.06880856305360794,-0.07307706773281097,-0.05822790414094925,-0.08742716908454895,-0.061852529644966125,-0.05132312327623367,-0.0442875511944294,-0.061003122478723526,-0.030315199866890907,-0.05559548735618591,-0.043377768248319626,-0.05582929775118828,-0.08144118636846542,-0.030147071927785873,-0.04538297653198242,-0.07322459667921066,0.001115066115744412,-0.027505161240696907,-0.04873145371675491,0.03324997425079346,-0.010099277831614017,-0.08961251378059387,0.009935136884450912,0.00455460324883461,-0.017753638327121735,-0.03169548138976097,-0.15967896580696106,-0.024062015116214752,-0.01763140596449375,0.07177606225013733,-0.032109472900629044,-0.008779190480709076,0.011786999180912971,-0.02404708042740822,0.03542639687657356,-0.02336256206035614,0.010058228857815266,0.022316981106996536,-0.10594646632671356,0.035831518471241,-0.06189494952559471,0.13632436096668243,-0.1405164897441864,0.0331386961042881,0.053209155797958374,0.17312586307525635,-0.08127526938915253,-0.09878478199243546,0.11631075292825699,-0.05566824600100517,0.3340878188610077,0.013709209859371185,0.04169579967856407,-0.24173776805400848,0.12803488969802856,0.0460934042930603,-0.10997656732797623,-0.021160371601581573,0.25593242049217224,-0.2051401436328888,0.0628323033452034,-0.12119448184967041,0.28628453612327576,-0.22915257513523102,0.2413114756345749,-0.18720228970050812,-0.02578146755695343,0.06298938393592834,0.11340073496103287,-0.221217542886734,0.40973934531211853,-0.4083594083786011,0.09093935787677765,0.027576401829719543,0.27733731269836426,-0.048147283494472504,-0.1783364862203598,-0.10123839974403381,0.04272700846195221,0.21100559830665588,-0.33545932173728943,0.573407769203186,-0.056182611733675,-0.15217767655849457,0.040921956300735474,0.2591875493526459,-0.3500751554965973,0.08240460604429245,0.39378035068511963,-0.41880273818969727,0.19150203466415405,0.18816214799880981,-0.06819836795330048,0.0662955567240715,-7.41157521133573e-07,-0.004649239592254162,-0.00010342107998440042,7.703403639425233e-07,-1.227081611432368e-06,-2.0752665932377568e-06,-0.00028785032918676734,2.681734323501587,-0.3164103925228119,-0.00862607266753912,0.006781822070479393,0.06417670845985413,0.03777015581727028,-0.013462744653224945,-0.04644500091671944,-0.0026939979288727045
277,0.0007519005448557436,0.00391254061833024,0.006510978564620018,0.004358272533863783,0.004845376592129469,0.008096436969935894,0.014176995493471622,0.021950043737888336,0.026266884058713913,0.027181975543498993,0.015269367955625057,0.011031616479158401,0.01605827547609806,0.03190361708402634,0.040070176124572754,0.04289660602807999,0.030850620940327644,0.02228616364300251,0.03391633555293083,0.04962245747447014,0.07193861156702042,0.08178561180830002,0.03970520943403244,0.026102840900421143,0.024972032755613327,0.020323369652032852,0.031613051891326904,0.02022496797144413,0.01484045572578907,0.013490837067365646,0.041902560740709305,0.05709575116634369,0.04665320739150047,0.02950013056397438,0.0032032288145273924,-0.027012981474399567,-0.04411209747195244,-0.030057962983846664,-0.02184770256280899,-0.01972990855574608,-0.021792221814393997,-0.0031334590166807175,0.04334534332156181,0.09048738330602646,0.2119555026292801,0.11436592042446136,0.0678015798330307,0.05090997740626335,0.07991349697113037,0.09561202675104141,0.17714545130729675,0.08972670882940292,0.07194345444440842,0.05236543342471123,0.11591842025518417,0.07471942901611328,0.1319451779127121,0.058020319789648056,0.04173796996474266,0.03387026488780975,0.0004169773601461202,0.02729267254471779,0.0664081946015358,-0.020652418956160545,-0.008846052922308445,-0.002969956723973155,-0.061981841921806335,-0.01358554232865572,0.05375851318240166,-0.018365049734711647,-0.003983543254435062,9.355921793030575e-05,2.1989504602970555e-05,0.09195681661367416,0.020426006987690926,0.015949822962284088,-0.05139152705669403,0.036839935928583145,0.1091032400727272,-0.0861845389008522,-0.10554388910531998,0.10167723149061203,-0.010487988591194153,-0.07430697977542877,-0.07286997884511948,0.10551207512617111,-0.10422677546739578,0.08925846964120865,-0.06384003907442093,0.006686995271593332,-0.01597180776298046,-0.02920296974480152,-0.23427490890026093,0.0016348563367500901,0.0027677714824676514,-0.09037134051322937,-0.024118218570947647,-0.39921537041664124,-0.1184384822845459,-0.18564702570438385,0.14953653514385223,-0.2100936770439148,-0.1823677122592926,0.07370513677597046,-0.14661365747451782,-0.3916512131690979,0.12642228603363037,-0.06608346849679947,-0.08443688601255417,-0.229635089635849,0.34400489926338196,-0.05506698787212372,0.014587883837521076,0.003146940842270851,-0.19806107878684998,-0.26355862617492676,0.37023845314979553,-0.64792400598526,0.3207929730415344,-0.048960473388433456,0.01461214292794466,-0.37752121686935425,-0.035458456724882126,0.28018179535865784,0.13334031403064728,0.0038370410911738873,-0.07488958537578583,0.5351508259773254,-1.1416147947311401,0.06917250901460648,-0.040238238871097565,0.07020719349384308,0.11706256121397018,0.6240745186805725,-0.2387874275445938,-0.6381729245185852,0.25532034039497375,-0.06851709634065628,0.10396748781204224,0.007944446057081223,0.060600027441978455,-1.1154972980875755e-06,-0.045696478337049484,0.00021174151333980262,-4.543172053672606e-06,-1.664380874899507e-06,7.958199421409518e-05,0.0003396453976165503,0.06533276289701462,0.18686434626579285,0.024868007749319077,-0.0014614412793889642,-0.02453356608748436,0.00724475784227252,0.013258600607514381,0.03015347197651863,0.025491783395409584
278,-0.0011206883937120438,-0.0058001321740448475,-0.011948115192353725,-0.015040782280266285,-0.018361924216151237,-0.014981810003519058,-0.010437877848744392,-0.008051623590290546,-0.003901616670191288,0.0011720899492502213,0.005927444435656071,0.008661163039505482,0.010109972208738327,0.007196595426648855,-0.0005056307418271899,-0.010372431017458439,-0.01669725403189659,-0.017648963257670403,-0.024930857121944427,-0.029254168272018433,-0.03769797086715698,-0.04970855265855789,-0.03463130071759224,-0.036334432661533356,-0.03681705519556999,-0.017518598586320877,-0.017145879566669464,-0.006304256152361631,-0.0018020299030467868,-0.0031116094905883074,-0.012254875153303146,-0.01692698523402214,-0.009407702833414078,0.003951428458094597,0.016258832067251205,0.033920567482709885,0.04232432320713997,0.02148275077342987,-0.01282732468098402,-0.04201526194810867,-0.07089449465274811,-0.09919826686382294,-0.11148731410503387,-0.10978424549102783,-0.20799796283245087,-0.1311688870191574,-0.11575909703969955,-0.08156328648328781,-0.07261208444833755,-0.045417703688144684,-0.05265606567263603,-0.03047519363462925,-0.027856318280100822,-0.026303350925445557,-0.036388300359249115,-0.015691101551055908,-0.016917595639824867,-0.01218719594180584,-0.01876477524638176,-0.03600630164146423,-0.015889011323451996,-0.027891306206583977,-0.043126411736011505,-0.0038031984586268663,-0.020436814054846764,-0.042179398238658905,0.04941950738430023,-0.0011729411780834198,-0.099710613489151,0.0183935035020113,0.011515331454575062,-0.018501553684473038,-0.036900874227285385,-0.17345745861530304,-0.02640533819794655,-0.01677335426211357,0.060204822570085526,-0.028317706659436226,-0.007904917001724243,-0.014691888354718685,-0.04199893772602081,0.04031571000814438,-0.037795960903167725,-0.02417192980647087,-0.030632223933935165,-0.045604679733514786,0.018512791022658348,-0.03168189153075218,0.07461719214916229,-0.1189093291759491,0.0204464104026556,0.03767462074756622,0.1523573100566864,-0.08747637271881104,-0.07904522866010666,0.10460912436246872,-0.04928942769765854,0.27685117721557617,0.014524254016578197,0.042557742446660995,-0.2410183697938919,0.13476957380771637,0.04527847096323967,-0.10079975426197052,-0.0030102634336799383,0.2388564497232437,-0.22187483310699463,0.03636989742517471,-0.10391147434711456,0.2524128258228302,-0.21194884181022644,0.23465977609157562,-0.14130264520645142,-0.002610451076179743,0.0623171366751194,0.115091472864151,-0.22635063529014587,0.4065382182598114,-0.4027630686759949,0.09554806351661682,0.03330951929092407,0.26303818821907043,-0.05964602902531624,-0.14367304742336273,-0.057543978095054626,0.000439534371253103,0.19339630007743835,-0.2487027645111084,0.44713446497917175,-0.06657808274030685,-0.01847146265208721,0.005249489564448595,0.18151548504829407,-0.1971549391746521,0.10055453330278397,0.24095593392848969,-0.3969181478023529,0.1598307341337204,0.17664343118667603,-0.07109479606151581,0.06726095080375671,1.595250864738773e-07,-0.020597737282514572,0.00018762903346214443,-4.832165245716169e-07,-4.930179784423672e-07,2.6684863769332878e-05,0.0003819465928245336,1.9971075057983398,-0.22384358942508698,0.00792751181870699,0.010837551206350327,0.0007623513811267912,0.0305184256285429,-0.00490192323923111,-0.006682120263576508,0.05446759611368179
279,-0.0007556889904662967,-0.005188692826777697,-0.01038098894059658,-0.0107397036626935,-0.013325867243111134,-0.011574015021324158,-0.008526774123311043,-0.007162108086049557,-0.0069365473464131355,-0.007168698124587536,-0.005296512972563505,-0.0033388668671250343,-0.0011139357229694724,0.004141179844737053,0.011982056312263012,0.01432168111205101,0.007473746780306101,-0.0032259197905659676,-0.01601887121796608,-0.023699266836047173,-0.03312784805893898,-0.04548266902565956,-0.029234739020466805,-0.025769667699933052,-0.018480805680155754,-0.004542037844657898,-0.0008304244838654995,-0.00144826783798635,-0.006959320977330208,-0.01755499467253685,-0.04647219926118851,-0.050504740327596664,-0.04787863418459892,-0.0521063394844532,-0.061359647661447525,-0.09216821193695068,-0.1321263164281845,-0.12493541091680527,-0.11880670487880707,-0.08848824352025986,-0.09480231255292892,-0.1050567626953125,-0.10627604275941849,-0.10527843981981277,-0.18927235901355743,-0.1211247593164444,-0.10965234786272049,-0.0840935930609703,-0.08114558458328247,-0.051472947001457214,-0.05613633990287781,-0.004729249980300665,0.04780058190226555,0.10912492871284485,0.19795842468738556,0.10331660509109497,0.10384298861026764,0.026958409696817398,-0.01594286598265171,-0.04107842966914177,-0.01712610200047493,-0.0183714609593153,-0.003743837820366025,0.0016122428933158517,0.023502031341195107,0.04969373717904091,-0.06838420033454895,0.022426282986998558,0.07319197803735733,-0.04882874712347984,0.004838902968913317,0.007870609872043133,-0.0027761198580265045,-0.07963014394044876,-0.008155821822583675,-0.01614183560013771,0.011717662215232849,-0.017865939065814018,-0.00790429674088955,0.011423960328102112,-0.019836273044347763,0.02060534618794918,-0.035568997263908386,-0.02532813884317875,-0.026092475280165672,-0.049464765936136246,0.029379716143012047,-0.04111028090119362,0.08458808809518814,-0.11335103213787079,0.010287129320204258,0.08714158833026886,0.17531028389930725,-0.1082734689116478,-0.127003014087677,0.1322844922542572,-0.035075120627880096,0.3571905493736267,0.04174189642071724,0.04685516655445099,-0.23357443511486053,0.1449619084596634,0.04560547694563866,-0.06810837984085083,-0.01285537425428629,0.019873443990945816,-0.0717368945479393,-0.05788330361247063,-0.07069189101457596,0.14208616316318512,-0.1816530078649521,0.28194135427474976,-0.19769881665706635,-0.08419248461723328,-0.014893836341798306,0.06002449244260788,-0.10055823624134064,-0.13553869724273682,0.33405208587646484,-0.04530875384807587,-0.03619891032576561,-0.3310772478580475,0.10514506697654724,0.08770300447940826,0.020139969885349274,-0.03203072026371956,0.20652183890342712,-0.24096696078777313,0.38153013586997986,-0.08771279454231262,0.07674558460712433,-0.027374183759093285,0.011124419048428535,0.2764151692390442,0.11868991702795029,-0.03784201666712761,-0.10875087231397629,-0.004542270675301552,0.1509496420621872,-0.04598929360508919,0.08042111992835999,9.480748275336737e-08,0.014878814108669758,-0.00029832549626007676,-6.383849608937453e-07,3.9733504308969714e-07,-2.7078633138444275e-05,-0.0006387583562172949,-0.156742662191391,0.0655437484383583,0.03388301655650139,-0.002740119816735387,0.009988583624362946,0.026988860219717026,0.03184492886066437,0.01646261103451252,0.049695808440446854
280,-0.0007503725937567651,-0.00524083711206913,-0.010627150535583496,-0.01084629725664854,-0.013631521724164486,-0.01163045596331358,-0.008698463439941406,-0.007262126542627811,-0.007062735501676798,-0.007609920110553503,-0.0061956108547747135,-0.005508401431143284,-0.007134720217436552,-0.010754312388598919,-0.013302342966198921,-0.01617429405450821,-0.017888229340314865,-0.017419982701539993,-0.02481134980916977,-0.026882823556661606,-0.03412102907896042,-0.04241684824228287,-0.0230077113956213,-0.010041852481663227,0.009604515507817268,0.01626364327967167,0.028339451178908348,0.015044162049889565,0.0043919384479522705,-0.011868848465383053,-0.04298807680606842,-0.049368422478437424,-0.047914210706949234,-0.052468251436948776,-0.062380846589803696,-0.09385591000318527,-0.13402608036994934,-0.12731967866420746,-0.12056053429841995,-0.09012828022241592,-0.09626708924770355,-0.10565780103206635,-0.10842417180538177,-0.10620675981044769,-0.1931791454553604,-0.12217339873313904,-0.11111707985401154,-0.08362136781215668,-0.08100368082523346,-0.05279780179262161,-0.05833538621664047,-0.00771645363420248,0.04341282695531845,0.10668958723545074,0.19965288043022156,0.10344516485929489,0.10645674914121628,0.028860021382570267,-0.015658311545848846,-0.046795591711997986,-0.0224058348685503,-0.02913675270974636,-0.01882662996649742,3.4669938031584024e-05,0.031953115016222,0.05909685790538788,-0.055314745754003525,0.018859881907701492,0.05126814544200897,-0.05347738787531853,0.002767672063782811,0.008653895929455757,-0.004179344512522221,-0.08537296205759048,-0.013141180388629436,-0.019214726984500885,0.015732156112790108,-0.01819377765059471,-0.007936137728393078,0.006610960233956575,-0.017086833715438843,0.02608274109661579,-0.030635222792625427,-0.021110452711582184,-0.020448828116059303,-0.05622022598981857,0.031232459470629692,-0.04702431336045265,0.10638149082660675,-0.11128143221139908,0.022588778287172318,0.06624693423509598,0.13238096237182617,-0.09666350483894348,-0.12050235271453857,0.11738428473472595,-0.04987695440649986,0.3468349874019623,0.03509543836116791,0.04989331588149071,-0.23693881928920746,0.14453379809856415,0.04836869612336159,-0.07042253762483597,-0.010346801020205021,0.07989750802516937,-0.12519362568855286,-0.01626300998032093,-0.0873623713850975,0.17713531851768494,-0.2706809639930725,0.3340801000595093,-0.22005149722099304,-0.09152557700872421,0.002060913247987628,0.06159614399075508,-0.13163182139396667,-0.018359607085585594,0.15083186328411102,0.013208995573222637,0.018685489892959595,-0.2722116708755493,0.08828478306531906,0.021415237337350845,0.0051459926180541515,-0.022098086774349213,0.2499699592590332,-0.25976210832595825,0.35891637206077576,-0.06731963902711868,0.12417536973953247,-0.06575791537761688,-0.031839825212955475,0.37515339255332947,0.09049022197723389,-0.21932795643806458,0.04152427241206169,-0.030268341302871704,0.16549992561340332,-0.057210132479667664,0.08533020317554474,-2.0832562341865923e-09,0.016763342544436455,-5.5356234952341765e-05,8.194180622922431e-07,-6.971818322654144e-08,-2.9249511044326937e-06,-0.00039275820017792284,-0.17858721315860748,0.06185289844870567,0.0389191210269928,-0.0027174234855920076,0.041729409247636795,0.032659243792295456,0.03578793630003929,0.019497960805892944,0.05466911196708679
281,-0.0011919233947992325,-0.0043191141448915005,-0.010564791969954967,-0.010556778870522976,-0.013269690796732903,-0.010386332869529724,-0.008161626756191254,-0.006654983386397362,-0.007166264578700066,-0.006872967816889286,-0.005456662271171808,-0.005344528239220381,-0.006348111666738987,-0.008682171814143658,-0.011621802113950253,-0.013124760240316391,-0.014699006453156471,-0.013123218901455402,-0.021032363176345825,-0.02215474471449852,-0.03073187544941902,-0.0395980067551136,-0.02383568324148655,-0.02948431298136711,-0.033231012523174286,-0.017714885994791985,-0.02191193401813507,-0.012938501313328743,-0.005582091864198446,0.01749279908835888,0.10044889152050018,0.13903477787971497,0.15309424698352814,0.11654310673475266,0.07108660042285919,0.027098439633846283,-0.011320561170578003,-0.0040754592046141624,0.026614448055624962,0.033761557191610336,0.023427529260516167,0.0019800392910838127,-0.03453825041651726,-0.06478491425514221,-0.14831103384494781,-0.102229043841362,-0.0943014994263649,-0.0682242214679718,-0.06831265240907669,-0.047077447175979614,-0.07085742801427841,-0.04505864903330803,-0.04198650270700455,-0.0448157973587513,-0.056025583297014236,-0.025780003517866135,-0.04643985629081726,-0.0306687131524086,-0.0486120730638504,-0.06826135516166687,-0.02140921913087368,-0.02903837338089943,-0.02840162254869938,-0.013775317929685116,0.041043970733881,0.16428954899311066,-0.11243290454149246,-0.005762198474258184,0.15961569547653198,-0.040175020694732666,-0.019464727491140366,-0.0015770159661769867,0.04904431477189064,0.33915281295776367,-0.06450018286705017,0.0038979051169008017,-0.04299362003803253,-0.0024801911786198616,-0.031984325498342514,-0.016206366941332817,0.043449439108371735,-0.08219844847917557,0.06716936081647873,0.09065420180559158,0.09652905911207199,-0.060068435966968536,0.3077949285507202,-0.03447326645255089,0.46302324533462524,-0.08562205731868744,0.1166580393910408,0.09903717041015625,0.1832880973815918,-0.04215552285313606,-0.0018554165726527572,0.14422260224819183,-0.040086276829242706,0.2124810367822647,0.003808015026152134,-0.02889091707766056,-0.12489069998264313,0.04525134339928627,-0.028751680627465248,0.2172621339559555,0.3549843430519104,-0.639248788356781,0.10864587873220444,-0.15836410224437714,0.0685160830616951,-0.038743067532777786,-0.02958521991968155,-0.11123064905405045,0.18179655075073242,0.07874923944473267,-0.17538520693778992,-0.03330715373158455,-0.1321706473827362,0.24472910165786743,-0.17034171521663666,0.045787859708070755,0.03535003960132599,0.17273670434951782,0.016563134267926216,-0.2056908756494522,-0.041680607944726944,0.02733556739985943,0.1606898307800293,-0.2963111996650696,0.6011407971382141,-0.10970256477594376,-0.2157858908176422,-0.03709667921066284,0.19143566489219666,-0.10434247553348541,0.09519554674625397,-0.05290992930531502,0.12243573367595673,-0.587888777256012,-1.144871473312378,-0.10509657859802246,-0.06269926577806473,-7.078126174064892e-08,0.00473392941057682,-0.00019336346304044127,-3.4740489240903116e-07,-2.1668505212346645e-07,-4.685497060563648e-06,-0.00012981655891053379,-0.023203954100608826,0.1779291182756424,0.04693968594074249,-0.0006698673241771758,0.050831206142902374,0.029885444790124893,0.02654503472149372,0.0512157678604126,0.07443313300609589
282,0.0025962970685213804,0.006238694768399,0.01033878419548273,0.009965471923351288,0.008345188573002815,0.0030761552043259144,-0.0007499698549509048,-0.0028388756327331066,-0.004915331024676561,-0.004899444989860058,-0.004276244901120663,-0.00403038552030921,-0.005106629803776741,-0.006784813944250345,-0.008545327931642532,-0.010431181639432907,-0.011785108596086502,-0.009663120843470097,-0.014751461334526539,-0.01861119642853737,-0.0261785089969635,-0.03297337517142296,-0.02110295742750168,-0.025102969259023666,-0.026644054800271988,-0.014894599094986916,-0.019547099247574806,-0.012230267748236656,-0.018205691128969193,-0.020418470725417137,-0.03498174622654915,-0.03299199789762497,-0.02775670401751995,-0.014130554161965847,0.008523141965270042,0.06978285312652588,0.15877538919448853,0.20346830785274506,0.17964862287044525,0.09446495026350021,0.051987942308187485,0.01831335760653019,-0.008793155662715435,-0.024740777909755707,-0.057407114654779434,-0.04573336988687515,-0.039254698902368546,-0.0277557373046875,-0.03412843495607376,-0.028734145686030388,-0.05092131346464157,-0.0379532054066658,-0.03480679541826248,-0.02864931710064411,-0.04223722219467163,-0.020671842619776726,-0.037458255887031555,-0.022436093538999557,-0.032107915729284286,-0.044759321957826614,-0.02310263179242611,-0.027793120592832565,-0.05396813899278641,-0.0015998908784240484,-0.015225766226649284,-0.012103065848350525,-0.021443648263812065,0.05008845031261444,0.36053091287612915,0.00808700080960989,0.07045663893222809,0.09159281849861145,0.015923181548714638,0.5033639669418335,-0.05866292491555214,0.013203052803874016,-0.052169319242239,-0.007807161659002304,-0.03607664629817009,-0.02290481887757778,0.244285449385643,-0.3030664026737213,0.24844291806221008,0.17268092930316925,0.1940203756093979,-0.07922612130641937,0.08958841860294342,-0.038494423031806946,0.1365291178226471,-0.02526603266596794,0.05736485496163368,0.06286028027534485,0.21179386973381042,0.02774551883339882,-0.048531632870435715,0.10622861236333847,-0.03492539003491402,0.17199987173080444,0.042204953730106354,-0.061389874666929245,-0.10925649106502533,0.039170000702142715,-0.029697006568312645,-0.06531181931495667,-0.037397973239421844,-0.125035360455513,-0.02009562775492668,-0.05941546708345413,0.6387680172920227,-1.490495204925537,0.48181653022766113,-0.6637020111083984,0.5699023008346558,0.08174058049917221,0.0807541161775589,-0.4350641965866089,0.21174801886081696,0.042283304035663605,-0.581497848033905,-0.6471875309944153,0.14142324030399323,0.7873141765594482,-0.16703574359416962,-0.7102572321891785,-0.5198125243186951,0.32599112391471863,0.13320408761501312,-0.45618027448654175,0.4915539622306824,-0.10592535883188248,-0.1310654729604721,0.11350730806589127,0.09926378726959229,-0.06593458354473114,0.052817702293395996,0.22614686191082,-0.2401631474494934,0.04279134050011635,0.10438810288906097,-0.029761414974927902,0.0628131702542305,-2.4476750581925444e-07,0.02155780792236328,-0.00024855032097548246,4.671124145261274e-07,-6.094642230891623e-07,-2.3342192434938625e-05,-0.00038801407208666205,-0.8027109503746033,0.18764466047286987,0.01036397647112608,-0.006741117686033249,-0.02258479967713356,0.029294956475496292,-0.002277996623888612,0.056926287710666656,-0.007915099151432514
283,-0.0011429502628743649,-0.004235871136188507,-0.010590449906885624,-0.01045858021825552,-0.013215973973274231,-0.010351712815463543,-0.00814993865787983,-0.006675638258457184,-0.007158020511269569,-0.006881136447191238,-0.005454747937619686,-0.005339024588465691,-0.006351481657475233,-0.008698352612555027,-0.011650395579636097,-0.013212920166552067,-0.014720607548952103,-0.013187212869524956,-0.02103251777589321,-0.022205760702490807,-0.030808301642537117,-0.039615631103515625,-0.02382543496787548,-0.029535626992583275,-0.03324062004685402,-0.017725490033626556,-0.021879736334085464,-0.012914495542645454,-0.005609672516584396,0.01716097816824913,0.09987097978591919,0.13811519742012024,0.15212076902389526,0.11595862358808517,0.07076393067836761,0.027081118896603584,-0.011222412809729576,-0.003975339233875275,0.026765182614326477,0.03394556790590286,0.023681379854679108,0.0019391011446714401,-0.03455156087875366,-0.06481540948152542,-0.14869385957717896,-0.1021050214767456,-0.09411704540252686,-0.0680442675948143,-0.06809785962104797,-0.04733806848526001,-0.0707971528172493,-0.04491066187620163,-0.041832003742456436,-0.044316623359918594,-0.05592620000243187,-0.025191117078065872,-0.046110935509204865,-0.030236948281526566,-0.04843160882592201,-0.06757503002882004,-0.019900323823094368,-0.028053181245923042,-0.02756655402481556,-0.014860492199659348,0.03826989233493805,0.16014350950717926,-0.11797172576189041,-0.0074562500230968,0.15349175035953522,-0.04495657607913017,-0.02452142722904682,-0.0053744544275105,0.046559616923332214,0.33638694882392883,-0.061638396233320236,0.0038846563547849655,-0.0403544157743454,-0.003982266411185265,-0.034189946949481964,-0.021370863541960716,0.044821012765169144,-0.08572942018508911,0.06478136777877808,0.09230109304189682,0.09829148650169373,-0.05769694596529007,0.3104534447193146,-0.034243855625391006,0.46839940547943115,-0.08621829748153687,0.11782515048980713,0.10103276371955872,0.1816580444574356,-0.04353013262152672,-0.003150139469653368,0.14421290159225464,-0.039295341819524765,0.21277280151844025,0.004481620620936155,-0.028670893982052803,-0.12675374746322632,0.041071780025959015,-0.03550882637500763,0.2213478982448578,0.3518329858779907,-0.6294425129890442,0.1135672852396965,-0.16084562242031097,0.06618887931108475,-0.038756947964429855,-0.020315684378147125,-0.10067370533943176,0.1612204909324646,0.08593883365392685,-0.18100573122501373,-0.0407298319041729,-0.12885308265686035,0.23724548518657684,-0.1698903888463974,0.04515931382775307,0.03565383329987526,0.17277735471725464,0.015351939015090466,-0.19892369210720062,-0.04254836589097977,0.026454009115695953,0.16045257449150085,-0.2951953411102295,0.6052643656730652,-0.1077655777335167,-0.21472375094890594,-0.03713853284716606,0.1880921870470047,-0.10452324151992798,0.09445831924676895,-0.056544408202171326,0.13588622212409973,-0.6239640116691589,-1.130618691444397,-0.07195577025413513,-0.12442561239004135,-9.06491450791691e-08,0.00424230145290494,-0.0001868038234533742,-3.2527830740036734e-07,-2.407190322628594e-07,-4.696422820416046e-06,-0.00012045561015838757,0.012637299485504627,0.17493879795074463,0.046730201691389084,-0.0002677770098671317,0.05097836256027222,0.02996157482266426,0.026615632697939873,0.051303036510944366,0.07456894218921661
284,0.0022300509735941887,0.00612636748701334,0.01118028536438942,0.011544246226549149,0.011857280507683754,0.006758685689419508,0.0018355374922975898,-0.0014241700991988182,-0.004226724151521921,-0.005098691210150719,-0.004400889854878187,-0.004228482022881508,-0.005566053558140993,-0.007632538676261902,-0.009756878018379211,-0.011546649970114231,-0.012941109947860241,-0.010972343385219574,-0.01621117629110813,-0.02057071216404438,-0.02785049006342888,-0.0362580344080925,-0.023321347311139107,-0.027444612234830856,-0.028942249715328217,-0.01566866971552372,-0.02082284912467003,-0.013297775760293007,-0.016613662242889404,-0.014405052177608013,-0.012115443125367165,0.008132669143378735,0.035475634038448334,0.06263400614261627,0.08889740705490112,0.1492549180984497,0.15752314031124115,0.09441034495830536,0.02287827618420124,-0.009578442201018333,-0.016824709251523018,-0.01628587394952774,-0.018030211329460144,-0.02620074898004532,-0.05644771456718445,-0.04422886297106743,-0.03706976771354675,-0.024871880188584328,-0.025829626247286797,-0.021875889971852303,-0.04268429055809975,-0.035413872450590134,-0.03339359164237976,-0.03105996362864971,-0.04451720416545868,-0.023633956909179688,-0.03873497247695923,-0.0249748844653368,-0.038368143141269684,-0.04822928085923195,-0.024720750749111176,-0.03241975978016853,-0.055163804441690445,-0.0062914397567510605,-0.016037125140428543,-0.012205288745462894,-0.02133338525891304,0.05350571125745773,0.3969987630844116,-0.06713037192821503,0.04192974790930748,0.08168253302574158,0.04970243200659752,0.4733005464076996,-0.029763532802462578,-0.005530828610062599,-0.0677310973405838,0.000840600288938731,-0.012062693946063519,0.046199698001146317,0.21813176572322845,-0.24254509806632996,0.18096816539764404,0.18207301199436188,0.24618591368198395,-0.10503508150577545,0.16856038570404053,-0.057751066982746124,0.18315835297107697,-0.03277164697647095,0.054472651332616806,0.07287142425775528,0.2016550749540329,0.027445929124951363,-0.0502343587577343,0.11129704117774963,-0.04014289006590843,0.2024736851453781,0.05372416600584984,-0.042793385684490204,-0.12600311636924744,0.045069605112075806,-0.0060785748064517975,-0.010376573540270329,0.10613030940294266,-0.32843339443206787,0.02461329661309719,-0.16010938584804535,0.4178154766559601,-0.9674221873283386,0.331590861082077,-0.5761542916297913,0.4914759397506714,0.03951910883188248,0.2307858020067215,-0.2289794236421585,0.20031538605690002,-0.19249051809310913,-0.18697306513786316,-0.26821428537368774,0.2153288871049881,0.578266441822052,-0.10611671954393387,-0.6507936716079712,-0.5646944046020508,0.20910604298114777,0.10897444933652878,-0.6017304062843323,0.6504507660865784,-0.14989203214645386,-0.20889823138713837,0.14923863112926483,0.09298811107873917,-0.08472297340631485,0.07830992341041565,0.265269935131073,-0.29327264428138733,0.05297231301665306,0.12555575370788574,-0.03285711631178856,0.0174203310161829,-2.876140001717431e-07,0.012522196397185326,-0.00034917908487841487,1.5300148703545347e-08,-6.534072554131853e-07,-2.402315840299707e-05,-0.0005714418366551399,-1.0591856241226196,0.18196654319763184,0.007821043021976948,-0.007408495061099529,-0.02316206321120262,0.03153439611196518,-0.003442497691139579,0.04712655767798424,-0.0130237378180027
285,0.00021982598991598934,0.0029823018703609705,0.009521415457129478,0.010252547450363636,0.01587248034775257,0.010767629370093346,0.005009703803807497,0.001117136562243104,0.0005478273378685117,0.005512729287147522,0.012455516494810581,0.0213425662368536,0.037381112575531006,0.05406499281525612,0.046357907354831696,0.033024344593286514,0.016577770933508873,0.006498347967863083,0.005251804832369089,0.002659165533259511,-0.002409406239166856,-0.01096050813794136,-0.010407965630292892,-0.008892939426004887,-0.003960436675697565,0.0005151511868461967,0.00198661582544446,0.002144736237823963,0.010593211278319359,0.04124874994158745,0.1600431352853775,0.24419306218624115,0.2651366889476776,0.2452803999185562,0.24856138229370117,0.22664551436901093,0.17736205458641052,0.07382506132125854,0.026148347184062004,-0.006837232504040003,-0.021252475678920746,-0.03214168921113014,-0.04129256308078766,-0.04301119223237038,-0.06559254974126816,-0.02222849242389202,0.00824657827615738,0.036036860197782516,0.08757851272821426,0.10099557042121887,0.23706477880477905,0.21289345622062683,0.2551306486129761,0.18588344752788544,0.25246909260749817,0.14198391139507294,0.1503586322069168,0.060223426669836044,0.025398805737495422,0.004743695724755526,-0.0035383705981075764,-0.005527127999812365,0.006261053495109081,-0.0002937552344519645,0.015138097107410431,0.028155343607068062,-0.038866009563207626,-0.007185435853898525,-0.007419762667268515,-0.007686099968850613,0.00430604862049222,0.05951736867427826,0.036001525819301605,0.39443889260292053,0.06497200578451157,0.08740407228469849,-0.09844211488962173,0.24234412610530853,0.07494214922189713,-0.0026757577434182167,-0.005811019334942102,-0.03018270432949066,-0.030956529080867767,-0.04412443935871124,-0.1163870245218277,0.4525688886642456,-0.19330905377864838,0.053596146404743195,-0.19353000819683075,0.12102823704481125,0.007498348131775856,-0.06728720664978027,-0.2107030600309372,0.06980914622545242,0.16875460743904114,-0.08231276273727417,0.06646937131881714,-0.35678595304489136,-0.003230874892324209,-0.030856069177389145,0.10076630115509033,-0.13830365240573883,-0.11634282767772675,0.205912247300148,-0.3187001645565033,-1.2182267904281616,1.4971579313278198,-0.4132043123245239,0.20492929220199585,-0.7128733992576599,0.6517632603645325,-0.42812108993530273,0.12188760936260223,-0.03769313171505928,-0.14624175429344177,-0.18457911908626556,0.6127820611000061,-0.7644539475440979,0.6254571080207825,-0.1688021868467331,-0.09632208943367004,-0.20633091032505035,-0.09031278640031815,0.6144970059394836,-0.283486932516098,-0.2322816699743271,-1.2313895225524902,2.3161532878875732,-2.4234747886657715,0.4334564805030823,0.3360060453414917,-0.06512065976858139,-0.19368809461593628,0.11274528503417969,0.09825873374938965,-0.09116807579994202,0.4950539469718933,-0.40116918087005615,-0.09827713668346405,0.26244086027145386,-0.3303733766078949,1.8891675779286743e-07,-0.026017865166068077,-0.000238169523072429,-3.0960404728830326e-06,6.019908482812752e-07,-2.162514101655688e-05,-0.000457965797977522,-2.5446653366088867,0.26484301686286926,0.038694292306900024,-0.00489130150526762,-0.015316247940063477,0.025633975863456726,0.0369664765894413,0.045453622937202454,0.03007330931723118
286,-0.0009734001941978931,-0.0049842344596982,-0.010885996744036674,-0.012230384163558483,-0.014419938437640667,-0.011677861213684082,-0.008710894733667374,-0.007770203053951263,-0.0076512922532856464,-0.00760876527056098,-0.005749608855694532,-0.005423079244792461,-0.00686497800052166,-0.009831137023866177,-0.012646411545574665,-0.015224260278046131,-0.016518982127308846,-0.015086022205650806,-0.023098580539226532,-0.02602296508848667,-0.03410763666033745,-0.04456758499145508,-0.02886459045112133,-0.032911840826272964,-0.03541133552789688,-0.019062373787164688,-0.024380309507250786,-0.015468211844563484,-0.012133752927184105,-1.9284179870737717e-05,0.0350293330848217,0.05311224237084389,0.05684322118759155,0.05097243934869766,0.06308094412088394,0.12138479948043823,0.22805285453796387,0.2563956379890442,0.19757293164730072,0.0794762670993805,0.00735380407422781,-0.050945963710546494,-0.08077900856733322,-0.09492471069097519,-0.17820720374584198,-0.11988794058561325,-0.10109749436378479,-0.07798034697771072,-0.0792183205485344,-0.056206490844488144,-0.0783935934305191,-0.05305313318967819,-0.04788466915488243,-0.04333336278796196,-0.060522813349962234,-0.027845032513141632,-0.05068942904472351,-0.02895970642566681,-0.042680177837610245,-0.053051043301820755,-0.009179183281958103,-0.007464962545782328,0.007569478824734688,-0.015549289993941784,0.0004808822413906455,0.0216082576662302,-0.07827160507440567,0.010485468432307243,0.12435946613550186,-0.06231538951396942,-0.06645970791578293,-0.014312348328530788,0.06200839579105377,0.3030067980289459,-0.003545970655977726,0.004038481041789055,-0.03241170570254326,0.012178960256278515,-0.033005695790052414,0.009784791618585587,0.0005977849941700697,-0.13289891183376312,0.03696892783045769,0.13143512606620789,0.21342304348945618,-0.20006132125854492,0.22369544208049774,-0.09071716666221619,0.25671514868736267,-0.07434749603271484,0.049263812601566315,0.06422804296016693,0.17421965301036835,-0.04193003475666046,-0.06256674975156784,0.1317724883556366,-0.03757038339972496,0.2622818946838379,0.036657918244600296,-0.005348524544388056,-0.16126982867717743,0.044739723205566406,-0.03083779662847519,-0.020854096859693527,0.03195826709270477,-0.036618344485759735,-0.04154966026544571,-0.14503911137580872,0.11947640776634216,-0.2161938101053238,0.1601729691028595,-0.016034528613090515,-0.014132389798760414,0.10619813948869705,-0.11392909288406372,-0.2705976068973541,0.2986507713794708,-0.26558539271354675,0.017413219437003136,0.06738026440143585,0.034604866057634354,0.24372324347496033,-0.0846119299530983,-0.24477387964725494,-0.0882076546549797,0.07939894497394562,0.19688871502876282,-0.29257848858833313,0.49374035000801086,-0.13294875621795654,-0.12544618546962738,0.0023021686356514692,0.13510942459106445,-0.033286187797784805,0.11730435490608215,0.03972356766462326,-0.040106408298015594,-0.2497062087059021,-0.0832604169845581,0.24474138021469116,-0.08353595435619354,-1.1997995841284137e-07,0.0076829236932098866,-0.00035076707717962563,-6.862833856757788e-07,-2.549930684381252e-07,-2.3533657440566458e-05,-0.0005931803025305271,-0.6325196027755737,0.1433039754629135,0.028988398611545563,-0.002158679999411106,0.055983833968639374,0.03784133866429329,0.00991092249751091,0.04989631846547127,0.036206141114234924
287,0.004480982664972544,0.009027693420648575,0.01006634347140789,0.0023001416120678186,-0.004894901532679796,-0.007027245592325926,-0.006170039996504784,-0.005386998411267996,-0.006051402073353529,-0.005450127646327019,-0.0042968811467289925,-0.0040004258044064045,-0.0055371117778122425,-0.00709346542134881,-0.009647971950471401,-0.011168695986270905,-0.012334172613918781,-0.010961155407130718,-0.014828355051577091,-0.019289247691631317,-0.026748524978756905,-0.03492286801338196,-0.022938378155231476,-0.027034172788262367,-0.02851024642586708,-0.015770340338349342,-0.020948566496372223,-0.013013656251132488,-0.01509256474673748,-0.007194729521870613,0.023551909253001213,0.07478901743888855,0.12050426006317139,0.11898069828748703,0.10355726629495621,0.09568466246128082,0.03787682577967644,-0.014387248083949089,-0.01798277720808983,0.0013928704429417849,0.02140229567885399,0.028977354988455772,0.011011251248419285,-0.021608760580420494,-0.08602743595838547,-0.07597936689853668,-0.08136620372533798,-0.05766147002577782,-0.06173378601670265,-0.040163084864616394,-0.06135804206132889,-0.041937895119190216,-0.03183592110872269,-0.032259050756692886,-0.04305913671851158,-0.021121520549058914,-0.037525247782468796,-0.025068633258342743,-0.03195016086101532,-0.038744162768125534,-0.019483163952827454,-0.031670838594436646,-0.048529163002967834,-0.005721398629248142,-0.004582004155963659,0.05895737186074257,-0.07024684548377991,0.07194190472364426,0.3990945816040039,-0.07761076837778091,-0.052617598325014114,-0.004499608650803566,-0.01842503808438778,0.35062143206596375,-0.11153119057416916,-0.0834919810295105,-0.14365743100643158,-0.005178980529308319,-0.00602027727290988,0.05690253525972366,0.15739886462688446,-0.07361149787902832,0.06162766367197037,0.08916439861059189,0.1638331264257431,-0.05446171015501022,0.24448934197425842,-0.04710257798433304,0.360569030046463,0.01404911931604147,0.12142228335142136,0.09296256303787231,0.2522101402282715,0.05909181758761406,-0.01742802932858467,0.08757597953081131,-0.03854397311806679,0.21997354924678802,0.06628082692623138,-0.0337279848754406,-0.11221060156822205,0.042080145329236984,-0.0027835643850266933,0.04633600264787674,0.35406267642974854,-0.8146628737449646,-0.009953030385077,-0.06155206635594368,0.23137634992599487,-0.7252448201179504,0.15220017731189728,-0.03871755674481392,0.17849200963974,0.1409010887145996,0.041427966207265854,-0.10201087594032288,0.16430741548538208,-0.09540610760450363,-0.5878673791885376,-0.3547097444534302,0.20938563346862793,0.4526531398296356,-0.11201687902212143,-0.256988525390625,-0.1801159381866455,0.1211097463965416,0.08647159487009048,-0.5619732141494751,0.6105518341064453,-0.2570481598377228,-0.1839163601398468,0.10092479735612869,0.03478545323014259,-0.07425904273986816,0.10040782392024994,0.2821207642555237,-0.38931262493133545,0.0660509243607521,0.08177831023931503,-0.037397321313619614,0.020794596523046494,-2.880371141600335e-07,0.022476691752672195,-0.000201916103833355,7.90640285686095e-07,-4.5202983756098547e-07,-2.3830822101444937e-05,-0.00042976869735866785,-0.5519290566444397,0.16048450767993927,5.573902672040276e-05,-0.007235055323690176,-0.023393934592604637,0.02871423400938511,-0.013594556599855423,-0.01058642566204071,-0.0260178130120039
288,-0.0009756845538504422,-0.0028455317951738834,-0.0030673006549477577,0.0006841334397904575,0.0061185783706605434,0.007264751009643078,0.004166889004409313,0.000609917682595551,-0.0029606132302433252,-0.004994024522602558,-0.004751519300043583,-0.004610712174326181,-0.006145639810711145,-0.008513509295880795,-0.010989946313202381,-0.01295541599392891,-0.014287378638982773,-0.01247947197407484,-0.01848917454481125,-0.02235681749880314,-0.03060409612953663,-0.04005652666091919,-0.02590743452310562,-0.030010152608156204,-0.03195274621248245,-0.017584463581442833,-0.02306368388235569,-0.01513497345149517,-0.018335862085223198,-0.015500074252486229,-0.008473321795463562,0.02140592783689499,0.05658191069960594,0.08449653536081314,0.09996017068624496,0.13967940211296082,0.12497977912425995,0.06930180639028549,0.026048239320516586,0.003962691407650709,-0.004609887953847647,-0.01639038696885109,-0.0327250100672245,-0.05434246361255646,-0.11388960480690002,-0.09015781432390213,-0.08080511540174484,-0.052992191165685654,-0.04328228160738945,-0.024944160133600235,-0.03922925144433975,-0.031413719058036804,-0.03296034783124924,-0.03395523875951767,-0.047447238117456436,-0.025839312002062798,-0.04305941238999367,-0.028542371466755867,-0.04218275472521782,-0.05250277370214462,-0.025661880150437355,-0.033493779599666595,-0.05677340552210808,-0.002458226168528199,-0.014413310214877129,-0.0027321623638272285,-0.04484378546476364,0.0446685366332531,0.36889028549194336,-0.05867014825344086,-0.019427012652158737,0.07577048987150192,0.06926098465919495,0.3946057856082916,-0.03073769435286522,-0.016256656497716904,-0.05489451438188553,-0.005844290368258953,-0.012758774682879448,0.012591589242219925,0.09521613270044327,-0.19460800290107727,0.1132965087890625,0.14060689508914948,0.23399142920970917,-0.1393921822309494,0.21009111404418945,-0.08525492995977402,0.26387715339660645,-0.03738684952259064,0.07661765813827515,0.09931924939155579,0.21544614434242249,0.022019559517502785,-0.04597305506467819,0.10949505120515823,-0.041708193719387054,0.2400204986333847,0.05756724253296852,-0.03507133573293686,-0.1570693552494049,0.06647931039333344,0.004267542157322168,-0.001546814339235425,0.16409672796726227,-0.46330979466438293,-0.0060544246807694435,-0.2511850893497467,0.3061250150203705,-0.5494767427444458,0.270097941160202,-0.1947365403175354,0.2231626957654953,0.14179062843322754,0.05058605223894119,-0.22708037495613098,0.09712497889995575,-0.09204242378473282,-0.12235639989376068,-0.002283284207805991,0.08697368949651718,0.2301810085773468,-0.08575090020895004,-0.31946825981140137,-0.33956772089004517,0.2162473052740097,0.16219379007816315,-0.5931147933006287,0.7135320901870728,-0.219691202044487,-0.26492929458618164,0.20150743424892426,0.12295497953891754,-0.1028030514717102,0.04802722856402397,0.31094199419021606,-0.33231738209724426,0.03998537361621857,0.1469743400812149,-0.024542219936847687,0.02978738211095333,-3.0457491106972157e-07,0.012716647237539291,-0.00039626689977012575,-2.510834633540071e-07,-7.363956342487654e-07,-2.6179532142123207e-05,-0.0006144881481304765,-0.9975346922874451,0.15788710117340088,0.004918605554848909,-0.006992596201598644,-0.016237417235970497,0.03412393108010292,-0.004516595508903265,-0.020489368587732315,-0.020677777007222176
289,-0.0004979546647518873,-0.0008367624250240624,0.0011841380037367344,0.004362970124930143,0.006083732005208731,0.003381984308362007,-0.00028099826886318624,-0.0027169762179255486,-0.004971119109541178,-0.005269331391900778,-0.00450199656188488,-0.00430457154288888,-0.005656472407281399,-0.00743801798671484,-0.00976580660790205,-0.011440157890319824,-0.012733237817883492,-0.010828547179698944,-0.016663460060954094,-0.020648492500185966,-0.027753273025155067,-0.036302272230386734,-0.02370339073240757,-0.027036016806960106,-0.028690733015537262,-0.015726741403341293,-0.021449334919452667,-0.013659031130373478,-0.01874689757823944,-0.018999235704541206,-0.020938986912369728,0.005466206930577755,0.045458827167749405,0.08144930005073547,0.11537467688322067,0.18215106427669525,0.18053363263607025,0.10671424865722656,0.031646762043237686,-0.008147393353283405,-0.027782173827290535,-0.04533960670232773,-0.056740835309028625,-0.07332197576761246,-0.11874939501285553,-0.07948600500822067,-0.06138312816619873,-0.03770529851317406,-0.038243722170591354,-0.029773224145174026,-0.052114903926849365,-0.0406973622739315,-0.035492878407239914,-0.033310797065496445,-0.04361705854535103,-0.024123257026076317,-0.03981887176632881,-0.027038557454943657,-0.037420228123664856,-0.04846440628170967,-0.027857013046741486,-0.033626995980739594,-0.054546672850847244,-0.005468788091093302,-0.01637233980000019,-0.015881219878792763,-0.01123674027621746,0.023978088051080704,0.35206493735313416,-0.04623802751302719,-0.0240301713347435,0.03929244354367256,0.05748475342988968,0.6382961273193359,-0.04309212043881416,-0.011779277585446835,-0.04502812400460243,-0.021727824583649635,-0.020347215235233307,0.06384244561195374,0.20567215979099274,-0.2802795171737671,0.2778780162334442,0.1925317347049713,0.30547061562538147,-0.11334984004497528,0.1556411236524582,-0.04375256225466728,0.19501334428787231,-0.03425798565149307,0.06134617328643799,0.07020512223243713,0.20955856144428253,0.02886086143553257,-0.049341555684804916,0.10653669387102127,-0.04083089530467987,0.2155078500509262,0.054897241294384,-0.04142983257770538,-0.14064884185791016,0.05026809871196747,-0.010211548767983913,-0.05894530564546585,0.021905336529016495,-0.22125957906246185,-0.08636105805635452,-0.15194454789161682,0.2606253921985626,-0.8675817847251892,0.13380031287670135,-0.4620462954044342,0.36207494139671326,0.13538773357868195,0.11908137798309326,-0.170613631606102,0.05717863515019417,0.1558074951171875,-0.530963659286499,-0.3681473731994629,0.14778852462768555,0.48516368865966797,-0.091026172041893,-0.6177166700363159,-0.40574535727500916,0.24010208249092102,0.06829293817281723,-0.4504051208496094,0.5731548070907593,-0.15849977731704712,-0.1520683616399765,0.17277446389198303,0.102459616959095,-0.07498744130134583,0.08540999889373779,0.2642211616039276,-0.3233734965324402,0.05640294775366783,0.133916437625885,-0.04242420941591263,0.013296447694301605,-3.065063367557741e-07,0.017540546134114265,-0.0002878752420656383,4.384141334412561e-07,-7.505771009164164e-07,-2.4680077331140637e-05,-0.0004849047400057316,-0.7760929465293884,0.17025963962078094,0.005075656808912754,-0.006996791809797287,-0.016938330605626106,0.03228221833705902,-0.005298774689435959,-0.026066698133945465,-0.018365712836384773
290,-0.0010644523426890373,-0.0035831413697451353,-0.008902253583073616,-0.010689177550375462,-0.012951254844665527,-0.010213796980679035,-0.006925650406628847,-0.005834903568029404,-0.006280181929469109,-0.005728823132812977,-0.004603203386068344,-0.004471348132938147,-0.0056659867987036705,-0.0076180254109203815,-0.010068037547171116,-0.011554115451872349,-0.012702018953859806,-0.010969680733978748,-0.01703813672065735,-0.02030351012945175,-0.02810598723590374,-0.03631387650966644,-0.024294273927807808,-0.02737688645720482,-0.029597796499729156,-0.01683863066136837,-0.021687041968107224,-0.013484437018632889,-0.015338350087404251,-0.009042397141456604,0.008866826072335243,0.04235238954424858,0.07470835000276566,0.09304584562778473,0.11305227130651474,0.16818594932556152,0.1561650186777115,0.08367220312356949,0.030131755396723747,0.0005421186797320843,-0.015992868691682816,-0.03512535244226456,-0.05134693905711174,-0.0770314410328865,-0.13257136940956116,-0.09406661987304688,-0.09096349775791168,-0.06349968165159225,-0.06404934823513031,-0.04185069724917412,-0.06340430676937103,-0.044008027762174606,-0.03509415686130524,-0.036384180188179016,-0.043620988726615906,-0.025694184005260468,-0.04035237804055214,-0.02913859859108925,-0.039942994713783264,-0.04751705005764961,-0.029167816042900085,-0.03176591172814369,-0.05647062137722969,0.0019099966157227755,-0.02215009368956089,-0.032259151339530945,0.0036945960018783808,0.008389681577682495,0.3410476744174957,-0.03301319479942322,-0.1748976707458496,0.03212982788681984,0.026404570788145065,0.4209732413291931,-0.018162591382861137,-0.040592387318611145,-0.028866291046142578,-0.026186106726527214,-0.02181052975356579,0.03949940577149391,0.2758411467075348,-0.15980495512485504,0.2911105155944824,0.2667236924171448,0.3603736460208893,-0.09551188349723816,0.2050328403711319,-0.01746995374560356,0.19484351575374603,-0.05072944238781929,0.07659728080034256,0.076805979013443,0.23279088735580444,0.012783678248524666,-0.03164415434002876,0.08615297824144363,-0.07548090070486069,0.23574747145175934,0.04731197655200958,-0.046781547367572784,-0.14916762709617615,0.04175145924091339,-0.008896850049495697,-0.008224538527429104,0.2311507612466812,-0.5867607593536377,-0.08765478432178497,-0.16888397932052612,0.2098531424999237,-0.9259560108184814,0.14309236407279968,-0.13269367814064026,0.18477346003055573,0.13843601942062378,0.005548694171011448,-0.05238340422511101,-0.21008902788162231,0.8482306599617004,-0.9036831855773926,-0.43264782428741455,0.21306739747524261,0.4723852872848511,-0.0813416987657547,-0.4110715985298157,-0.22739346325397491,0.06406266242265701,0.07272401452064514,-0.3096471428871155,0.439054012298584,-0.1886010318994522,-0.12257016450166702,0.12255074083805084,0.08906324207782745,-0.06661256402730942,0.08936602622270584,0.2333899289369583,-0.3355761468410492,0.08046882599592209,0.1628466099500656,-0.04233861714601517,0.02998400665819645,-2.9297027026586875e-07,0.01646740734577179,-5.214874181547202e-05,1.4954611060602474e-06,-5.316387046150339e-07,-1.5268688002834097e-05,-0.000218597924686037,-0.4813491702079773,0.13807301223278046,-0.010248801670968533,-0.007875010371208191,0.0495607815682888,0.03118922747671604,-0.014477036893367767,-0.03544330224394798,-0.03798150271177292
291,-0.0011881685350090265,-0.0039692712016403675,-0.006906306371092796,-0.004508334212005138,0.0013277622638270259,0.006925482302904129,0.0072221895679831505,0.0049535664729774,0.0013736202381551266,-0.0027618762105703354,-0.00402823043987155,-0.0044865794479846954,-0.006119132041931152,-0.008446336723864079,-0.011010331101715565,-0.013155197724699974,-0.014256512746214867,-0.012585744261741638,-0.018701773136854172,-0.0227199774235487,-0.031054334715008736,-0.04093368723988533,-0.026199281215667725,-0.03015287034213543,-0.0322016216814518,-0.01784948632121086,-0.02328597754240036,-0.015004344284534454,-0.020343927666544914,-0.020160652697086334,-0.02362327091395855,0.0033218327444046736,0.04248879477381706,0.07967394590377808,0.10379470884799957,0.17484422028064728,0.19412271678447723,0.1420043408870697,0.07142769545316696,0.01627485454082489,-0.012321416288614273,-0.04116405174136162,-0.061000559478998184,-0.08239175379276276,-0.14797577261924744,-0.1075252816081047,-0.09472557157278061,-0.06681100279092789,-0.06092066690325737,-0.03532988950610161,-0.04204845055937767,-0.024554947391152382,-0.023947376757860184,-0.025647785514593124,-0.04169625788927078,-0.023218266665935516,-0.04336972534656525,-0.029533643275499344,-0.04349709302186966,-0.05482351779937744,-0.025343535467982292,-0.03268535062670708,-0.05383160337805748,0.0007604842539876699,-0.011715153232216835,0.002938160439953208,-0.04901374503970146,0.032500699162483215,0.2696956396102905,-0.07553969323635101,-0.03601624816656113,0.06984586268663406,0.16549807786941528,0.665401041507721,0.008641326799988747,0.01459216233342886,-0.04649033024907112,-0.0181033443659544,-0.01887373998761177,0.014806087128818035,0.18554198741912842,-0.28442779183387756,0.10922324657440186,0.14818142354488373,0.24525946378707886,-0.13729475438594818,0.18104740977287292,-0.07766459882259369,0.20975114405155182,-0.046653203666210175,0.06600937992334366,0.09678210318088531,0.22432591021060944,0.022065719589591026,-0.04849804565310478,0.11044793576002121,-0.032984036952257156,0.2202802151441574,0.05644673854112625,-0.04240189120173454,-0.1592118740081787,0.06527264416217804,0.008860602974891663,-0.05269567295908928,0.03568866476416588,-0.20136220753192902,-0.05990355461835861,-0.32336512207984924,0.44458094239234924,-0.7520153522491455,0.5104939341545105,-0.20134255290031433,0.3417990207672119,0.20450565218925476,0.13092437386512756,-0.2534501254558563,0.1200534924864769,-0.027561958879232407,-0.268095463514328,-0.13727425038814545,0.05643145740032196,0.3102673590183258,-0.1767932027578354,-0.3363785445690155,-0.38839229941368103,0.22786341607570648,0.21403047442436218,-0.5921072363853455,0.8134104609489441,-0.19720415771007538,-0.3186822533607483,0.1876825988292694,0.06445084512233734,-0.08347872644662857,0.032839685678482056,0.30957576632499695,-0.2968190610408783,0.04647219181060791,0.1262846142053604,-0.030654532834887505,0.023905159905552864,-3.8603116081503686e-07,0.016169503331184387,-0.0003728845331352204,2.7234455046709627e-07,-9.262242315344338e-07,-2.5924460715032183e-05,-0.0005227110232226551,-1.2160674333572388,0.15573586523532867,0.002126353094354272,-0.006600308232009411,-0.013936531729996204,0.03448592498898506,-0.005443885922431946,-0.031466446816921234,-0.02717784233391285
292,-0.0012309267185628414,-0.0041833315044641495,-0.007533991243690252,-0.005494790617376566,5.923411299590953e-05,0.006409354042261839,0.00765813747420907,0.005885336548089981,0.002419527620077133,-0.0021750053856521845,-0.00381656875833869,-0.0044367252849042416,-0.0061880978755652905,-0.00871267169713974,-0.011163935996592045,-0.013463394716382027,-0.01466144248843193,-0.012865718454122543,-0.01893937774002552,-0.023140758275985718,-0.03155290335416794,-0.04162805154919624,-0.02667606621980667,-0.030909784138202667,-0.03283520042896271,-0.018090618774294853,-0.02351975627243519,-0.015440530143678188,-0.02035968378186226,-0.01951911859214306,-0.019817199558019638,0.01041241455823183,0.05018271878361702,0.08311918377876282,0.10156813263893127,0.15479058027267456,0.17505726218223572,0.1461055427789688,0.0950431376695633,0.032488834112882614,-0.0045272172428667545,-0.04420734941959381,-0.06843464076519012,-0.08838440477848053,-0.15456868708133698,-0.10967440158128738,-0.09637515991926193,-0.06930889934301376,-0.06531856954097748,-0.04030557721853256,-0.048318468034267426,-0.025647712871432304,-0.022254372015595436,-0.022644847631454468,-0.03903975710272789,-0.022349100559949875,-0.042514827102422714,-0.029551919549703598,-0.04483579844236374,-0.05623572692275047,-0.02315687946975231,-0.033015962690114975,-0.053245071321725845,0.0005671309772878885,-0.009743603877723217,0.010822577401995659,-0.06690366566181183,0.03680269047617912,0.25036710500717163,-0.08263996988534927,-0.023883748799562454,0.09177371114492416,0.18663807213306427,0.6299397945404053,0.007443511858582497,-0.004508297890424728,-0.05072019621729851,-0.013220584951341152,-0.014425278641283512,0.02112298086285591,0.18809348344802856,-0.2882224917411804,0.08955106884241104,0.15252014994621277,0.24243734776973724,-0.1395934373140335,0.17729145288467407,-0.07733605802059174,0.18568064272403717,-0.05465114116668701,0.0593528151512146,0.09660618007183075,0.2202577143907547,0.0173209086060524,-0.05142427980899811,0.11247597634792328,-0.0360582135617733,0.22157447040081024,0.05317226052284241,-0.03673373907804489,-0.16230309009552002,0.0692773386836052,0.013875987380743027,-0.04698009043931961,0.04624151065945625,-0.2261260449886322,-0.043699365109205246,-0.3066744804382324,0.37375912070274353,-0.6652477383613586,0.49217936396598816,-0.1672559231519699,0.32409074902534485,0.1431974619626999,0.11127093434333801,-0.2833808958530426,0.16051480174064636,-0.11671127378940582,-0.1967097669839859,-0.1034935712814331,0.07031197100877762,0.28496143221855164,-0.140487939119339,-0.3131462037563324,-0.33314433693885803,0.20291537046432495,0.24019400775432587,-0.5794169902801514,0.8095639944076538,-0.19384801387786865,-0.3480742573738098,0.1785680204629898,0.06192126125097275,-0.09176088124513626,0.034147538244724274,0.29749757051467896,-0.2696927487850189,0.03417535498738289,0.13293671607971191,-0.036094337701797485,0.025400014594197273,-3.87201311013996e-07,0.015408426523208618,-0.00023917952785268426,7.441915386152687e-07,-8.543389071746788e-07,-2.2348074708133936e-05,-0.0003568526590242982,-1.12922203540802,0.1496117115020752,-0.0008613800746388733,-0.006546408403664827,-0.013585444539785385,0.03204198181629181,-0.004316327627748251,-0.03995601460337639,-0.032440561801195145
293,-0.0009686130215413868,-0.003037259681150317,-0.0025153786409646273,0.0038984520360827446,0.015926135703921318,0.02207317389547825,0.02020167000591755,0.016367100179195404,0.010628990828990936,0.002097336808219552,-0.0022381034214049578,-0.003748000832274556,-0.005636985879391432,-0.008405163884162903,-0.01058004330843687,-0.01294194720685482,-0.014173589646816254,-0.012327763251960278,-0.018352193757891655,-0.02258709818124771,-0.030946429818868637,-0.04018274322152138,-0.026341233402490616,-0.03058633953332901,-0.032317884266376495,-0.017486460506916046,-0.022852245718240738,-0.01489731203764677,-0.018518146127462387,-0.018321460112929344,-0.020918579772114754,0.0039286985993385315,0.03358495235443115,0.058574650436639786,0.071233831346035,0.08736030012369156,0.08388717472553253,0.06380721181631088,0.053527720272541046,0.033934205770492554,0.03159080818295479,0.005212187767028809,-0.030159838497638702,-0.06273141503334045,-0.13443522155284882,-0.09867643564939499,-0.08383524417877197,-0.05415588244795799,-0.036883946508169174,-0.009715644642710686,0.004326147492974997,0.009804139845073223,0.0024578336160629988,-0.004554381128400564,-0.021422989666461945,-0.018617646768689156,-0.04023172706365585,-0.024790937080979347,-0.04300559312105179,-0.05268194526433945,-0.018154634162783623,-0.03238530457019806,-0.05311243236064911,-0.006356279831379652,-0.008483626879751682,0.012654375284910202,-0.08257528394460678,0.05439792200922966,0.23181000351905823,-0.16183272004127502,-0.02122512273490429,0.03526777774095535,0.11105596274137497,0.4152091145515442,-0.0611732080578804,-0.028167029842734337,-0.05811591446399689,-0.003300090553238988,-0.0010623388225212693,0.03252517431974411,0.10961979627609253,-0.05509253963828087,0.035589203238487244,0.10526183992624283,0.11516834795475006,-0.1281661093235016,0.1458922177553177,-0.08517533540725708,0.20970527827739716,-0.035760410130023956,0.0626954436302185,0.10609264671802521,0.1961306929588318,0.011722286231815815,-0.06669312715530396,0.10321253538131714,-0.01277384627610445,0.18286694586277008,0.0363592691719532,-0.004495826084166765,-0.13608142733573914,0.07458791881799698,0.02093362621963024,0.02045598067343235,0.14826582372188568,-0.30832311511039734,0.13768327236175537,-0.2446179836988449,0.4122726023197174,-0.3848297595977783,0.3643646538257599,-0.3774469196796417,0.20793510973453522,-0.056483808904886246,-0.34892526268959045,-0.3734973073005676,0.1508054882287979,-0.7406620383262634,0.5080245733261108,0.2351396679878235,-0.014814306050539017,0.07656970620155334,-0.0827413946390152,-0.267837792634964,-0.3681166172027588,0.2360571324825287,0.425285279750824,-0.7657832503318787,0.8741782903671265,-0.21637964248657227,-0.5347816348075867,0.19808296859264374,0.14321865141391754,-0.20828373730182648,-0.01235044002532959,0.3659049868583679,-0.2862697243690491,0.013129494152963161,0.11888819932937622,-0.020050739869475365,-0.006596466526389122,-3.5078073779004626e-07,0.010741871781647205,-0.0004157193470746279,-3.8833084659017914e-07,-1.0301092743247864e-06,-2.536046849854756e-05,-0.000676175463013351,-0.6223130226135254,0.17694918811321259,0.018002143129706383,-0.007046960759907961,-0.016102511435747147,0.03388135880231857,0.002559018088504672,0.06123260408639908,-0.001890280400402844
294,0.0009433378581888974,0.003051280975341797,0.005080544389784336,0.0023199976421892643,-0.0023211264051496983,-0.005245613399893045,-0.005527219735085964,-0.005398716777563095,-0.0062646083533763885,-0.005838346667587757,-0.004653603304177523,-0.004471840336918831,-0.0058251237496733665,-0.007926112040877342,-0.010190325789153576,-0.011947911232709885,-0.013326415792107582,-0.011692984029650688,-0.017049258574843407,-0.021209288388490677,-0.028609445318579674,-0.03785829618573189,-0.024079622700810432,-0.028137777000665665,-0.029561297968029976,-0.01616099663078785,-0.02186472900211811,-0.01486347895115614,-0.02021017111837864,-0.02235075645148754,-0.039982009679079056,-0.03706700727343559,-0.031083356589078903,-0.019925376400351524,-0.002802053466439247,0.0389578603208065,0.12540550529956818,0.19605152308940887,0.1992155909538269,0.11382485926151276,0.07315780967473984,0.035376325249671936,0.0029790299013257027,-0.013020407408475876,-0.050852615386247635,-0.05552224814891815,-0.06505434960126877,-0.056444380432367325,-0.06468310207128525,-0.04513465240597725,-0.06584925949573517,-0.04411572217941284,-0.037713099271059036,-0.033991578966379166,-0.045727021992206573,-0.024935109540820122,-0.040591057389974594,-0.028429487720131874,-0.03987522050738335,-0.05140018090605736,-0.026455704122781754,-0.03328004479408264,-0.05147233605384827,-0.004230250138789415,-0.005474384408444166,0.03716804459691048,-0.08617422729730606,0.06444700062274933,0.48787108063697815,-0.03404249623417854,-0.025974063202738762,0.05970734730362892,0.06774604320526123,0.47270330786705017,-0.060446467250585556,0.0035712586250156164,-0.05143553018569946,-0.027154849842190742,-0.021184388548135757,0.03686884045600891,0.2174392193555832,-0.31360429525375366,0.21285642683506012,0.16648608446121216,0.24221168458461761,-0.09178517013788223,0.14570437371730804,-0.05233924835920334,0.1756466031074524,-0.03809356316924095,0.07199783623218536,0.0739157572388649,0.21908800303936005,0.0255273450165987,-0.05034751072525978,0.11187214404344559,-0.03499992564320564,0.21074429154396057,0.05164079740643501,-0.03693757206201553,-0.1410548835992813,0.054857879877090454,-0.0015585494693368673,-0.06269321590662003,0.024835703894495964,-0.23064784705638885,-0.01492535974830389,-0.19056135416030884,0.3425348699092865,-1.0279483795166016,0.076301708817482,-0.3176328241825104,0.32125118374824524,0.011961719021201134,0.08239848166704178,-0.23884721100330353,0.18547308444976807,-0.10209707170724869,-0.3368147015571594,-0.24439240992069244,0.12588366866111755,0.6207354664802551,-0.1043337807059288,-0.5658493041992188,-0.38568246364593506,0.18905510008335114,0.1240086480975151,-0.3439926505088806,0.4926605224609375,-0.11761847883462906,-0.1593705713748932,0.09972227364778519,0.06614787876605988,-0.09144159406423569,0.08524774014949799,0.21355803310871124,-0.2123357206583023,0.005740225315093994,0.11452019214630127,-0.03418789431452751,0.02316739410161972,-2.6989002321897715e-07,0.026202505454421043,-0.00033005536533892155,4.6407754439314886e-07,-7.335518148465781e-07,-2.4614442736492492e-05,-0.0005799602367915213,-0.5411369800567627,0.15557530522346497,0.0027365831192582846,-0.006472364068031311,-0.021375905722379684,0.029802847653627396,-0.007046891842037439,-0.03214972838759422,-0.01639985293149948
295,-0.0013145054690539837,-0.005311219021677971,-0.010753555223345757,-0.012485046871006489,-0.014479509554803371,-0.011195896193385124,-0.008254695683717728,-0.007191069889813662,-0.007535267621278763,-0.007256359327584505,-0.005576805677264929,-0.005194640252739191,-0.006578883621841669,-0.00917849037796259,-0.011706726625561714,-0.013725115917623043,-0.015378857962787151,-0.013707631267607212,-0.02151360921561718,-0.02423245646059513,-0.0321972519159317,-0.042454976588487625,-0.02681555785238743,-0.030972132459282875,-0.033641550689935684,-0.018196703866124153,-0.023892777040600777,-0.015644900500774384,-0.015318088233470917,-0.0052079688757658005,0.032040759921073914,0.07009414583444595,0.10265500098466873,0.10262791812419891,0.09707675129175186,0.09540051966905594,0.10178752988576889,0.10082370787858963,0.09958234429359436,0.06523103266954422,0.0372895747423172,-0.004729048814624548,-0.0474555529654026,-0.07798522710800171,-0.15756037831306458,-0.11114243417978287,-0.09781170636415482,-0.07371124625205994,-0.07369197905063629,-0.0506538450717926,-0.07437208294868469,-0.04940386861562729,-0.04354681447148323,-0.04290158301591873,-0.05600792542099953,-0.028505999594926834,-0.04938465356826782,-0.03012962080538273,-0.042844463139772415,-0.06249881163239479,-0.024703064933419228,-0.033660128712654114,-0.039928559213876724,-0.005692281760275364,0.00529860146343708,0.05141531303524971,-0.09242118895053864,0.020717473700642586,0.1478869915008545,-0.04056872799992561,-0.05749782919883728,-0.0016191588947549462,0.12740330398082733,0.3005583882331848,-0.026049306616187096,-0.0052857729606330395,-0.007648766506463289,-0.0007486786926165223,-0.020302768796682358,0.0006743361009284854,-0.012903330847620964,-0.12893563508987427,0.04626155644655228,0.10133938491344452,0.16135959327220917,-0.20943477749824524,0.2043285369873047,-0.09058043360710144,0.2952948808670044,-0.04934212937951088,0.05411127582192421,0.07502076774835587,0.20163364708423615,-0.007235713768750429,-0.05859079211950302,0.12699821591377258,-0.04629777744412422,0.2132357954978943,0.01178661547601223,-0.028045112267136574,-0.12300478667020798,0.0248423982411623,-0.03530791029334068,0.053343765437603,0.137116938829422,-0.43355730175971985,0.07079368829727173,-0.2346574366092682,0.15062393248081207,-0.3419615924358368,0.23115690052509308,-0.23574867844581604,0.08261395990848541,0.16710101068019867,-0.07062365859746933,-0.16493619978427887,0.18096883594989777,-0.1990455985069275,0.0711352676153183,0.08353900909423828,0.057475533336400986,0.24014076590538025,-0.060426242649555206,-0.33213353157043457,-0.15510006248950958,0.22744634747505188,0.279965341091156,-0.5288148522377014,0.7917819619178772,-0.15262578427791595,-0.3187524676322937,0.08729158341884613,0.2425575852394104,-0.11838394403457642,0.07636693865060806,0.14712798595428467,-0.08834178000688553,-0.19511710107326508,-0.01342450175434351,0.13118977844715118,0.02554507553577423,-2.064137731849769e-07,0.011650382541120052,-0.0003524615603964776,-8.007991141312232e-07,-4.2132413113904477e-07,-2.7050446078646928e-05,-0.0005416694330051541,-0.9637169241905212,0.1546379029750824,0.02586817368865013,-0.006319624371826649,0.05593100190162659,0.034443315118551254,0.003474215278401971,0.05980730801820755,0.0019188893493264914
296,-0.00031608890276402235,-0.0019752681255340576,-0.004315224941819906,-0.0027783033438026905,-0.004101542755961418,-0.002399277873337269,0.0010219102259725332,0.0069481669925153255,0.015938477590680122,0.028747431933879852,0.0217372365295887,0.01574874110519886,0.011124677024781704,0.0068464879877865314,0.0027916680555790663,0.007838701829314232,0.031394440680742264,0.06749619543552399,0.17693151533603668,0.18337516486644745,0.29446035623550415,0.3223213255405426,0.1717745065689087,0.09133989363908768,0.04207181558012962,0.004443285521119833,0.006876528728753328,0.016600996255874634,0.0399516224861145,0.06881911307573318,0.12958262860774994,0.08960933983325958,0.03848426043987274,0.006142370402812958,-0.017443442717194557,-0.03827263414859772,-0.04849430173635483,-0.033056993037462234,-0.017668012529611588,-0.0026363881770521402,0.0019394264090806246,-0.0037467610090970993,-0.01831533946096897,-0.03501788154244423,-0.079997718334198,-0.05197719484567642,-0.051260873675346375,-0.03493304178118706,-0.03621893748641014,-0.018132975324988365,-0.036806557327508926,-0.02581663988530636,-0.020269528031349182,-0.02387583628296852,-0.02581756003201008,-0.011770018376410007,-0.005900771822780371,0.009563480503857136,0.03467712178826332,0.050126492977142334,0.023655179888010025,0.02023930288851261,0.004649496637284756,-0.0018269738648086786,-0.008420572616159916,-0.0028683452401310205,-0.016661666333675385,-0.025641512125730515,0.25798729062080383,0.017902633175253868,0.2007186859846115,0.09315840154886246,0.054288264364004135,0.4576283097267151,0.08666075766086578,0.13584770262241364,-0.16963422298431396,0.47806742787361145,0.3596806526184082,0.25096023082733154,-0.18027205765247345,0.3322980999946594,0.04447288438677788,-0.29783064126968384,-0.14474532008171082,0.21210746467113495,0.023296380415558815,-0.08588189631700516,-0.7636887431144714,0.9102989435195923,-0.2969137132167816,-0.08348600566387177,-0.04612593725323677,0.20378679037094116,0.02522975206375122,0.00824826117604971,0.009646502323448658,-0.18085017800331116,0.09545997530221939,-0.15967774391174316,0.8655298352241516,0.05482638254761696,-0.227598175406456,0.04539632797241211,-0.10830368846654892,-0.2945132553577423,0.11368419975042343,-0.03236422687768936,-0.02621329016983509,0.017406446859240532,-0.08205269277095795,0.08024927973747253,-0.05970527604222298,-0.018961455672979355,-0.13291427493095398,-0.038002513349056244,0.12583675980567932,-0.5968328714370728,0.030728062614798546,-0.05276349559426308,-0.09755247831344604,-0.5893905162811279,-0.22651365399360657,0.22827178239822388,-0.04280407726764679,-0.13058403134346008,-0.050332628190517426,1.3213342428207397,-4.178256988525391,0.628998339176178,1.6186256408691406,1.874754548072815,-2.0955913066864014,0.9161414504051208,-2.592010498046875,-1.4191430807113647,3.954108715057373,-0.6396067142486572,-0.7064096331596375,-0.6306207776069641,-0.25766459107398987,1.3853677671704645e-07,-0.0032672996167093515,-0.00016966776456683874,-1.8164790844821255e-06,4.0539313772569585e-07,-1.3522839253710117e-05,-0.00035851492430083454,-2.091513156890869,0.21326719224452972,0.0341702476143837,-0.0025210597086697817,-0.0016906344098970294,0.014983218163251877,0.03044341318309307,0.050140783190727234,0.0323369987308979
297,-0.0011594794923439622,-0.004305112175643444,-0.010224544443190098,-0.010898667387664318,-0.013970345258712769,-0.011313549242913723,-0.008061044849455357,-0.006489799823611975,-0.0071095568127930164,-0.0069229453802108765,-0.0053263776935637,-0.004825308918952942,-0.0065382556058466434,-0.008881313726305962,-0.011447456665337086,-0.013163302093744278,-0.014738786034286022,-0.013508811593055725,-0.01949917897582054,-0.022512473165988922,-0.031027667224407196,-0.040795695036649704,-0.02687160111963749,-0.031198179349303246,-0.03304855152964592,-0.019146373495459557,-0.024048591032624245,-0.01619075983762741,-0.015316218137741089,-0.002724762074649334,0.04686155915260315,0.10578253865242004,0.14834050834178925,0.14678919315338135,0.12214275449514389,0.10138512402772903,0.04104895889759064,-0.005837765987962484,-0.004793085157871246,0.005139270331710577,0.0036882448475807905,-0.010754918679594994,-0.03815842419862747,-0.06844768673181534,-0.1393447369337082,-0.09849381446838379,-0.0988912582397461,-0.07038874179124832,-0.0683768019080162,-0.045379262417554855,-0.07125835120677948,-0.045858338475227356,-0.03846436366438866,-0.042169198393821716,-0.051025889813899994,-0.027346283197402954,-0.04665719345211983,-0.033053215593099594,-0.041027750819921494,-0.05291406810283661,-0.027111653238534927,-0.03414206579327583,-0.054600924253463745,-0.00204795366153121,0.0022743672598153353,0.09289678186178207,-0.11651987582445145,0.06261727213859558,0.4459724724292755,-0.01472776010632515,-0.0793343111872673,0.023310910910367966,0.0636536180973053,0.3275413513183594,-0.0771978497505188,-0.04216910898685455,-0.06205553933978081,-0.021138334646821022,-0.03467395529150963,0.00018594058929011226,0.07081246376037598,-0.17037709057331085,0.08475331217050552,0.12180390954017639,0.18017356097698212,-0.14739133417606354,0.2686096429824829,-0.07133989781141281,0.36361339688301086,-0.058909542858600616,0.1089765802025795,0.09783470630645752,0.23861122131347656,0.011302041821181774,-0.03758823126554489,0.0887032225728035,-0.07143289595842361,0.24754655361175537,0.025635022670030594,-0.03709474578499794,-0.14032112061977386,0.0568423829972744,0.004521909169852734,0.06974916905164719,0.37793654203414917,-0.8449612855911255,-0.004561168607324362,-0.3114352226257324,0.10728752613067627,-0.3531934320926666,-0.020527677610516548,0.04627956822514534,0.04124578833580017,0.13541501760482788,-0.09971816837787628,-0.11068671941757202,-0.04517365247011185,0.2637781500816345,-0.4782520830631256,-0.029531555250287056,0.14622719585895538,0.3296009600162506,-0.05768589675426483,-0.23424656689167023,-0.09686282277107239,0.01554347574710846,0.1470462679862976,-0.34178149700164795,0.48658475279808044,-0.19703038036823273,-0.15497852861881256,0.0569898821413517,0.07803075015544891,-0.08258102834224701,0.07437946647405624,0.2721313536167145,-0.34826165437698364,0.07013972848653793,0.163066104054451,-0.032666534185409546,0.028450334444642067,-2.5337303100059216e-07,0.007180662825703621,-0.00017767368990462273,3.4004128224296437e-07,-5.657506676470803e-07,-1.9193494154023938e-05,-4.369327871245332e-05,-0.2722587287425995,0.10954981297254562,-0.01869889348745346,-0.006261820439249277,0.05577295273542404,0.03212157264351845,-0.025727970525622368,-0.039834391325712204,-0.038787875324487686
298,-0.0007838649326004088,-0.0020265791099518538,-0.0012472632806748152,0.002359072444960475,0.006557466462254524,0.005837461445480585,0.0022230553440749645,-0.0009208340779878199,-0.00390672730281949,-0.005054028704762459,-0.0045286244712769985,-0.004372102674096823,-0.005835621617734432,-0.007871299050748348,-0.010313545353710651,-0.01214323379099369,-0.013327564112842083,-0.011562027968466282,-0.017122743651270866,-0.021237289533019066,-0.02874096855521202,-0.037781696766614914,-0.024593397974967957,-0.02827879786491394,-0.029942795634269714,-0.01645103096961975,-0.021858232095837593,-0.013815521262586117,-0.017014577984809875,-0.014092261902987957,-0.00858569610863924,0.015969086438417435,0.04623173922300339,0.07203904539346695,0.09497172385454178,0.15799513459205627,0.16131815314292908,0.09760072827339172,0.029042838141322136,-0.006901936139911413,-0.021829459816217422,-0.03227052837610245,-0.041290320456027985,-0.05897974595427513,-0.11120385676622391,-0.08415885269641876,-0.07126955687999725,-0.0438736155629158,-0.03676772490143776,-0.02465902268886566,-0.04324217140674591,-0.035053007304668427,-0.03398319333791733,-0.0330512709915638,-0.04455353692173958,-0.0248455498367548,-0.04031394049525261,-0.026946619153022766,-0.038976188749074936,-0.04839184135198593,-0.02596599981188774,-0.03336150944232941,-0.05590140074491501,-0.00377236632630229,-0.016951553523540497,-0.018994804471731186,-0.01090365368872881,0.029456349089741707,0.3928431570529938,-0.04596328362822533,-0.02175839990377426,0.07274692505598068,0.04066278785467148,0.4519447386264801,-0.01980879157781601,-0.010251534171402454,-0.04203308746218681,-0.017315391451120377,-0.016024956479668617,0.040096528828144073,0.16880306601524353,-0.2713375687599182,0.1938178688287735,0.1691594272851944,0.24436461925506592,-0.11962298303842545,0.1879892200231552,-0.060907818377017975,0.24399402737617493,-0.03405502066016197,0.07311930507421494,0.0812106728553772,0.21205991506576538,0.025455385446548462,-0.047499723732471466,0.10185897350311279,-0.04447522759437561,0.22714649140834808,0.06245110556483269,-0.036460984498262405,-0.14270834624767303,0.05631104111671448,-0.001272387569770217,-0.021486137062311172,0.1281644105911255,-0.39996159076690674,-0.039770327508449554,-0.21517224609851837,0.3400059640407562,-0.7650657296180725,0.2317325621843338,-0.2563404440879822,0.2652949094772339,0.12619715929031372,0.1429358273744583,-0.19736462831497192,0.1037684828042984,0.024325747042894363,-0.358817458152771,-0.17263667285442352,0.14265872538089752,0.3315131664276123,-0.09717351943254471,-0.4691295027732849,-0.45314115285873413,0.17362087965011597,0.07229822874069214,-0.5535736680030823,0.629066526889801,-0.19947463274002075,-0.1932283192873001,0.19943831861019135,0.10005806386470795,-0.07632613182067871,0.0753183513879776,0.29115331172943115,-0.35304877161979675,0.07187631726264954,0.15032507479190826,-0.03771726414561272,0.01837851293385029,-2.8586109124262293e-07,0.01247982308268547,-0.0003352050844114274,1.64948318115421e-07,-7.103445796019514e-07,-2.5168848878820427e-05,-0.0005165490438230336,-0.7630773782730103,0.1543034315109253,-0.0013863301137462258,-0.007581728044897318,-0.016131574288010597,0.02989504672586918,-0.008009528741240501,-0.034441083669662476,-0.02922051027417183
299,0.000918373407330364,0.002779455156996846,0.004891348071396351,0.002316610887646675,-0.0023011136800050735,-0.005216259974986315,-0.005318421870470047,-0.005315888673067093,-0.006345572415739298,-0.00574635062366724,-0.004763338714838028,-0.004532615654170513,-0.005668788217008114,-0.007846735417842865,-0.010136875323951244,-0.011878841556608677,-0.013131065294146538,-0.011455838568508625,-0.017255418002605438,-0.020564068108797073,-0.028233753517270088,-0.03723300248384476,-0.02374257519841194,-0.02729199454188347,-0.029287714511156082,-0.016239112243056297,-0.021633684635162354,-0.014424890279769897,-0.019280046224594116,-0.01872980408370495,-0.019422445446252823,0.010984363034367561,0.055031709372997284,0.09785083681344986,0.1261175125837326,0.19565534591674805,0.18352030217647552,0.09225737303495407,0.01181305106729269,-0.018790660426020622,-0.02999798394739628,-0.036380231380462646,-0.03730743005871773,-0.04604514315724373,-0.08996255695819855,-0.07679672539234161,-0.07525325566530228,-0.06057810038328171,-0.06634669750928879,-0.04481537640094757,-0.06575819849967957,-0.04405989125370979,-0.03737851604819298,-0.03453708440065384,-0.045007746666669846,-0.02530781924724579,-0.040953174233436584,-0.028229668736457825,-0.039778295904397964,-0.05144522711634636,-0.027878114953637123,-0.03231694921851158,-0.055170923471450806,-0.003516718279570341,-0.0096502136439085,0.016088418662548065,-0.039762627333402634,0.04022815823554993,0.4397209882736206,0.011436310596764088,-0.011608019471168518,0.0841740220785141,0.06376493722200394,0.4440348744392395,-0.05948153883218765,0.01359577476978302,-0.06699614226818085,-0.002339000580832362,-0.023813705891370773,0.018338339403271675,0.20434902608394623,-0.2565368711948395,0.235012024641037,0.18185870349407196,0.3029290735721588,-0.11935940384864807,0.19246751070022583,-0.057485539466142654,0.202963724732399,-0.043573878705501556,0.06766969710588455,0.0745554119348526,0.2190212607383728,0.013726349920034409,-0.046274054795503616,0.10902036726474762,-0.04664265736937523,0.20689024031162262,0.04697791859507561,-0.04732111841440201,-0.1451721340417862,0.044696830213069916,-0.012331986799836159,-0.04776763916015625,0.036480046808719635,-0.15363875031471252,-0.06159047782421112,-0.13937227427959442,0.3066862225532532,-1.1809043884277344,0.13528220355510712,-0.2831263542175293,0.362724244594574,0.06845784932374954,0.010415309108793736,-0.19402866065502167,0.024847032502293587,0.10625395178794861,-0.45532673597335815,-0.3098529577255249,0.07992083579301834,0.7442955374717712,-0.12623530626296997,-0.6094600558280945,-0.33770138025283813,0.15638108551502228,0.12676595151424408,-0.3510528802871704,0.5269258618354797,-0.13585035502910614,-0.14977294206619263,0.1137193962931633,0.06398777663707733,-0.09462731331586838,0.05231921002268791,0.26630938053131104,-0.29299575090408325,0.07580992579460144,0.12164188921451569,-0.04322448745369911,0.022383181378245354,-2.974281301248993e-07,0.0228692889213562,-0.0002492667699698359,9.441052384318027e-07,-7.501379855057166e-07,-2.4644350560265593e-05,-0.0004422551719471812,-0.6149479746818542,0.1548173874616623,-0.001194183831103146,-0.006196683272719383,-0.021289214491844177,0.03295787051320076,-0.00913322065025568,-0.03597727790474892,-0.027166126295924187
300,0.0014284525532275438,0.0034378257114440203,0.0039700111374258995,-0.0003784468863159418,-0.005657019093632698,-0.007169141434133053,-0.006224493030458689,-0.005583330523222685,-0.006350473500788212,-0.005727024748921394,-0.004656072240322828,-0.0044009932316839695,-0.0058075604028999805,-0.007728472352027893,-0.01012923289090395,-0.01186506450176239,-0.01315255369991064,-0.011485623195767403,-0.016954604536294937,-0.021014701575040817,-0.028448589146137238,-0.037320513278245926,-0.023804262280464172,-0.027825860306620598,-0.02942439168691635,-0.016266891732811928,-0.02180171012878418,-0.014239607378840446,-0.019140884280204773,-0.01851574331521988,-0.019322047010064125,0.00834959838539362,0.04777355119585991,0.08006486296653748,0.10326933860778809,0.1654399186372757,0.1720549464225769,0.1217072531580925,0.06288813799619675,0.015089968219399452,-0.00884054321795702,-0.02774033509194851,-0.03913913294672966,-0.05321623757481575,-0.10344890505075455,-0.0853910818696022,-0.08329819142818451,-0.06251227855682373,-0.06715819239616394,-0.04501277953386307,-0.06520316004753113,-0.044495534151792526,-0.03762093186378479,-0.03410790488123894,-0.045369356870651245,-0.02455580048263073,-0.040211476385593414,-0.028381146490573883,-0.03964771702885628,-0.050106704235076904,-0.02695520408451557,-0.03313673287630081,-0.05441422387957573,-0.004116736818104982,-0.01223976630717516,0.003975413739681244,-0.02977703884243965,0.04092419147491455,0.32313209772109985,-0.015673676505684853,-0.009214937686920166,0.054566510021686554,0.05760709196329117,0.5482693910598755,-0.03580597788095474,0.0025854636915028095,-0.07306265830993652,0.001991576049476862,-0.015838734805583954,0.026265254244208336,0.16479961574077606,-0.24934610724449158,0.22858476638793945,0.2292538434267044,0.36674028635025024,-0.1208595484495163,0.19322384893894196,-0.06013057380914688,0.18541568517684937,-0.035779476165771484,0.07490578293800354,0.07419536262750626,0.2206185907125473,0.028895866125822067,-0.045531176030635834,0.10700831562280655,-0.04550645500421524,0.20840229094028473,0.04643334075808525,-0.046370502561330795,-0.14134013652801514,0.04907785728573799,-0.007867527194321156,-0.045592162758111954,0.06113365665078163,-0.2579958140850067,-0.027842490002512932,-0.12706348299980164,0.3093261420726776,-0.8830506205558777,0.11734327673912048,-0.3880593478679657,0.3310126066207886,0.06896717101335526,0.17619359493255615,-0.20313599705696106,0.08292260766029358,0.09163952618837357,-0.5616678595542908,-0.43542641401290894,0.1312246173620224,0.673313319683075,-0.14786329865455627,-0.554340660572052,-0.34963634610176086,0.15953031182289124,0.12186942994594574,-0.3663159906864166,0.4985736608505249,-0.13937193155288696,-0.14115558564662933,0.11872274428606033,0.07380321621894836,-0.0793641060590744,0.08346876502037048,0.24625280499458313,-0.2699170708656311,0.041056256741285324,0.12765906751155853,-0.03918851166963577,0.021477656438946724,-2.969634067540028e-07,0.023034166544675827,-0.00029448559507727623,6.346068630591617e-07,-7.633396421624639e-07,-2.4880999262677506e-05,-0.0004815061984118074,-0.7114554047584534,0.15558265149593353,0.0010613113408908248,-0.007458987180143595,-0.022658588364720345,0.027877110987901688,-0.00463984115049243,-0.022556129842996597,-0.022995302453637123
301,-0.0011432240717113018,-0.00420212559401989,-0.00701893912628293,-0.004672584589570761,0.004010910168290138,0.014750516973435879,0.020316775888204575,0.02178242988884449,0.01876133866608143,0.008061988279223442,0.0005096913664601743,-0.0025486971717327833,-0.00499501870945096,-0.007591695059090853,-0.009746452793478966,-0.011942676268517971,-0.013128404505550861,-0.011034930124878883,-0.016926614567637444,-0.021707192063331604,-0.028936496004462242,-0.037959299981594086,-0.025451429188251495,-0.028598347678780556,-0.030551591888070107,-0.016027815639972687,-0.022035827860236168,-0.013912614434957504,-0.018302081152796745,-0.01958242990076542,-0.023913584649562836,0.0006211264408193529,0.037854332476854324,0.07504182308912277,0.10358309745788574,0.14676514267921448,0.13516806066036224,0.0731101781129837,0.020373886451125145,-0.003289820160716772,-0.013765060342848301,-0.0313478447496891,-0.05134722962975502,-0.07525116205215454,-0.13317537307739258,-0.09627548605203629,-0.08435088396072388,-0.06389199942350388,-0.06490982323884964,-0.038093529641628265,-0.039698224514722824,-0.008981888182461262,0.003772709984332323,0.010213000699877739,0.010664441622793674,-0.004565477836877108,-0.022364230826497078,-0.01936870999634266,-0.03720516711473465,-0.04330747202038765,-0.01962236315011978,-0.030629044398665428,-0.05438415706157684,-0.012781242839992046,-0.013759510591626167,-0.026088455691933632,-0.008227184414863586,0.042383916676044464,0.3148663341999054,-0.19312626123428345,0.011522112414240837,0.013281025923788548,0.0359167717397213,0.4902164936065674,0.005271333735436201,-0.005119411274790764,-0.03697985038161278,-0.019056113436818123,0.008328151889145374,0.07737330347299576,0.25260961055755615,-0.16844666004180908,0.06787928938865662,0.0751042291522026,0.11443440616130829,-0.09733675420284271,0.12644220888614655,-0.06959947198629379,0.17148323357105255,-0.05087152495980263,0.04408000409603119,0.09398501366376877,0.2338913083076477,0.05117705836892128,-0.05594936013221741,0.10169732570648193,-0.01651277393102646,0.20786727964878082,0.05223410949110985,-0.011164812371134758,-0.12589585781097412,0.0710485428571701,0.014881674200296402,-0.015172171406447887,0.1009717732667923,-0.47035953402519226,0.00932678859680891,-0.4443042278289795,0.42166513204574585,-0.71035236120224,0.5667208433151245,-0.30937665700912476,0.3421167731285095,0.12802445888519287,0.1270325630903244,-0.12962667644023895,0.24767228960990906,-0.40248408913612366,0.5763263702392578,0.21739262342453003,-0.007362736389040947,0.05407976731657982,-0.03861011192202568,-0.20727458596229553,-0.23089461028575897,0.20730233192443848,0.0037600474897772074,-1.1806659698486328,1.1196483373641968,-0.271415114402771,-0.42254751920700073,0.3671624958515167,0.23781900107860565,-0.21764031052589417,0.062015850096940994,0.3687954246997833,-0.4096542000770569,0.06363610923290253,0.0987430140376091,-0.09711223840713501,0.038267552852630615,-3.377355426437134e-07,0.012883415445685387,-0.00013759758439846337,6.971894777052512e-07,-5.476306910168205e-07,-2.426291575829964e-05,-0.00013238606334198266,-1.5992765426635742,0.18782582879066467,0.008237510919570923,-0.007007876876741648,-0.010727067478001118,0.020827559754252434,0.0024615535512566566,-0.018752340227365494,-0.013579119928181171
302,0.0065718297846615314,0.025969460606575012,0.038758404552936554,0.026482250541448593,0.020480377599596977,0.008858158253133297,0.001653835061006248,-0.0007698920089751482,-0.0009409079793840647,0.0005129926721565425,0.002072304952889681,0.0029666435439139605,0.0029619077686220407,0.002452384913340211,-0.0006863421876914799,-0.004324886482208967,-0.007433198858052492,-0.008145105093717575,-0.011639844626188278,-0.009235376492142677,-0.007569822017103434,0.01585160382091999,0.0507575087249279,0.13840876519680023,0.25665393471717834,0.18927384912967682,0.305221289396286,0.21489591896533966,0.17257438600063324,0.12233273684978485,0.10783364623785019,0.030216043815016747,-0.004954923875629902,-0.018741970881819725,-0.029466720297932625,-0.042225614190101624,-0.05194025859236717,-0.035062216222286224,-0.00929220113903284,0.024223897606134415,0.0889737531542778,0.16341441869735718,0.2519860863685608,0.26530733704566956,0.42282938957214355,0.20290157198905945,0.11078223586082458,0.03733786568045616,0.006796750705689192,-0.004484634846448898,0.002544779796153307,0.01758274808526039,0.029581191018223763,0.03572818264365196,0.04251936078071594,0.014641459099948406,0.00012663328379858285,-0.007499479688704014,-0.009933682158589363,0.0016799333970993757,0.015012198127806187,0.031064169481396675,0.09035707265138626,0.08249075710773468,0.20844939351081848,0.42393991351127625,-0.25143876671791077,0.2318945974111557,0.720205545425415,0.351289302110672,0.3388120234012604,0.18015964329242706,0.14680927991867065,0.17803780734539032,0.07532986998558044,0.11360231786966324,-0.035399265587329865,0.17779144644737244,0.09531921148300171,0.011106905527412891,-0.013612758368253708,0.002092234091833234,0.014253678731620312,-0.0328793041408062,-0.16715870797634125,0.37207695841789246,-0.029564332216978073,0.15123265981674194,-0.2289683073759079,0.4026520550251007,-0.2959337830543518,0.6982845664024353,-0.8151724934577942,1.689855933189392,1.472678303718567,-0.7362148761749268,0.8265247941017151,-0.26723513007164,0.0773719996213913,-0.0025250655598938465,0.058239392936229706,-0.04111035168170929,-0.01843198388814926,0.17679108679294586,-0.05206068605184555,-0.799006462097168,1.6491223573684692,0.29693400859832764,1.0896964073181152,-1.9596281051635742,1.6038240194320679,-1.2501355409622192,0.3892356753349304,-0.14708325266838074,-0.20540276169776917,0.08251611888408661,0.46623119711875916,-0.3661036789417267,0.6142377853393555,-0.1140393316745758,0.02397940494120121,0.027370814234018326,0.002998646581545472,0.04526495561003685,0.03829473629593849,0.06567522138357162,-0.15288308262825012,1.3841192722320557,-2.449329376220703,0.15303456783294678,1.522167444229126,0.44896766543388367,-5.20164680480957,3.944690704345703,-1.9215590953826904,-2.5949201583862305,5.12660551071167,-1.2509305477142334,-1.6192632913589478,0.26656603813171387,0.026581071317195892,9.68948299373551e-08,-0.009503303095698357,-0.0001419118489138782,-1.86453064543457e-06,4.231639536556031e-07,-1.3442782801575959e-05,-0.00032647105399519205,-9.054710388183594,0.2388126254081726,0.029500843957066536,-0.003753622295334935,-0.011842592619359493,0.014426766894757748,0.03429339453577995,0.0332970954477787,0.025462867692112923
303,-0.0008396540652029216,-0.004908111412078142,-0.010235006920993328,-0.010566458106040955,-0.013046237640082836,-0.011108806356787682,-0.008722065947949886,-0.0072693792171776295,-0.007189762778580189,-0.0076661016792058945,-0.005841557402163744,-0.005672742146998644,-0.006958755198866129,-0.009804345667362213,-0.012645245529711246,-0.015079285949468613,-0.016589676961302757,-0.015734441578388214,-0.024341033771634102,-0.026587894186377525,-0.0343773290514946,-0.04395034909248352,-0.028653493151068687,-0.03295888751745224,-0.035239312797784805,-0.017198551446199417,-0.016158681362867355,-0.0015866925241425633,0.01782301440834999,0.03762800991535187,0.08257824927568436,0.059134144335985184,0.03931168094277382,0.032007846981287,0.049141403287649155,0.09474841505289078,0.16966885328292847,0.16893260180950165,0.13846883177757263,0.06265495717525482,0.01632339134812355,-0.030517257750034332,-0.06582322716712952,-0.08789941668510437,-0.17791767418384552,-0.1124248206615448,-0.10478505492210388,-0.07775337249040604,-0.07735533267259598,-0.05187961086630821,-0.07925793528556824,-0.051112547516822815,-0.04683992639183998,-0.047163479030132294,-0.06328395754098892,-0.028526488691568375,-0.04947749152779579,-0.03012087009847164,-0.031606655567884445,-0.020474836230278015,0.0032719015143811703,0.015358888544142246,0.03132636845111847,-0.008479245007038116,0.0039258380420506,0.012273442931473255,-0.027875741943717003,0.0024860864505171776,0.054032083600759506,-0.04682086780667305,-0.0443851575255394,-0.006526905577629805,0.03979208692908287,0.17251329123973846,0.013658317737281322,0.013908594846725464,-0.04389731213450432,0.05456957966089249,-0.00815968494862318,0.0008816090412437916,-0.015606905333697796,-0.011748443357646465,-0.023852506652474403,0.0033594146370887756,0.01637515425682068,-0.1199912279844284,0.11910871416330338,-0.05264269560575485,0.3857221305370331,-0.09636840224266052,0.06521504372358322,0.09422987699508667,0.2182849645614624,-0.08251000940799713,-0.05813940614461899,0.12157495319843292,-0.03562905639410019,0.17970344424247742,-0.02033812925219536,-0.026531798765063286,-0.035670194774866104,-0.02795425057411194,-0.08211260288953781,-0.02149670012295246,-0.015154216438531876,-0.17601077258586884,0.045716993510723114,-0.13860751688480377,-0.02126520499587059,-0.040637969970703125,0.09007003158330917,-0.07091782987117767,-0.07377678900957108,0.06731436401605606,-0.058338068425655365,-0.05707842484116554,-0.07010118663311005,0.07823269814252853,-0.10507473349571228,0.0874745175242424,0.03246017545461655,-0.024387819692492485,0.003144388785585761,-0.13221272826194763,-0.06759528815746307,0.04932224750518799,0.18848666548728943,-0.2690929174423218,0.4056914448738098,-0.09162191301584244,0.020905664190649986,0.005516730714589357,0.07129903882741928,0.06849019974470139,0.1281338334083557,-0.13217908143997192,0.19035589694976807,-0.21677301824092865,-0.3725942373275757,0.47207072377204895,-0.047134384512901306,-3.439085460854585e-08,-0.00010847309022210538,-0.00034122870420105755,-1.7508737073512748e-06,2.817788526954246e-07,-2.7578371373238042e-05,-0.0005429117009043694,-0.5215879678726196,0.14106304943561554,0.04075145721435547,-0.0026530178729444742,0.050385717302560806,0.03662916272878647,0.02234441228210926,0.05668357387185097,0.0646318644285202
304,-0.00014582574658561498,0.00022714740771334618,0.003631467465311289,0.0052263266406953335,0.012547118589282036,0.012550342828035355,0.010626275092363358,0.007261279039084911,0.004795297514647245,0.006910501979291439,0.011336949653923512,0.019417406991124153,0.03611326590180397,0.05568422004580498,0.051364365965127945,0.03993711620569229,0.02165437862277031,0.008988974615931511,0.006246007047593594,0.0029933166224509478,-0.002826753305271268,-0.012329380959272385,-0.011938818730413914,-0.011425462551414967,-0.0065643321722745895,-0.0001991496392292902,0.002091076923534274,0.002612650627270341,0.009730805642902851,0.03572801128029823,0.14561332762241364,0.2343829721212387,0.2610916793346405,0.24794240295886993,0.24409623444080353,0.2321314513683319,0.1859479397535324,0.08410236984491348,0.03951041027903557,0.0017397706396877766,-0.017172198742628098,-0.0321810245513916,-0.045332759618759155,-0.05464223399758339,-0.09979434311389923,-0.05625437945127487,-0.0302182137966156,0.0065672872588038445,0.0651523694396019,0.10136214643716812,0.25897079706192017,0.22428536415100098,0.2719891369342804,0.17968440055847168,0.2212410569190979,0.11436954140663147,0.11313167959451675,0.058088887482881546,0.03960920870304108,0.031948626041412354,0.00103699357714504,0.0013039779150858521,0.003747157519683242,-0.0010585024720057845,0.013780840672552586,0.02468898892402649,-0.04090558737516403,-0.0025372090749442577,-0.0009254546603187919,-0.00701612513512373,0.003996453247964382,0.056790512055158615,0.027460990473628044,0.33924949169158936,0.07846091687679291,0.10728014260530472,-0.07043301314115524,0.2083406150341034,0.07449532300233841,-0.0017545337323099375,-0.013668066821992397,-0.021577388048171997,-0.033950068056583405,-0.06803557276725769,-0.08030199259519577,0.4277151823043823,-0.24125030636787415,0.061441175639629364,-0.19717538356781006,0.09431826323270798,0.015346813946962357,-0.08050226420164108,-0.18446266651153564,0.07980036735534668,0.12373444437980652,-0.0610499233007431,0.09199406206607819,-0.3275972008705139,0.02663690224289894,-0.018829388543963432,0.09105437248945236,-0.14391469955444336,-0.08076755702495575,0.2501649856567383,-0.28492987155914307,-1.2079377174377441,1.5726836919784546,-0.3400633931159973,0.3230365216732025,-0.7051651477813721,0.731286346912384,-0.44018736481666565,0.16473256051540375,-0.0041976384818553925,-0.08806129544973373,-0.10515668243169785,0.34797266125679016,-0.4937601387500763,0.4841318726539612,-0.1426617056131363,-0.1142055094242096,-0.2849302291870117,-0.030718620866537094,0.7568081021308899,-0.18553602695465088,0.10857994109392166,-1.2258200645446777,2.1157619953155518,-2.1402368545532227,0.6535573601722717,0.3112713694572449,-0.07105152308940887,-0.30925995111465454,0.16137012839317322,0.09631460905075073,-0.002104216953739524,0.2532821595668793,-0.2540358006954193,-0.07021314650774002,0.28133758902549744,-0.22118189930915833,1.7361358572998142e-07,-0.02892313525080681,-0.0002570613578427583,-3.401316462259274e-06,6.055348080735712e-07,-2.2571010049432516e-05,-0.00044807486119680107,-4.124294757843018,0.26042044162750244,0.03773877024650574,-0.004880229011178017,-0.014503996819257736,0.026277821511030197,0.035606708377599716,0.044695667922496796,0.029155753552913666
305,0.00017680665769148618,0.003184101078659296,0.011919531039893627,0.01658330298960209,0.0251337680965662,0.024428311735391617,0.019655857235193253,0.014300360344350338,0.012743259780108929,0.011253752745687962,0.005317483562976122,0.001973086502403021,-0.0001412764540873468,-0.0024078635033220053,-0.004382542334496975,-0.005331886000931263,-0.0059985872358083725,-0.005343752913177013,-0.00844353623688221,-0.006116766016930342,-0.0010955154430121183,0.027178920805454254,0.06761335581541061,0.15492109954357147,0.2680537700653076,0.15742813050746918,0.2199236899614334,0.10838468372821808,0.07369880378246307,0.0322493240237236,0.008351029828190804,-0.009215339086949825,-0.01120743341743946,-0.009373641572892666,-0.007187767885625362,-0.006547839846462011,-0.010509522631764412,-0.017075464129447937,-0.02577204257249832,-0.027216807007789612,-0.031434450298547745,-0.03295105695724487,-0.03603048250079155,-0.0335954949259758,-0.030930204316973686,0.018066128715872765,0.08289176225662231,0.12070827186107635,0.17779482901096344,0.1280638426542282,0.15331456065177917,0.10404951870441437,0.08243974298238754,0.07187224179506302,0.06789684295654297,0.026287205517292023,0.015728529542684555,0.005179711151868105,-0.0012482721358537674,-0.009172127582132816,-0.006670162081718445,-0.007809930946677923,0.00018140616884920746,0.003141585038974881,0.014530056156218052,0.04408550262451172,-0.07426511496305466,-0.031141821295022964,0.33303484320640564,0.11403387039899826,0.2203255295753479,0.10064457356929779,0.13265220820903778,0.586775541305542,0.18117131292819977,0.1853668987751007,-0.060865554958581924,0.07179854065179825,0.008030102588236332,-0.008800318464636803,-0.003947064746171236,0.0010296953842043877,-0.006499881390482187,-0.04818959906697273,-0.043630313128232956,0.06597808748483658,0.002071811119094491,-0.021769657731056213,-0.8504981398582458,0.9110541343688965,-0.41605904698371887,0.24404451251029968,-0.12630635499954224,1.0670139789581299,0.34343570470809937,-0.14267723262310028,0.13529188930988312,-0.15002226829528809,0.06720336526632309,-0.0027789606247097254,0.29504334926605225,-0.034874144941568375,-0.13295969367027283,0.06299387663602829,-0.01536771934479475,-0.04890071228146553,0.042232271283864975,-0.026989750564098358,0.23204350471496582,-0.11942862719297409,0.35691142082214355,-0.8816580772399902,0.6039111018180847,0.2972756624221802,-0.7663281559944153,-0.046087492257356644,1.4124623537063599,-1.0792597532272339,0.7389217615127563,-0.13426364958286285,0.06508234888315201,-0.6156206130981445,-0.06956316530704498,0.010887940414249897,-0.01848580874502659,-0.01682187430560589,-0.008873013779520988,0.5455918908119202,-0.5492656230926514,0.40600302815437317,0.556623637676239,0.1135445311665535,-2.6493265628814697,-0.9416278004646301,-3.8040881156921387,-2.955753803253174,5.84513521194458,-0.952510416507721,-1.3282030820846558,-0.11724837124347687,-0.8319954872131348,8.866167178211981e-08,-0.00481332466006279,-9.00457234820351e-05,-8.966283076006221e-07,2.480715295405389e-07,-7.760777407384012e-06,-0.00018388550961390138,0.2836097180843353,0.18092304468154907,0.024786680936813354,-0.0027405177243053913,-0.0060780905187129974,0.010661897249519825,0.02796166203916073,0.03046349622309208,0.019062407314777374
306,-0.0011115369852632284,-0.003815390868112445,-0.006326574366539717,-0.004345505498349667,0.0013177305227145553,0.006711480673402548,0.0069049992598593235,0.0047022136859595776,0.0013129706494510174,-0.0026544679421931505,-0.003817471209913492,-0.0042964196763932705,-0.005931470543146133,-0.00813960563391447,-0.010643471963703632,-0.01257177721709013,-0.01380056980997324,-0.012037470936775208,-0.017589541152119637,-0.02210901491343975,-0.029885904863476753,-0.03933640569448471,-0.02563144452869892,-0.029246512800455093,-0.031076284125447273,-0.017034633085131645,-0.022862862795591354,-0.014796971343457699,-0.019817939028143883,-0.01988651044666767,-0.02241784706711769,0.0052583483047783375,0.04570702463388443,0.08203635364770889,0.10614284873008728,0.1657002568244934,0.1660345494747162,0.11349894851446152,0.05833953246474266,0.015559065155684948,-0.0065044378861784935,-0.03334745019674301,-0.05611397325992584,-0.08058099448680878,-0.14045394957065582,-0.10364290326833725,-0.09169040620326996,-0.06422291696071625,-0.059416577219963074,-0.03338988497853279,-0.04005971923470497,-0.023846130818128586,-0.022806435823440552,-0.02484656311571598,-0.03980744630098343,-0.023842746391892433,-0.041033826768398285,-0.027184249833226204,-0.04084833338856697,-0.04956797510385513,-0.02628362737596035,-0.03371839597821236,-0.05708194524049759,-0.006013824604451656,-0.016148891299962997,-0.013926217332482338,-0.02055833861231804,0.03284367918968201,0.3380022943019867,-0.07861434668302536,-0.011875512078404427,0.06475929170846939,0.048471737653017044,0.5050305128097534,-0.014835042878985405,-0.01994800567626953,-0.05080251768231392,-0.016643241047859192,-0.00974187534302473,0.034052055329084396,0.16583748161792755,-0.20494650304317474,0.15848508477210999,0.1658935695886612,0.2880251109600067,-0.13226456940174103,0.18387967348098755,-0.06496185809373856,0.20436322689056396,-0.04262802004814148,0.06371333450078964,0.09024685621261597,0.2317231148481369,0.039158839732408524,-0.0483933761715889,0.10557743161916733,-0.03448941558599472,0.21759341657161713,0.054909102618694305,-0.036635734140872955,-0.14310452342033386,0.05902974680066109,0.00269457814283669,-0.03714095801115036,0.0800924301147461,-0.31989818811416626,-0.03568246215581894,-0.24421647191047668,0.3378906846046448,-0.700248122215271,0.31681787967681885,-0.26566535234451294,0.2604387402534485,0.04973088949918747,0.11009622365236282,-0.16815805435180664,0.08335843682289124,-0.10422716289758682,-0.18788869678974152,-0.10780316591262817,0.13104578852653503,0.3438403606414795,-0.09164413064718246,-0.39802712202072144,-0.3700633943080902,0.17283150553703308,0.10588865727186203,-0.6588367819786072,0.784167468547821,-0.22758664190769196,-0.2622253894805908,0.21621587872505188,0.10082630813121796,-0.1041535958647728,0.07365698367357254,0.3193342387676239,-0.370664119720459,0.07686606049537659,0.13563857972621918,-0.049522023648023605,0.01403372548520565,-3.5072380910605716e-07,0.01445041410624981,-0.0002864540438167751,4.91970126859087e-07,-7.46673947560339e-07,-2.2312247892841697e-05,-0.0004304571484681219,-0.8239082098007202,0.15572482347488403,0.0012570779072120786,-0.008015770465135574,-0.013366692699491978,0.008432726375758648,-0.004200487397611141,-0.02452806383371353,-0.022684751078486443
307,-0.0013260748237371445,-0.005797124467790127,-0.011683079414069653,-0.015029633417725563,-0.0159226693212986,-0.008171009831130505,0.0033001131378114223,0.01705808751285076,0.029805988073349,0.03815142437815666,0.02813066355884075,0.014704053290188313,0.011797423474490643,0.012487986125051975,0.016264349222183228,0.020563507452607155,0.020819054916501045,0.01514370646327734,0.019567281007766724,0.02620680257678032,0.02946498803794384,0.027957191690802574,0.014918974600732327,0.0198479313403368,0.030879853293299675,0.02202942967414856,0.0289076529443264,0.01046924851834774,0.003527980763465166,-0.002437163610011339,-0.00664837472140789,-0.01041735801845789,-0.015128002502024174,-0.01900595799088478,-0.016350653022527695,-0.003135534469038248,0.024822263047099113,0.02806275524199009,0.003767419373616576,-0.024554912000894547,-0.04199938848614693,-0.052763041108846664,-0.06037287041544914,-0.052115075290203094,-0.077474445104599,-0.021816138178110123,0.022654589265584946,0.039021413773298264,0.036831144243478775,0.023022357374429703,0.020081959664821625,0.013019653968513012,0.013077843002974987,0.01834765076637268,0.026972686871886253,0.01000614371150732,0.04087556153535843,0.022093286737799644,0.040386538952589035,0.059609752148389816,-0.012729818932712078,0.00898638367652893,0.021452374756336212,-0.025972647592425346,-0.001351331127807498,0.0040749055333435535,0.0045937285758554935,-0.0072733089327812195,-0.041273538023233414,-0.020236626267433167,-0.015283828601241112,-0.01730464957654476,-0.004490335006266832,0.016088290140032768,0.007238789461553097,-0.030811285600066185,-0.09466006606817245,-0.006110328249633312,0.0318169929087162,-0.10828268527984619,-0.09673134237527847,0.007743518799543381,-0.0689607784152031,-0.15445256233215332,-0.15274913609027863,0.07135952264070511,-0.0742255374789238,-0.0017424250254407525,-0.06037352606654167,-0.06652194261550903,-0.0404149554669857,-0.017554543912410736,-0.05595102906227112,-0.047456879168748856,0.007234774995595217,-0.10793106257915497,0.05450029298663139,-0.2654896378517151,-0.11876566708087921,-0.014965851791203022,-0.17298460006713867,0.1294582188129425,0.04737580567598343,-0.082018181681633,-0.006714260671287775,0.355387806892395,-0.19399602711200714,0.11354102939367294,-0.06074252724647522,0.3856889605522156,-0.3821640610694885,0.18201562762260437,-0.265092134475708,0.024944428354501724,0.2739728093147278,0.11457028985023499,-0.14503178000450134,0.5295369029045105,-0.4058680534362793,0.11440466344356537,0.004727539606392384,0.18730205297470093,0.04774269089102745,-0.20341667532920837,-0.05428951978683472,0.013580898754298687,0.12943825125694275,-0.37977853417396545,0.4940633177757263,-0.09920606017112732,-0.05171789973974228,-0.0875830128788948,0.18915390968322754,-0.42748358845710754,0.20871417224407196,0.4566439986228943,-0.34638476371765137,0.21695445477962494,0.04433971270918846,0.12412170320749283,0.04562021419405937,-7.391143412860401e-07,-0.05597899481654167,-0.000293006538413465,-2.4161038254533196e-06,-7.382354851870332e-07,-1.2618566870514769e-05,-0.00021203608775977045,0.3255283236503601,-0.12190749496221542,-0.14303089678287506,-0.008032754063606262,-0.006591769400984049,-0.17770881950855255,-0.15747644007205963,-0.12363102287054062,-0.1689498871564865
308,-0.0006056071724742651,-0.0012574349530041218,0.00040229863952845335,0.0037361555732786655,0.006616208236664534,0.004442623816430569,0.000529906596057117,-0.0021857337560504675,-0.00479078758507967,-0.005371604114770889,-0.004716292954981327,-0.00447878148406744,-0.005877961404621601,-0.007857509888708591,-0.01035685557872057,-0.01211600098758936,-0.013283074833452702,-0.011643634177744389,-0.017235908657312393,-0.021022804081439972,-0.02875511720776558,-0.037728115916252136,-0.02428032085299492,-0.028112025931477547,-0.029838165268301964,-0.016708621755242348,-0.02174258977174759,-0.013586592860519886,-0.014066663570702076,-0.0030551257077604532,0.03698885068297386,0.09038763493299484,0.12785175442695618,0.1297757476568222,0.11279641091823578,0.13600365817546844,0.10750387609004974,0.0482894629240036,-0.0070048910565674305,-0.03375202417373657,-0.054436516016721725,-0.07451798766851425,-0.07671020925045013,-0.08855576068162918,-0.1324402242898941,-0.08605028688907623,-0.06577515602111816,-0.03987878933548927,-0.03784635290503502,-0.02951592020690441,-0.05233720317482948,-0.04012080654501915,-0.03585530072450638,-0.03456015884876251,-0.044925134629011154,-0.025059640407562256,-0.04039716348052025,-0.028637979179620743,-0.04078777879476547,-0.04857334867119789,-0.025963399559259415,-0.03201723098754883,-0.05297057703137398,-0.002047115471214056,-0.004082532599568367,0.031263936311006546,-0.053871139883995056,0.05405651777982712,0.4758848547935486,-0.016852622851729393,-0.04975200071930885,0.04649466648697853,0.05683153122663498,0.3788509964942932,-0.012558803893625736,-0.01372571475803852,-0.058551061898469925,-0.01362671423703432,-0.016045333817601204,0.04251107573509216,0.1891847550868988,-0.2919531762599945,0.26788750290870667,0.2556487023830414,0.33015191555023193,-0.11930627375841141,0.16109637916088104,-0.03884612396359444,0.16742849349975586,-0.04291461408138275,0.0666174441576004,0.0770481526851654,0.20384329557418823,0.016837628558278084,-0.04289296641945839,0.10782354325056076,-0.05407685041427612,0.22081319987773895,0.0501219742000103,-0.047849733382463455,-0.1477643996477127,0.04712049663066864,-0.005379492416977882,-0.01640608347952366,0.17399530112743378,-0.46737104654312134,-0.06603635102510452,-0.17740082740783691,0.28268197178840637,-0.7326390743255615,0.20790868997573853,-0.23198789358139038,0.2608073055744171,0.10135629028081894,0.10858987271785736,-0.2085578441619873,-0.00247557763941586,0.18880553543567657,-0.494470477104187,-0.23127040266990662,0.15276286005973816,0.36945000290870667,-0.055110882967710495,-0.504429817199707,-0.46881213784217834,0.17597660422325134,0.11227864772081375,-0.5125238299369812,0.570460319519043,-0.17405852675437927,-0.14487528800964355,0.1374826580286026,0.06899573653936386,-0.06487361341714859,0.07254141569137573,0.28226804733276367,-0.30524149537086487,0.08941103518009186,0.15596215426921844,-0.03930049017071724,0.014643384143710136,-3.2238830272035557e-07,0.015780147165060043,-0.0001976745406864211,8.480111546305125e-07,-8.758304943512485e-07,-2.5271030608564615e-05,-0.00025339832063764334,-0.6733522415161133,0.1468513160943985,-0.00830280315130949,-0.006777333561331034,-0.017026083543896675,0.03268973156809807,-0.005460096523165703,-0.03653622046113014,-0.033891547471284866
309,0.00047816388541832566,0.004920015577226877,0.01747395470738411,0.028625749051570892,0.04099229723215103,0.029904551804065704,0.015848679468035698,0.007327898405492306,0.0009253623429685831,-0.0030682983342558146,-0.0035143259447067976,-0.0035723757464438677,-0.00486795324832201,-0.0068438053131103516,-0.008887169882655144,-0.01067335531115532,-0.01193818636238575,-0.01013907976448536,-0.014148042537271976,-0.01888938993215561,-0.025739118456840515,-0.03281421959400177,-0.021581055596470833,-0.02572149597108364,-0.026304593309760094,-0.013928175903856754,-0.018729396164417267,-0.011676333844661713,-0.016127128154039383,-0.017525656148791313,-0.03221789374947548,-0.02445943094789982,-0.01185973733663559,0.008008012548089027,0.034894589334726334,0.0841941386461258,0.13828134536743164,0.13787774741649628,0.08793334662914276,0.027284644544124603,0.00519358878955245,-0.021996092051267624,-0.04153655096888542,-0.04838106408715248,-0.0567050538957119,-0.0038422117941081524,0.038781385868787766,0.057111043483018875,0.07643337547779083,0.04767230898141861,0.030926769599318504,-0.00039497585385106504,-0.016574017703533173,-0.02304057590663433,-0.04170394316315651,-0.021288737654685974,-0.036606304347515106,-0.02045530453324318,-0.03671273589134216,-0.04267081618309021,-0.020036663860082626,-0.03069411963224411,-0.04850180074572563,-0.009807097725570202,-0.009740430861711502,-0.02512800134718418,-0.0008171669323928654,0.017435304820537567,0.17984281480312347,-0.198262557387352,-0.020223641768097878,-0.011572853662073612,0.1334293633699417,0.6411921977996826,-0.09406881034374237,-0.04596579819917679,-0.05487610772252083,-0.013694572262465954,0.019057119265198708,0.057768162339925766,0.3418963551521301,-0.05852683261036873,0.13627555966377258,0.18191257119178772,0.15726439654827118,-0.08098378032445908,0.07859469950199127,-0.03565157204866409,0.11229266226291656,-0.033821363002061844,0.012467538006603718,0.014157889410853386,0.07577790319919586,-0.009138396941125393,-0.05119265988469124,0.0829865038394928,-0.010787159204483032,0.16793839633464813,0.06258159875869751,-0.0034625709522515535,-0.10966279357671738,0.057274818420410156,0.014675063081085682,-0.06904153525829315,-0.04324960708618164,0.014220431447029114,0.02988508529961109,-0.07100730389356613,0.3934256136417389,-0.6899574398994446,0.36794915795326233,-0.7879475951194763,0.3006320595741272,-0.42508062720298767,-0.4463195502758026,-0.34256333112716675,-0.11741983145475388,-0.7100578546524048,0.24918539822101593,0.04454075172543526,0.11459355056285858,0.48757416009902954,-0.28484994173049927,-0.4119221270084381,-1.1365509033203125,0.45020073652267456,0.22863642871379852,-0.6462125778198242,0.6451035141944885,-0.09970502555370331,-0.20980969071388245,0.10309062153100967,0.04686766490340233,-0.06736885011196136,0.07507114112377167,0.23710474371910095,-0.2635021507740021,0.03646770492196083,0.07840947061777115,-0.05543167516589165,0.0532761849462986,-3.6717125340146595e-07,0.015346492640674114,-0.00034151188447140157,2.9475154406100046e-07,-9.133215712608944e-07,-2.2773214368498884e-05,-0.0005635495181195438,0.13498598337173462,0.2015714943408966,0.015590932220220566,-0.008851071819663048,-0.016710622236132622,0.02432905323803425,0.003402901580557227,0.0634671151638031,-0.010130497626960278
310,-0.0012545969802886248,-0.00481203431263566,-0.009974805638194084,-0.012203575111925602,-0.014162358827888966,-0.011041349731385708,-0.007804259192198515,-0.006515757646411657,-0.0070846546441316605,-0.006564931478351355,-0.0051536718383431435,-0.004846640862524509,-0.006350090727210045,-0.008723949082195759,-0.011124036274850368,-0.013050847686827183,-0.014594215899705887,-0.012782652862370014,-0.0192007627338171,-0.02307962439954281,-0.031160730868577957,-0.04091731831431389,-0.026396533474326134,-0.030393734574317932,-0.03222233057022095,-0.017743896692991257,-0.02375851757824421,-0.01608516275882721,-0.02051868475973606,-0.019817041233181953,-0.018985409289598465,0.012021884322166443,0.05215282738208771,0.08622081577777863,0.11129770427942276,0.1685265302658081,0.19621415436267853,0.1679677516222,0.11677242815494537,0.04629526287317276,0.009570970200002193,-0.02959240786731243,-0.05890607461333275,-0.08320298790931702,-0.14923754334449768,-0.10919276624917984,-0.09805471450090408,-0.07206491380929947,-0.07347779721021652,-0.048670340329408646,-0.07201574742794037,-0.04803493991494179,-0.040675438940525055,-0.03807397931814194,-0.05010334029793739,-0.027267809957265854,-0.045104630291461945,-0.031490735709667206,-0.04382691532373428,-0.057228900492191315,-0.02861938625574112,-0.03615105152130127,-0.05874687433242798,-0.0046897027641534805,-0.013864985667169094,0.002131242537871003,-0.039527978748083115,0.03403880447149277,0.28452593088150024,-0.03445712849497795,-0.022177208214998245,0.05154029652476311,0.09286434203386307,0.4927395284175873,-0.04171067476272583,-0.0062630074098706245,-0.03747802972793579,-0.017074842005968094,-0.021158646792173386,0.029784947633743286,0.09261807799339294,-0.24258984625339508,0.15381905436515808,0.18999549746513367,0.3408082127571106,-0.17522349953651428,0.19917523860931396,-0.07702811807394028,0.21180763840675354,-0.054464373737573624,0.06439507007598877,0.08102209120988846,0.21954168379306793,0.02064436487853527,-0.05577012896537781,0.11172054708003998,-0.04494362324476242,0.22054117918014526,0.03194829821586609,-0.03720707818865776,-0.1436360627412796,0.05043146014213562,-0.00033120764419436455,-0.03166285902261734,0.06939990073442459,-0.22251607477664948,-0.07631651312112808,-0.1981927454471588,0.24147766828536987,-0.6419171094894409,0.12952864170074463,-0.2938764989376068,0.19988854229450226,0.07177905738353729,0.06808232516050339,-0.20731760561466217,0.10150831192731857,-0.004740346223115921,-0.3364751636981964,-0.16228121519088745,0.12538515031337738,0.46127498149871826,-0.08117011934518814,-0.4532221257686615,-0.30485546588897705,0.1912926435470581,0.14821437001228333,-0.4383322596549988,0.6020525097846985,-0.15006431937217712,-0.17088061571121216,0.11644475907087326,0.11030668765306473,-0.10017435997724533,0.07659044116735458,0.26395946741104126,-0.26603543758392334,0.01501467265188694,0.13095928728580475,-0.0336650051176548,0.02134213224053383,-3.1299146030505653e-07,0.01506318710744381,-0.0002518127439543605,5.144050874150707e-07,-6.966170644773229e-07,-1.9190933016943745e-05,-0.0003699002554640174,-0.6738816499710083,0.14611218869686127,0.00430584792047739,-0.007662484887987375,0.05838429182767868,0.03413235768675804,-0.004382697865366936,-0.025402801111340523,-0.029137974604964256
311,-0.0007082918309606612,-0.0038873152807354927,-0.0066580092534422874,-0.0032810033299028873,0.002269101096317172,0.007178300525993109,0.00749750342220068,0.004583278670907021,0.00047925752005539834,-0.003800259903073311,-0.0047211130149662495,-0.005206959787756205,-0.006703127175569534,-0.009621251374483109,-0.012444188818335533,-0.014982728287577629,-0.016188262030482292,-0.015123715624213219,-0.023168042302131653,-0.025695249438285828,-0.033437393605709076,-0.04349706321954727,-0.02789672650396824,-0.03196299076080322,-0.034687113016843796,-0.01833696849644184,-0.022889964282512665,-0.011686362326145172,-0.0020240568555891514,0.01986328512430191,0.08608167618513107,0.10105714201927185,0.09070942550897598,0.06213665008544922,0.03652273863554001,0.02642752416431904,0.03649265319108963,0.056500665843486786,0.07324479520320892,0.05559992045164108,0.036865148693323135,0.0009294922347180545,-0.038852617144584656,-0.07176470756530762,-0.15808521211147308,-0.10932818800210953,-0.0977458655834198,-0.07150092720985413,-0.06255856901407242,-0.03607342764735222,-0.04218499734997749,-0.02584831789135933,-0.028603065758943558,-0.03350416570901871,-0.05301027372479439,-0.026564141735434532,-0.04854287579655647,-0.03088318556547165,-0.04302573949098587,-0.05643399432301521,-0.014430809766054153,-0.012513802386820316,0.014211749657988548,-0.008984632790088654,0.022464346140623093,0.03879362717270851,-0.04935519024729729,0.011185168288648129,0.055363383144140244,-0.06438436359167099,-0.038261476904153824,0.0009570770198479295,0.0398644357919693,0.18161174654960632,0.015015757642686367,0.017357952892780304,-0.07038627564907074,0.14751361310482025,0.026822643354535103,0.001080682617612183,-0.008868481032550335,-0.047807708382606506,-0.013199836947023869,0.017474738880991936,0.011272034607827663,-0.11255673319101334,0.13193829357624054,-0.02872185781598091,0.4118531346321106,-0.049597807228565216,0.0531814843416214,0.11426214128732681,0.2166636735200882,-0.05521513149142265,-0.06314640492200851,0.128199964761734,-0.02532302588224411,0.24821272492408752,0.008392825722694397,-0.01358459796756506,-0.06341305375099182,-0.05008842796087265,-0.1761355996131897,0.002495419466868043,0.02664218470454216,-0.2357616275548935,0.007926970720291138,-0.19043311476707458,0.14071224629878998,-0.17310497164726257,0.3346174657344818,-0.3017919361591339,0.08789137005805969,0.23792217671871185,-0.07719936966896057,-0.12682820856571198,0.08784554153680801,-0.14865125715732574,0.1368301510810852,0.11808236688375473,0.011131616309285164,-0.09417828172445297,-0.0015996465226635337,-0.14563342928886414,-0.08726568520069122,0.09708360582590103,0.24449536204338074,-0.36168670654296875,0.5930770635604858,-0.13301755487918854,-0.1806381791830063,0.013713855296373367,0.2703605890274048,-0.0758618414402008,0.09387150406837463,-0.12547604739665985,0.17830060422420502,-0.2932489216327667,-0.09598208218812943,0.253329336643219,-0.03083219565451145,-7.880090180378829e-08,0.00915658287703991,-0.0004266549658495933,-1.3717118463318911e-06,1.5051352164618947e-08,-2.360059806960635e-05,-0.0006536896689794958,-1.091967225074768,0.16630595922470093,0.031508997082710266,-0.0033479733392596245,-0.015332642011344433,0.034999821335077286,0.013832971453666687,0.04663154110312462,0.04014836251735687
312,-0.0012557246955111623,-0.004973284434527159,-0.010231398046016693,-0.011393840424716473,-0.013319138437509537,-0.010432574898004532,-0.008026591502130032,-0.006821450777351856,-0.0072028301656246185,-0.006925515830516815,-0.005357387475669384,-0.005199932958930731,-0.0063247475773096085,-0.008538790978491306,-0.011190141551196575,-0.012804677709937096,-0.01449890248477459,-0.01278065238147974,-0.021115832030773163,-0.022757884114980698,-0.030340401455760002,-0.039745304733514786,-0.02479555644094944,-0.02915843576192856,-0.0321609303355217,-0.016108164563775063,-0.018099378794431686,-0.007121268194168806,0.005004053469747305,0.02531333640217781,0.0801708921790123,0.08839909732341766,0.0954098105430603,0.07491742074489594,0.06131947040557861,0.04491424933075905,0.0470086932182312,0.07025740295648575,0.09330403804779053,0.06531955301761627,0.03175598010420799,-0.007635314017534256,-0.04761673882603645,-0.07373705506324768,-0.15412960946559906,-0.10299371182918549,-0.09081200510263443,-0.06761699169874191,-0.06953354179859161,-0.04483407363295555,-0.07065197080373764,-0.04785747081041336,-0.04041986167430878,-0.042810238897800446,-0.05465346574783325,-0.026606235653162003,-0.04720611497759819,-0.027514642104506493,-0.041490063071250916,-0.06455306708812714,-0.025502409785985947,-0.03415102884173393,-0.04144357517361641,-0.004254200495779514,0.008706801570951939,0.08356272429227829,-0.08862169086933136,0.0237888153642416,0.23431797325611115,-0.06737026572227478,-0.10990320891141891,-0.017888739705085754,0.07178846001625061,0.37089043855667114,-0.06444216519594193,-0.014025719836354256,-0.01525139156728983,-0.03874075412750244,-0.06511900573968887,-0.03308844193816185,-0.018656913191080093,-0.1686570644378662,0.07464080303907394,0.1460372507572174,0.18727648258209229,-0.16540586948394775,0.30490922927856445,-0.0403694324195385,0.3186344802379608,-0.06739116460084915,0.05283268168568611,0.06097628176212311,0.1861370950937271,-0.022828204557299614,-0.04243629425764084,0.1321670413017273,-0.0424247644841671,0.21404168009757996,0.005966649856418371,-0.030901994556188583,-0.04249381646513939,0.026395628228783607,-0.04976189136505127,0.12719616293907166,0.17225025594234467,-0.4152279496192932,-0.027120057493448257,-0.23592329025268555,0.20192678272724152,-0.5439375638961792,0.09489842504262924,-0.33911314606666565,0.07497717440128326,0.05661790072917938,-0.1293564885854721,-0.2188270539045334,0.09711182117462158,-0.17675745487213135,-0.10184171795845032,0.02793690375983715,0.08626929670572281,0.2626519799232483,0.003637119894847274,-0.38780078291893005,-0.13310924172401428,0.11338137090206146,0.17526720464229584,-0.4147423505783081,0.7570281028747559,-0.10903449356555939,-0.2845251262187958,0.03316878154873848,0.28605780005455017,-0.08912887424230576,0.09164786338806152,-0.064460888504982,0.09302277117967606,-0.3334066569805145,-0.6694362163543701,0.38066112995147705,-0.04502300173044205,-8.445039156868006e-08,0.011398651637136936,-0.0003468973154667765,-9.099249496102857e-07,-1.4588471231036237e-07,-2.278077408846002e-05,-0.0006687917630188167,0.11130107939243317,0.17805735766887665,0.03820106387138367,-0.003104445757344365,0.046163592487573624,0.03422554209828377,0.010727254673838615,0.0510067380964756,0.06400440633296967
313,-0.0013324470492079854,-0.0048296269960701466,-0.007799298502504826,-0.008393860422074795,-0.012253865599632263,-0.009957093745470047,-0.006832021288573742,-0.006083483342081308,-0.005496153607964516,-0.006635323166847229,-0.004022316541522741,-0.001623001298867166,0.0033326393458992243,0.02599835768342018,0.05076456069946289,0.0891260877251625,0.11273594200611115,0.06553816050291061,0.04714960232377052,0.029287386685609818,0.06632314622402191,0.18657134473323822,0.34526845812797546,0.5622888207435608,0.6749168038368225,0.3115048110485077,0.30558377504348755,0.11304879188537598,0.046633023768663406,0.037578411400318146,0.09216481447219849,0.1263030767440796,0.10947238653898239,0.08500508219003677,0.047155335545539856,-0.013754889369010925,-0.07954233139753342,-0.0821015015244484,-0.07308714836835861,-0.05032484978437424,-0.0410432405769825,-0.03731205314397812,-0.03358449414372444,-0.024721816182136536,-0.045592647045850754,-0.03809225559234619,-0.048942260444164276,-0.04655156284570694,-0.04544591158628464,-0.036035869270563126,-0.07058320939540863,-0.04216320812702179,-0.029628915712237358,-0.025227118283510208,-0.030965980142354965,-0.014920422807335854,-0.027883829548954964,-0.01083115953952074,-0.021835224702954292,-0.022282110527157784,-0.0017318259924650192,-0.016958903521299362,-0.04605134204030037,-0.013125591911375523,-0.012303527444601059,-0.04920061677694321,0.045638274401426315,0.025313733145594597,-0.021852169185876846,-0.00030340070952661335,-0.01915184035897255,-0.030558018013834953,-0.011756575666368008,0.18337729573249817,-0.022982630878686905,-0.020190579816699028,-0.11651930212974548,0.18980717658996582,0.3234189450740814,-0.25054702162742615,0.02546175755560398,0.22116346657276154,0.2506607174873352,-0.28395918011665344,0.09420627355575562,0.477541446685791,-0.399460107088089,0.554731547832489,-2.3724422454833984,2.576193332672119,0.08684635162353516,-0.254129022359848,-0.3018721044063568,0.05272699519991875,0.1931888908147812,-0.8155451416969299,0.518117368221283,-1.6738395690917969,-0.5588529109954834,-0.15727554261684418,0.15419542789459229,-0.08288343250751495,-0.11441392451524734,0.2162175327539444,-0.07606629282236099,-0.49582257866859436,0.135822594165802,-0.18753427267074585,-0.001305738347582519,0.008488667197525501,-0.05981891602277756,0.11595316976308823,-0.06707436591386795,0.055930860340595245,0.14748883247375488,0.03932057321071625,-0.08429988473653793,0.07493122667074203,-0.09484580159187317,0.04376397654414177,0.03143398091197014,0.029338303953409195,-0.025581547990441322,0.1383153796195984,0.021709609776735306,0.16961528360843658,0.09159477055072784,0.44889023900032043,-0.2537263035774231,-0.004442395642399788,0.054719164967536926,0.29072755575180054,-0.13973958790302277,0.9915077686309814,-0.31892356276512146,-1.7295678853988647,1.750540852546692,-1.255395531654358,0.3322094976902008,-0.5368788242340088,0.14349810779094696,1.3805545506784256e-07,-0.012786798179149628,-1.949471879925113e-06,-6.347615908453008e-07,-3.799090961820184e-07,-5.725437858927762e-06,-8.748223478960426e-08,0.30227500200271606,0.2547069191932678,0.020688241347670555,0.0007714871317148209,0.009235863573849201,0.013412432745099068,-0.005060937721282244,-0.010018624365329742,0.05130334198474884
314,-0.00051428860751912,-0.0007174210622906685,0.0018853688379749656,0.0067593250423669815,0.01119100023061037,0.012505527585744858,0.013721547089517117,0.021864555776119232,0.03133418783545494,0.03819451481103897,0.027897818014025688,0.014525491744279861,0.011601563543081284,0.012300251051783562,0.015954745933413506,0.020346032455563545,0.020476799458265305,0.014891733415424824,0.019106440246105194,0.025666290894150734,0.028866972774267197,0.027407251298427582,0.014664690010249615,0.019502932205796242,0.03050808049738407,0.021819110959768295,0.02863062173128128,0.010495149530470371,0.003562850644811988,-0.0023642012383788824,-0.006858818233013153,-0.011342511512339115,-0.017865318804979324,-0.025840533897280693,-0.03250063955783844,-0.038956377655267715,-0.036153025925159454,-0.02828896977007389,-0.03670429810881615,-0.040747277438640594,-0.04843004420399666,-0.05444875732064247,-0.059503719210624695,-0.04844053462147713,-0.05967693775892258,-0.0005531586357392371,0.056696996092796326,0.06861326098442078,0.06537774205207825,0.04606456682085991,0.06522251665592194,0.05521964654326439,0.05087404325604439,0.05369878187775612,0.06863683462142944,0.022197414189577103,0.06047879904508591,0.02779856137931347,0.049688149243593216,0.0741259753704071,-0.017150918021798134,0.01686798594892025,0.04611054062843323,-0.039005618542432785,0.005513028707355261,0.02082083374261856,-0.008521749638020992,-0.010597310960292816,-0.029650090262293816,-0.03175552189350128,-0.02090350352227688,-0.016995135694742203,-0.001867867773398757,0.030126424506306648,0.006934321019798517,-0.038811832666397095,-0.107622429728508,-0.005652072373777628,0.040806856006383896,-0.1234763041138649,-0.10671751201152802,0.009894505143165588,-0.07013320922851562,-0.16254526376724243,-0.1461460143327713,0.06738640367984772,-0.06829901039600372,-0.002551587065681815,-0.07696214318275452,-0.047694314271211624,-0.05814726650714874,-0.03263214975595474,-0.09931604564189911,-0.04133179038763046,0.023350348696112633,-0.13256801664829254,0.07308581471443176,-0.3453778624534607,-0.14724554121494293,-0.020431246608495712,-0.15939606726169586,0.12682145833969116,0.046206384897232056,-0.07852710783481598,-0.003933101426810026,0.35166627168655396,-0.19356514513492584,0.10897133499383926,-0.049365583807229996,0.3888954520225525,-0.38239696621894836,0.1824277639389038,-0.26561203598976135,0.033817440271377563,0.2797089219093323,0.11516073346138,-0.1367601454257965,0.5285422801971436,-0.4045565724372864,0.11446919292211533,0.0036674928851425648,0.17739160358905792,0.05620469152927399,-0.20040538907051086,-0.049739208072423935,0.010572243481874466,0.12451506406068802,-0.3823894262313843,0.4917978048324585,-0.09704606980085373,-0.051144566386938095,-0.08973682671785355,0.1792648732662201,-0.4289802312850952,0.21170775592327118,0.4558067321777344,-0.3366418778896332,0.22075046598911285,0.04042647406458855,0.12695081532001495,0.043108757585287094,-7.144591336327721e-07,-0.05519315227866173,-0.00028499698964878917,-2.321905185453943e-06,-7.016747076704632e-07,-1.2667489500017837e-05,-0.00021231346181593835,0.1294875293970108,-0.09423163533210754,-0.14230115711688995,-0.007799393031746149,-0.022189194336533546,-0.17527374625205994,-0.1584014743566513,-0.12198924273252487,-0.1666691154241562
315,0.0019122330704703927,0.003438271814957261,0.0027719391509890556,0.0002511611382942647,0.001479489030316472,0.005423897877335548,0.007214791607111692,0.006577194668352604,0.004178584553301334,-0.0005652197287417948,-0.0028553279116749763,-0.0036864697467535734,-0.005620912648737431,-0.007698940113186836,-0.010325509123504162,-0.012145929038524628,-0.013312481343746185,-0.011791031807661057,-0.016640305519104004,-0.020345326513051987,-0.028666343539953232,-0.037690699100494385,-0.024233775213360786,-0.028630094602704048,-0.03032880462706089,-0.016773508861660957,-0.021725650876760483,-0.013624501414597034,-0.015496714971959591,-0.007754150312393904,0.022394882515072823,0.06956582516431808,0.10918881744146347,0.11027564853429794,0.0892130434513092,0.07582566142082214,0.02412043698132038,-0.016748256981372833,-0.016909252852201462,-0.0030484998133033514,0.005523285362869501,-0.002207823796197772,-0.02289634570479393,-0.04755315184593201,-0.09706065058708191,-0.06583116948604584,-0.056055955588817596,-0.03745366632938385,-0.038947541266679764,-0.029132995754480362,-0.042877182364463806,-0.024919260293245316,-0.019466012716293335,-0.019212990999221802,-0.031244289129972458,-0.018219083547592163,-0.03571173548698425,-0.02483018860220909,-0.033946387469768524,-0.041375868022441864,-0.01834160089492798,-0.029587063938379288,-0.04448902979493141,-0.0032873027957975864,0.001235354458913207,0.06368224322795868,-0.17240087687969208,0.053996771574020386,0.3604089915752411,-0.10070210695266724,-0.052968721836805344,0.007434098981320858,0.04645824432373047,0.29248130321502686,-0.06468775868415833,-0.023038851097226143,-0.10858441889286041,0.003757801838219166,-0.013447720557451248,0.007751903031021357,0.10935604572296143,-0.09111475944519043,0.030379338189959526,0.060291800647974014,0.11341885477304459,-0.08729727566242218,0.23213495314121246,-0.08739528805017471,0.3719668686389923,0.009485299699008465,0.11018314212560654,0.10641491413116455,0.21669521927833557,0.03668710216879845,-0.01901428960263729,0.09641022235155106,-0.03546589985489845,0.22151190042495728,0.05926689878106117,-0.035257987678050995,-0.12923777103424072,0.046070393174886703,-0.014044627547264099,0.06895457953214645,0.31015363335609436,-0.6862763166427612,0.18133653700351715,-0.3410134017467499,0.3299593925476074,-0.5047037601470947,0.2315521538257599,-0.06528603285551071,0.014830284751951694,0.28663772344589233,-0.08614310622215271,-0.12169911712408066,0.15236184000968933,-0.18447721004486084,-0.22051437199115753,-0.07067066431045532,0.11327958852052689,0.21109098196029663,-0.10591468960046768,-0.1493310183286667,-0.1709199696779251,0.188047856092453,0.19460172951221466,-0.6390777826309204,0.6898073554039001,-0.29231515526771545,-0.29348093271255493,0.17382729053497314,0.06613357365131378,-0.1297747939825058,-0.013033580034971237,0.3662753403186798,-0.39756131172180176,0.052403029054403305,0.11481749266386032,-0.02045612782239914,0.02106333151459694,-3.2531337978980446e-07,0.010335960425436497,-0.0003413317899685353,1.6188033669095603e-07,-5.516209853340115e-07,-2.4694443709449843e-05,-0.0005348228150978684,-0.9049227833747864,0.16761557757854462,0.004792571533471346,-0.006003673654049635,-0.0249639879912138,0.03173251450061798,0.0018057069974020123,-0.013603314757347107,-0.01324805524200201
316,-0.0011848577996715903,-0.004406444728374481,-0.010191948153078556,-0.011014783754944801,-0.014101454988121986,-0.011400679126381874,-0.008073362521827221,-0.006520372349768877,-0.007004978135228157,-0.006937921512871981,-0.005244020838290453,-0.0047919596545398235,-0.006537147331982851,-0.008877660147845745,-0.011341746896505356,-0.013140881434082985,-0.014819307252764702,-0.013479204848408699,-0.01909158192574978,-0.02246229350566864,-0.030876224860548973,-0.04078894853591919,-0.027042651548981667,-0.03142814338207245,-0.033135928213596344,-0.019113564863801003,-0.024168554693460464,-0.016513986513018608,-0.01635087840259075,-0.005201668478548527,0.03951884061098099,0.0976446270942688,0.14382338523864746,0.14683908224105835,0.12641344964504242,0.11108073592185974,0.05551416426897049,0.007298423908650875,0.005388905294239521,0.008075947873294353,0.0025092412251979113,-0.016901962459087372,-0.04473063722252846,-0.07312124967575073,-0.14305107295513153,-0.09868620336055756,-0.09794395416975021,-0.06993158161640167,-0.0678388923406601,-0.04527835547924042,-0.07136883586645126,-0.04527369141578674,-0.037947557866573334,-0.04067988321185112,-0.051005735993385315,-0.02591906115412712,-0.046069998294115067,-0.033545054495334625,-0.04073285683989525,-0.05264794081449509,-0.02639555186033249,-0.034278471022844315,-0.05077987536787987,-0.003917161375284195,0.002152431756258011,0.11297092586755753,-0.13952982425689697,0.06610603630542755,0.4125794470310211,-0.03194054961204529,-0.06817348301410675,-0.0010429718531668186,0.04940248653292656,0.33621248602867126,-0.10276831686496735,-0.07048869132995605,-0.07756846398115158,-0.022328147664666176,-0.034132543951272964,0.0305023156106472,0.09282434731721878,-0.1669420301914215,0.08432416617870331,0.12842386960983276,0.2151823341846466,-0.13098551332950592,0.27906113862991333,-0.08273764699697495,0.3411560654640198,-0.056176476180553436,0.09914185851812363,0.08929036557674408,0.23544062674045563,0.017527485266327858,-0.03457321599125862,0.08781182765960693,-0.05853687971830368,0.24004656076431274,0.02713301219046116,-0.0351795069873333,-0.14070948958396912,0.05987865850329399,0.007053088396787643,0.029880858957767487,0.32181212306022644,-0.7509098649024963,-0.0797591358423233,-0.30528393387794495,0.06584436446428299,-0.3893962800502777,-0.024245480075478554,0.08298236131668091,0.01599690690636635,0.08087660372257233,-0.08081358671188354,-0.15679055452346802,0.01419095415621996,0.11290934681892395,-0.438652902841568,-0.047175921499729156,0.1561499387025833,0.33654698729515076,-0.03523223102092743,-0.20515675842761993,-0.0707089751958847,0.02326403185725212,0.14866456389427185,-0.3331587612628937,0.4689531922340393,-0.18466603755950928,-0.1380719095468521,0.040500201284885406,0.06151116266846657,-0.0907660722732544,0.09451128542423248,0.28979647159576416,-0.37159183621406555,0.07103601098060608,0.16790519654750824,-0.03579648211598396,0.03282736986875534,-2.5871128173093894e-07,0.008717397227883339,-0.00027698531630448997,1.7189199752465356e-07,-6.67925746711262e-07,-2.2669719328405336e-05,-0.0004928328562527895,-0.15540049970149994,0.1068238765001297,-0.01900234818458557,-0.006343347020447254,0.05657859146595001,0.03386332467198372,-0.02570665068924427,-0.039754826575517654,-0.03770870342850685
317,0.0003806878812611103,0.0019302575383335352,0.004992222413420677,0.004355284385383129,0.0012832137290388346,-0.002666490152478218,-0.004382273647934198,-0.004958375357091427,-0.006346961483359337,-0.005921555683016777,-0.0048490711487829685,-0.004553423263132572,-0.005927072837948799,-0.008100228384137154,-0.0105454595759511,-0.012283749878406525,-0.013561566360294819,-0.01202374417334795,-0.01780211552977562,-0.021628163754940033,-0.02925405465066433,-0.038428809493780136,-0.024608325213193893,-0.028560345992445946,-0.030433237552642822,-0.016751421615481377,-0.022279512137174606,-0.014692702330648899,-0.018465746194124222,-0.016215607523918152,-0.010964397341012955,0.020476214587688446,0.06022299826145172,0.09359356760978699,0.11230549216270447,0.16333694756031036,0.1437254697084427,0.06813261657953262,0.010767736472189426,-0.007749813608825207,-0.012682884931564331,-0.018602611497044563,-0.029635204002261162,-0.043909862637519836,-0.08409176021814346,-0.06505879759788513,-0.06310202926397324,-0.05232862010598183,-0.060780107975006104,-0.04371925815939903,-0.0662081390619278,-0.04474913701415062,-0.038419414311647415,-0.0357084721326828,-0.046858809888362885,-0.026422549039125443,-0.04250384867191315,-0.028822755441069603,-0.04065297916531563,-0.05175122618675232,-0.02747504785656929,-0.03320198878645897,-0.05739299952983856,-0.005050210282206535,-0.014586986973881721,-0.0038577187806367874,-0.032558806240558624,0.04192843288183212,0.3870784342288971,-0.01833382621407509,-0.014946739189326763,0.06254541128873825,0.055283378809690475,0.427034854888916,-0.041088495403528214,0.004029853269457817,-0.06432103365659714,0.0071111456491053104,-0.015268591232597828,0.021221408620476723,0.11234062910079956,-0.24887415766716003,0.15713047981262207,0.1686955988407135,0.2672821879386902,-0.145529642701149,0.22517073154449463,-0.07756669819355011,0.2521930932998657,-0.03921648487448692,0.07159416377544403,0.08478080481290817,0.22397388517856598,0.02218913845717907,-0.047633133828639984,0.10954789817333221,-0.04698389768600464,0.22229526937007904,0.049002185463905334,-0.04017823189496994,-0.14340198040008545,0.054286982864141464,-0.0015501241432502866,-0.013488073833286762,0.14789313077926636,-0.4483250081539154,-0.023613573983311653,-0.1869020015001297,0.34489575028419495,-0.7676811814308167,0.129818394780159,-0.25228556990623474,0.2892475426197052,0.14993421733379364,0.13043491542339325,-0.1495058536529541,0.07467006146907806,0.020505676046013832,-0.3066961467266083,-0.15174278616905212,0.11483842134475708,0.4789098799228668,-0.12231532484292984,-0.5221025943756104,-0.3997589945793152,0.1636699140071869,0.1359519213438034,-0.461783766746521,0.628444492816925,-0.17431822419166565,-0.19364674389362335,0.13774427771568298,0.08724375814199448,-0.08144628256559372,0.0712084248661995,0.27153217792510986,-0.29802367091178894,0.0428989939391613,0.12713152170181274,-0.02924351766705513,0.02152438834309578,-2.833574797023175e-07,0.018488144502043724,-0.0003152313583996147,3.5638188933262427e-07,-7.032275561869028e-07,-2.534238410589751e-05,-0.00047031999565660954,-0.8526816368103027,0.15439952909946442,0.0007661274285055697,-0.007010291330516338,-0.020676737651228905,0.03031962923705578,-0.008177238516509533,-0.026301704347133636,-0.024006271734833717
318,-0.0008473196648992598,-0.004696924705058336,-0.01088388729840517,-0.01128349732607603,-0.014520199969410896,-0.011728840880095959,-0.008943493478000164,-0.0073923878371715546,-0.007593071553856134,-0.007705288473516703,-0.005765117239207029,-0.005162050016224384,-0.006962762214243412,-0.010065777227282524,-0.012783313170075417,-0.01562785916030407,-0.016872474923729897,-0.01585840806365013,-0.022276243194937706,-0.025448027998209,-0.03455760329961777,-0.044822677969932556,-0.029779082164168358,-0.03383810818195343,-0.0354577861726284,-0.02078421413898468,-0.026821617037057877,-0.019449418410658836,-0.02352811023592949,-0.027142217382788658,-0.05151334032416344,-0.04802114516496658,-0.038947805762290955,-0.023065993562340736,0.009144683368504047,0.08542685955762863,0.21645088493824005,0.2471213936805725,0.208456888794899,0.08144088834524155,0.01075669564306736,-0.04328304901719093,-0.05977538600564003,-0.050816889852285385,-0.044557835906744,-0.0056347111240029335,0.0029186957981437445,-0.004450509324669838,-0.02568686567246914,-0.03443903848528862,-0.06731436401605606,-0.0493374839425087,-0.047021422535181046,-0.04446353390812874,-0.05896434187889099,-0.02787320874631405,-0.04743346571922302,-0.03200111538171768,-0.040465548634529114,-0.04024758189916611,-0.005032030865550041,0.024355672299861908,0.12649723887443542,-0.03884018212556839,0.0376172810792923,0.08194849640130997,-0.08195992559194565,0.0021342213731259108,0.05988554283976555,-0.02395928092300892,-0.03567374125123024,0.10061918199062347,0.06006190925836563,0.1984529197216034,-0.00922736432403326,-0.013120085000991821,0.002048404887318611,-0.02253660187125206,-0.02188231609761715,0.035673610866069794,0.01925133541226387,-0.1248893290758133,-6.598065738216974e-07,0.06868571043014526,0.049677953124046326,-0.13772225379943848,0.13045768439769745,-0.057797253131866455,0.362947940826416,-0.09795273095369339,0.1504378765821457,0.12015438824892044,0.24796658754348755,-0.01798984408378601,-0.07781458646059036,0.11220712959766388,-0.07541273534297943,0.3023901581764221,0.007184803485870361,-0.005273862276226282,-0.17420969903469086,0.058428805321455,-0.03649593144655228,0.019557643681764603,0.16698041558265686,-0.49353206157684326,0.14079536497592926,-0.09407087415456772,-0.056103479117155075,0.0323379710316658,-0.018837055191397667,5.686276563210413e-05,-0.09049846976995468,0.10630233585834503,-0.22273392975330353,-0.27501097321510315,0.07612583786249161,0.004124374128878117,-0.21079608798027039,0.06909990310668945,0.042657770216464996,0.1382814347743988,-0.052259355783462524,-0.16536693274974823,-0.04970230534672737,0.035842493176460266,0.18223896622657776,-0.34407752752304077,0.4949837923049927,-0.1281706690788269,-0.10056429356336594,0.010340142995119095,0.09804996103048325,0.01586604304611683,0.1333102285861969,0.03944065794348717,-0.22288183867931366,-0.0062889112159609795,0.19094273447990417,-0.03416856750845909,0.04975832626223564,-9.844980297657457e-08,-0.013320138677954674,-0.00026286457432433963,-1.047246314556105e-06,-3.297778619071323e-07,-2.329700510017574e-05,-0.0003716008213814348,-0.23831231892108917,0.11202052235603333,-0.007501119747757912,-0.004195651039481163,0.07110035419464111,0.029314586892724037,-0.0026226418558508158,-0.042938463389873505,-0.007864839397370815
319,-0.0008637739229016006,-0.003500123042613268,-0.006903490982949734,-0.006496516987681389,-0.009313450194895267,-0.007287504617124796,-0.005458471365272999,-0.003955882973968983,-0.0013476188760250807,0.004736324772238731,0.012869752943515778,0.02206723392009735,0.0385504774749279,0.05184861645102501,0.045986078679561615,0.030057786032557487,0.01381100807338953,0.004363023675978184,0.003215987700968981,0.002468131948262453,-0.001020972733385861,-0.009679097682237625,-0.011825747787952423,-0.014094304293394089,-0.011463579721748829,-0.002529858611524105,0.0015987589722499251,0.004231034778058529,0.013861607760190964,0.04277424514293671,0.1609433889389038,0.2703946530818939,0.29460468888282776,0.2918417751789093,0.2679634690284729,0.26770588755607605,0.2193787842988968,0.09985140711069107,0.04537506029009819,0.0016384127084165812,-0.017788173630833626,-0.031878259032964706,-0.043294165283441544,-0.054728325456380844,-0.11280275136232376,-0.08141172677278519,-0.06701483577489853,-0.03502897918224335,0.009555863216519356,0.063066266477108,0.20165324211120605,0.19440247118473053,0.2500138282775879,0.1660800278186798,0.14686918258666992,0.047750700265169144,0.005674385465681553,-0.018123174086213112,-0.025089271366596222,-0.03859521821141243,-0.013192908838391304,-0.02088748663663864,-0.01577690616250038,-0.0016312546795234084,0.006454360671341419,0.020033856853842735,-0.022524947300553322,-0.0029986680019646883,-0.03581900894641876,-0.011960772797465324,-0.0036262618377804756,0.03404783457517624,0.039382997900247574,0.19947785139083862,0.006541466806083918,0.002122183796018362,-0.03340132534503937,0.017073996365070343,-0.04771027714014053,-0.0011882184771820903,0.07490316778421402,-0.04655614122748375,-0.023986369371414185,0.016210729256272316,-0.13379651308059692,0.5020754933357239,-0.3326719403266907,0.09980059415102005,-0.16799825429916382,0.05051850900053978,0.0009623446385376155,-0.05314052850008011,-0.196241557598114,-0.02287006564438343,0.012558186426758766,-0.002058051060885191,-0.012106940150260925,-0.02833101712167263,-0.045675043016672134,-0.009556842967867851,-0.02044585347175598,-0.06546007096767426,-0.033117614686489105,0.3713734447956085,-0.1864900141954422,-1.3564077615737915,1.218166708946228,-0.428321897983551,0.1240018755197525,-0.8724862337112427,0.4421449601650238,-0.3242119252681732,0.14289884269237518,-0.0457022488117218,-0.06134113669395447,-0.06376682221889496,0.05543345957994461,-0.09219912439584732,-0.017344534397125244,0.010766909457743168,0.03367546573281288,-0.03172210976481438,0.1882953941822052,0.7202066779136658,0.11551951617002487,-0.1908010095357895,-0.8413373231887817,2.0953075885772705,-1.7391597032546997,0.4552023112773895,0.13175459206104279,0.06643878668546677,0.15548990666866302,-0.29084399342536926,0.007949761115014553,0.0815529152750969,0.20731425285339355,-0.35348865389823914,0.0657382681965828,0.1510055661201477,-0.03502273932099342,1.4378595381003834e-07,-0.020507793873548508,-0.00020375533495098352,-2.638417527123238e-06,4.6072563009147416e-07,-2.0721614419016987e-05,-0.00035080104134976864,-3.4401140213012695,0.23941531777381897,0.03908606618642807,-0.004799353890120983,0.0025799525901675224,0.026197271421551704,0.036901433020830154,0.0438842810690403,0.03435729444026947
320,0.0013879125472158194,0.0033483358565717936,0.003869902342557907,-0.000381369172828272,-0.005588254425674677,-0.007054328918457031,-0.006121947430074215,-0.00549163157120347,-0.006217934191226959,-0.005631686188280582,-0.004560026805847883,-0.004373658914119005,-0.005730433855205774,-0.007620026357471943,-0.009996025823056698,-0.011652903631329536,-0.012944808229804039,-0.011413748376071453,-0.01665559783577919,-0.020720181986689568,-0.028102969750761986,-0.036946266889572144,-0.023494772613048553,-0.02751713991165161,-0.028965407982468605,-0.015997810289263725,-0.021565750241279602,-0.014431023970246315,-0.019977085292339325,-0.02205459214746952,-0.03918341174721718,-0.03672710061073303,-0.030496589839458466,-0.01756049133837223,0.0026079644449055195,0.0553472526371479,0.15028207004070282,0.2117391675710678,0.1977788805961609,0.10433977842330933,0.06039200350642204,0.028913438320159912,0.0004952243180014193,-0.019400587305426598,-0.06998226046562195,-0.07070297002792358,-0.0768747627735138,-0.0601264052093029,-0.06617658585309982,-0.04435327276587486,-0.06430593878030777,-0.04368714988231659,-0.037224411964416504,-0.03396033123135567,-0.04479457810521126,-0.024316849187016487,-0.04012333229184151,-0.02816525660455227,-0.03873118758201599,-0.04965253546833992,-0.026271425187587738,-0.032995786517858505,-0.050346359610557556,-0.0038316536229103804,-0.0038333781994879246,0.04245208948850632,-0.07698025554418564,0.05922422558069229,0.4982457458972931,-0.024825647473335266,-0.03688543289899826,0.04825209826231003,0.045590560883283615,0.43713292479515076,-0.05631617456674576,-0.006494749803096056,-0.0637241080403328,-0.01620793156325817,-0.018067872151732445,0.02713455632328987,0.21614640951156616,-0.29214581847190857,0.24421492218971252,0.18654224276542664,0.26216644048690796,-0.0852523148059845,0.15212799608707428,-0.04636649042367935,0.17835021018981934,-0.035787880420684814,0.07885177433490753,0.07168087363243103,0.2207922637462616,0.02736324816942215,-0.04337339103221893,0.10660449415445328,-0.03951646760106087,0.2093011438846588,0.05048108845949173,-0.04237792268395424,-0.14047105610370636,0.049794141203165054,-0.006373400799930096,-0.05752353370189667,0.052020635455846786,-0.28917446732521057,-0.015140900388360023,-0.13499099016189575,0.339883029460907,-0.9957415461540222,0.04996459558606148,-0.27997952699661255,0.3077041208744049,0.030822504311800003,0.1084686666727066,-0.2342885583639145,0.13240064680576324,0.03086722642183304,-0.5030642747879028,-0.34995830059051514,0.13554944097995758,0.6665739417076111,-0.12201295793056488,-0.5365097522735596,-0.3298546075820923,0.1649077981710434,0.11928652971982956,-0.3276348412036896,0.4808771312236786,-0.12735126912593842,-0.14935411512851715,0.10594350844621658,0.0613783560693264,-0.0798017606139183,0.08603335916996002,0.20150895416736603,-0.20844218134880066,0.011127553880214691,0.11543221026659012,-0.03206339478492737,0.025929143652319908,-2.673959329513309e-07,0.027305755764245987,-0.0002073584619211033,1.0236095704385662e-06,-5.699404255210538e-07,-1.9483160940581e-05,-0.0004489124985411763,-0.5821583271026611,0.15605245530605316,0.00018691094010137022,-0.006341264583170414,-0.022306393831968307,0.027470942586660385,-0.007722167763859034,-0.035664476454257965,-0.01604783721268177
321,-0.0012367651797831059,-0.00466499337926507,-0.010449668392539024,-0.01131280604749918,-0.014246022328734398,-0.011226390488445759,-0.008397447876632214,-0.006817963439971209,-0.0072077540680766106,-0.007134007290005684,-0.005579609423875809,-0.00525642791762948,-0.006644417066127062,-0.009261546656489372,-0.011962894350290298,-0.013865718618035316,-0.015328054316341877,-0.01422886736690998,-0.021412914618849754,-0.024161089211702347,-0.031841203570365906,-0.04205286502838135,-0.02673143707215786,-0.03120281733572483,-0.03396283835172653,-0.018870556727051735,-0.023503964766860008,-0.015216616913676262,-0.01147179864346981,0.004162163473665714,0.0569133497774601,0.0962066724896431,0.11984510719776154,0.11063318699598312,0.10366153717041016,0.11929970979690552,0.11708107590675354,0.07986361533403397,0.04614707827568054,0.010859698057174683,-0.011843102052807808,-0.03145952522754669,-0.04779510200023651,-0.06743329763412476,-0.14157657325267792,-0.10149142891168594,-0.09626247733831406,-0.0715675950050354,-0.07287070155143738,-0.04913213476538658,-0.07351675629615784,-0.04714924842119217,-0.043386463075876236,-0.042908478528261185,-0.05559663474559784,-0.029761044308543205,-0.05000585690140724,-0.03292568027973175,-0.04544495791196823,-0.0619349330663681,-0.02051575295627117,-0.02534201554954052,-0.025061430409550667,-0.009370974265038967,0.02416221797466278,0.08809615671634674,-0.09988638013601303,0.031249089166522026,0.21996687352657318,-0.00038155942456796765,-0.07363622635602951,0.010204765014350414,0.047064248472452164,0.22337649762630463,-0.017408082261681557,-0.020164303481578827,-0.01693059876561165,-0.006993698421865702,-0.034413423389196396,-0.01392382849007845,-0.011491989716887474,-0.17117680609226227,0.05998174101114273,0.14861252903938293,0.1610948145389557,-0.14864572882652283,0.20093093812465668,-0.054440055042505264,0.26710009574890137,-0.08063924312591553,0.050364699214696884,0.07497155666351318,0.20501898229122162,-0.026551149785518646,-0.03402997553348541,0.1199234127998352,-0.06651783734560013,0.24558044970035553,0.021112268790602684,-0.02877390943467617,-0.13484816253185272,0.045281872153282166,-0.016493676230311394,0.05521223321557045,0.13820625841617584,-0.40962937474250793,0.017993375658988953,-0.2707623541355133,0.15080611407756805,-0.438650518655777,0.07164084911346436,-0.14054642617702484,0.10963774472475052,0.06921765953302383,-0.04001716151833534,-0.05086716637015343,-0.05322794243693352,0.08871977031230927,-0.2174234241247177,0.03767738491296768,0.054259106516838074,0.21789565682411194,-0.06003735587000847,-0.1860979050397873,-0.05978047102689743,0.005263127386569977,0.1362839788198471,-0.29843392968177795,0.5048799514770508,-0.16007323563098907,-0.14291122555732727,-0.0013767459895461798,0.153532937169075,-0.07687122374773026,0.08795630931854248,0.05218881741166115,-0.031774915754795074,-0.2616119086742401,-0.16162431240081787,0.06019957363605499,0.050693947821855545,-1.1040991410027345e-07,0.003524854313582182,-0.00043402626761235297,-2.104314262396656e-06,-2.5190368546645914e-07,-2.6914261979982257e-05,-0.0006576290470547974,-0.29316794872283936,0.12232192605733871,0.015553909353911877,-0.0018256902694702148,0.053878892213106155,0.036127280443906784,-0.005023313220590353,-0.01515085157006979,0.004913013894110918
322,-0.0010306762997061014,-0.004418964497745037,-0.009462933987379074,-0.010324917733669281,-0.013145995326340199,-0.010704388841986656,-0.008329746313393116,-0.0067282323725521564,-0.006863645743578672,-0.007047485560178757,-0.005604103207588196,-0.005359636154025793,-0.006654798518866301,-0.009240291081368923,-0.012057912535965443,-0.014190216548740864,-0.015529483556747437,-0.01430669054389,-0.021805651485919952,-0.02420267090201378,-0.03213720768690109,-0.04177451878786087,-0.0262417271733284,-0.03106926940381527,-0.03430480137467384,-0.01858898065984249,-0.023028718307614326,-0.014013700187206268,-0.0077841877937316895,0.01052938960492611,0.06636334210634232,0.09524518996477127,0.11224543303251266,0.10023493319749832,0.09853234142065048,0.1175292581319809,0.12639537453651428,0.08789747953414917,0.04996310546994209,0.006425549741834402,-0.018572280183434486,-0.039067789912223816,-0.050487205386161804,-0.06697360426187515,-0.14152656495571136,-0.10021942108869553,-0.09562124311923981,-0.07157832384109497,-0.072025366127491,-0.04875097796320915,-0.07341191172599792,-0.04624076187610626,-0.04347078129649162,-0.04304487630724907,-0.05787700042128563,-0.027490483596920967,-0.0478227436542511,-0.03224531188607216,-0.04472370073199272,-0.06021500006318092,-0.015007765963673592,-0.01609651744365692,0.0030309606809169054,-0.02322833426296711,0.03309238702058792,0.09043991565704346,-0.10667473077774048,0.003646315773949027,0.13943171501159668,-0.034492284059524536,-0.08366095274686813,-0.025848427787423134,0.04860241711139679,0.19004598259925842,-0.03478046506643295,-0.030946573242545128,-0.030819831416010857,0.003999653272330761,-0.027948038652539253,-0.02812815085053444,-0.02108718827366829,-0.14468298852443695,0.051072727888822556,0.14194747805595398,0.14653067290782928,-0.11709320545196533,0.21155673265457153,-0.04644593223929405,0.27894556522369385,-0.0821763426065445,0.06551352143287659,0.09411929547786713,0.2025747448205948,-0.04230048879981041,-0.014990520663559437,0.1418192982673645,-0.053814880549907684,0.2373691201210022,0.017570719122886658,-0.02894810028374195,-0.14320488274097443,0.039943329989910126,-0.045792728662490845,0.024941379204392433,0.07149366289377213,-0.3513467013835907,0.06864841282367706,-0.19648845493793488,0.05032055824995041,-0.27566608786582947,0.11084801703691483,-0.17316947877407074,0.025832977145910263,0.049216628074645996,-0.06429622322320938,-0.09112801402807236,-0.012581979855895042,0.04471123591065407,-0.20874767005443573,0.03119385614991188,0.04331568628549576,0.18583081662654877,-0.028694171458482742,-0.12652499973773956,-0.02495850808918476,0.014391767792403698,0.15042264759540558,-0.2791557013988495,0.5131142735481262,-0.13581502437591553,-0.13208499550819397,-0.010254438035190105,0.15968014299869537,-0.04496146738529205,0.10314854979515076,-0.1290913224220276,0.1710161417722702,-0.23378294706344604,-0.5390199422836304,0.18359941244125366,-0.06901653110980988,-1.7263701579395274e-08,0.0009209318086504936,-0.0002965416933875531,-1.5318628356908448e-06,7.803498647263041e-08,-2.683445200091228e-05,-0.0004812025581486523,0.07804024964570999,0.1387474089860916,0.034127313643693924,-0.0003791402268689126,0.05189730226993561,0.034562643617391586,0.0062937382608652115,0.04991418868303299,0.06553813815116882
323,-0.0009158590110018849,-0.004100053105503321,-0.007341180928051472,-0.004429278429597616,0.0011192888487130404,0.007067744620144367,0.007860448211431503,0.005613664165139198,0.001555639086291194,-0.003072446910664439,-0.004425000865012407,-0.004843372385948896,-0.0065966458059847355,-0.009518899954855442,-0.012165001593530178,-0.014592594467103481,-0.015877246856689453,-0.014322704635560513,-0.021638628095388412,-0.02480785921216011,-0.03325974941253662,-0.043353088200092316,-0.027806468307971954,-0.032068632543087006,-0.03423110395669937,-0.018997905775904655,-0.024484241381287575,-0.016860216856002808,-0.019807852804660797,-0.016902713105082512,-0.005457744933664799,0.0315646268427372,0.07150895893573761,0.09811072796583176,0.10380907356739044,0.11045629531145096,0.0924515426158905,0.054265864193439484,0.0395478829741478,0.029726432636380196,0.025429319590330124,0.010898941196501255,-0.019625289365649223,-0.051866281777620316,-0.13098804652690887,-0.10408098995685577,-0.09471960365772247,-0.0721372663974762,-0.06611823290586472,-0.04041542857885361,-0.046826690435409546,-0.025568338111042976,-0.025299735367298126,-0.02805780991911888,-0.04665447399020195,-0.024153221398591995,-0.046199116855859756,-0.029321352019906044,-0.0434669591486454,-0.05970621854066849,-0.01809053122997284,-0.02779121696949005,-0.02715572714805603,-0.01132329273968935,0.002496187575161457,0.039019517600536346,-0.11691927909851074,0.01941542886197567,0.12161208689212799,-0.057036519050598145,-0.061948880553245544,0.030324265360832214,0.11544733494520187,0.27493393421173096,-0.010789346881210804,-0.019268333911895752,-0.03396941348910332,0.044076841324567795,0.001442735199816525,0.008968541398644447,0.004221171140670776,-0.124156653881073,0.018121564760804176,0.07927227020263672,0.1306266486644745,-0.16668562591075897,0.21825700998306274,-0.08708247542381287,0.33656978607177734,-0.03585080802440643,0.06698383390903473,0.10861923545598984,0.202267125248909,-0.01437551248818636,-0.04865136742591858,0.1288522332906723,-0.02866481989622116,0.25119733810424805,0.037054393440485,-0.024906910955905914,-0.1733982115983963,0.06859081238508224,-0.004145874176174402,-0.0075700595043599606,0.05498724803328514,-0.24191182851791382,0.10056804120540619,-0.2514569163322449,0.16669481992721558,-0.33675867319107056,0.2763209939002991,-0.19831916689872742,-0.007581701036542654,0.1988767832517624,-0.2647220194339752,-0.3253081440925598,0.19900546967983246,-0.23408111929893494,0.1345607489347458,0.1462072730064392,0.027221111580729485,0.04775983840227127,-0.0551782101392746,-0.17445509135723114,-0.07812841236591339,0.13450707495212555,0.35048580169677734,-0.4735855460166931,0.6995513439178467,-0.1826298087835312,-0.3303050398826599,0.07018124312162399,0.15747767686843872,-0.15307675302028656,-0.004346279427409172,0.2619599401950836,-0.18313220143318176,-0.13876163959503174,0.09034851938486099,0.0863569974899292,0.041863974183797836,-1.6511835099208838e-07,0.014106104150414467,-0.00039174145786091685,-9.148380968326819e-07,-3.231202754250262e-07,-2.3085262000677176e-05,-0.0006818979163654149,-0.6909199953079224,0.15387777984142303,0.017794543877243996,-0.004426547791808844,-0.014775668270885944,0.0337868332862854,0.00199176836758852,-0.0006041128071956336,0.0011364624369889498
324,-0.0009359149844385684,-0.0025829607620835304,-0.0010276290122419596,0.006853291764855385,0.020224299281835556,0.02389547787606716,0.01896294206380844,0.012872141785919666,0.005418926011770964,-0.001165742170996964,-0.003210908267647028,-0.0039971997030079365,-0.005496891215443611,-0.0075902631506323814,-0.00962897390127182,-0.011631433852016926,-0.013035852462053299,-0.010768942534923553,-0.01616385579109192,-0.021658869460225105,-0.028605470433831215,-0.03693963214755058,-0.024642139673233032,-0.028406742960214615,-0.0294033233076334,-0.015328766778111458,-0.021307196468114853,-0.012924346141517162,-0.018419813364744186,-0.019993139430880547,-0.029092030599713326,-0.011031716130673885,0.020247863605618477,0.057026226073503494,0.09716791659593582,0.16275769472122192,0.19030743837356567,0.12702584266662598,0.04184111952781677,-0.006601223722100258,-0.029133714735507965,-0.045850832015275955,-0.060368459671735764,-0.07628970593214035,-0.1347486674785614,-0.09329181909561157,-0.07765261083841324,-0.04735603928565979,-0.02684594877064228,0.002641101134940982,0.024825772270560265,0.01977972686290741,0.0017842428060248494,-0.00986192561686039,-0.030939524993300438,-0.020585857331752777,-0.03769681230187416,-0.02206844836473465,-0.03763553872704506,-0.04744092747569084,-0.02017214149236679,-0.03392466530203819,-0.05371728166937828,-0.013903764076530933,-0.012843457981944084,-0.0259715486317873,-0.0010804067132994533,0.026017623022198677,0.22175930440425873,-0.21212495863437653,-0.047749027609825134,-0.030227575451135635,0.08966997265815735,0.7145583629608154,0.0023507445584982634,-0.010155844502151012,-0.03324146941304207,-0.031376294791698456,-0.004102403298020363,0.07982989400625229,0.30013909935951233,-0.19422540068626404,0.140096977353096,0.13618019223213196,0.15686394274234772,-0.09564337134361267,0.11565490812063217,-0.05848447605967522,0.1950410157442093,-0.019112715497612953,0.06117701157927513,0.08748544007539749,0.22524185478687286,0.03263508901000023,-0.05746502801775932,0.0799560472369194,-0.010369314812123775,0.1609334498643875,0.06011486425995827,-0.011285382322967052,-0.12682320177555084,0.07791173458099365,0.014897368848323822,-0.05320838466286659,0.020497174933552742,-0.14877904951572418,0.0029000979848206043,-0.25617730617523193,0.472785621881485,-0.9208346605300903,0.8133233785629272,-0.6225207448005676,0.3154055178165436,0.08266036957502365,0.13842445611953735,-0.17251689732074738,0.24144922196865082,-0.37694427371025085,0.219148188829422,0.018586302176117897,0.10554461926221848,0.22056928277015686,-0.10305649787187576,-0.4823656678199768,-0.6253789067268372,0.3136664032936096,-0.06367207318544388,-0.8051727414131165,0.85118567943573,-0.1948452740907669,-0.29891613125801086,0.24398690462112427,0.1517147272825241,-0.14225022494792938,0.07371930032968521,0.3373890519142151,-0.391127347946167,0.07132289558649063,0.13641156256198883,-0.09721124917268753,0.03440426290035248,-3.977995959303371e-07,0.017414405941963196,-0.00024025302263908088,5.505364129021473e-07,-6.435067803067795e-07,-2.1339268641895615e-05,-0.0004403411003295332,-1.3168940544128418,0.1968565732240677,0.00966274831444025,-0.008316824212670326,-0.013899967074394226,0.010293089784681797,0.005130399484187365,0.020317012444138527,-0.01585828885436058
325,-0.001072990708053112,-0.0033944593742489815,-0.008875344879925251,-0.01161041110754013,-0.01305810920894146,-0.010853216983377934,-0.007184907793998718,-0.005901305936276913,-0.006611171644181013,-0.006048355717211962,-0.0051006292924284935,-0.00460329744964838,-0.006003429181873798,-0.007684031035751104,-0.010221532545983791,-0.011615930125117302,-0.0128468694165349,-0.01114634145051241,-0.01737297885119915,-0.02054472267627716,-0.02829846739768982,-0.037277914583683014,-0.02459130436182022,-0.027727065607905388,-0.02972806990146637,-0.017164763063192368,-0.022176846861839294,-0.013099819421768188,-0.011376599781215191,0.005151707679033279,0.062216632068157196,0.12511207163333893,0.16019466519355774,0.14408574998378754,0.1291239708662033,0.1350410133600235,0.0795774757862091,0.008659902028739452,-0.031614288687705994,-0.04121888801455498,-0.050659261643886566,-0.07206526398658752,-0.07385990768671036,-0.08847564458847046,-0.13976068794727325,-0.09536586701869965,-0.09303206205368042,-0.06655465066432953,-0.06432487070560455,-0.04320630431175232,-0.062347739934921265,-0.04694265127182007,-0.03379607945680618,-0.03658119961619377,-0.04281682148575783,-0.025792669504880905,-0.0399867407977581,-0.034892842173576355,-0.04185568541288376,-0.05253039300441742,-0.03079390525817871,-0.0302269384264946,-0.056534864008426666,0.006491531617939472,-0.019784867763519287,-0.01223785150796175,-0.002397410338744521,0.012488114647567272,0.39479494094848633,0.005632011219859123,-0.21814821660518646,-0.04341280832886696,-0.028046786785125732,0.4479456841945648,-0.012512942776083946,-0.03852115944027901,-0.019732577726244926,-0.028988514095544815,-0.028295772150158882,0.1443495899438858,0.5376425981521606,-0.14318004250526428,0.4660234749317169,0.3552640378475189,0.30029934644699097,-0.07289344817399979,0.1020646020770073,-0.0011187595082446933,0.13730350136756897,-0.04721720889210701,0.07491490244865417,0.07966824620962143,0.2323468178510666,-0.017712673172354698,-0.02589784376323223,0.08750332146883011,-0.0835663229227066,0.24508433043956757,0.04825320839881897,-0.03827844187617302,-0.15413907170295715,0.04250328242778778,-0.001384291215799749,0.01178689580410719,0.42524102330207825,-0.814886212348938,-0.38095423579216003,-0.3225906491279602,0.09280465543270111,-1.0510026216506958,-0.013928120024502277,-0.05360085144639015,0.40612664818763733,-0.004191813990473747,-0.0815545842051506,0.12771840393543243,-0.3307541608810425,1.530231237411499,-1.133421540260315,-0.6190894842147827,0.25398075580596924,0.5497807264328003,-0.06577382981777191,-0.2572709321975708,-0.11565466970205307,0.027410391718149185,0.08037234842777252,-0.22515128552913666,0.37828975915908813,-0.1817106306552887,-0.11510561406612396,0.10810866951942444,0.12553393840789795,-0.06362947076559067,0.0782150998711586,0.280212938785553,-0.2931298017501831,0.07074741274118423,0.1565784513950348,-0.0020538943354040384,0.04072083532810211,-5.089672754365893e-07,0.021084560081362724,-0.00019557766790967435,8.848116976878373e-07,-1.1560127859411296e-06,-1.2007541045022663e-05,-0.000352504663169384,-0.23344281315803528,0.1433001607656479,-0.016140928491950035,-0.007795980200171471,0.05316387489438057,0.03363606706261635,-0.012226483784615993,-0.03695402294397354,-0.0423787422478199
326,0.004027278162539005,0.011229272000491619,0.016502875834703445,0.010043572634458542,0.0017306383233517408,-0.004155865870416164,-0.005257702432572842,-0.0053005036897957325,-0.006114295683801174,-0.005564759951084852,-0.004392064176499844,-0.004173958208411932,-0.005523745436221361,-0.007418519351631403,-0.009642649441957474,-0.011340049095451832,-0.012761577032506466,-0.010923918336629868,-0.01595238782465458,-0.020225079730153084,-0.02753799967467785,-0.035870522260665894,-0.022898798808455467,-0.027143916115164757,-0.02843594364821911,-0.015436748042702675,-0.020965516567230225,-0.013584014028310776,-0.018494460731744766,-0.018254920840263367,-0.02057378552854061,0.003620808944106102,0.0395638607442379,0.07193224877119064,0.09636235237121582,0.1526067852973938,0.15738707780838013,0.1017126739025116,0.04046021029353142,0.005664743483066559,0.00042390942689962685,0.007482190150767565,0.011310860514640808,0.004712181631475687,-0.03612833842635155,-0.05549302324652672,-0.06783118098974228,-0.05632897838950157,-0.06461775302886963,-0.04345512390136719,-0.06321397423744202,-0.044238653033971786,-0.036150284111499786,-0.032120462507009506,-0.044728830456733704,-0.02245865762233734,-0.03789249435067177,-0.02555299736559391,-0.03714270889759064,-0.04760065674781799,-0.02643609046936035,-0.032951850444078445,-0.053204555064439774,-0.00654487032443285,-0.011726967059075832,0.005731676705181599,-0.03700094297528267,0.049293048679828644,0.29124730825424194,-0.06004824489355087,0.005949313286691904,0.05445592477917671,0.06738029420375824,0.5568195581436157,-0.02759958617389202,0.013991987332701683,-0.09835401922464371,0.028514910489320755,-0.011157510802149773,0.03227213770151138,0.2149035483598709,-0.18566220998764038,0.19634555280208588,0.20327511429786682,0.3093602955341339,-0.09519778937101364,0.17419660091400146,-0.06260039657354355,0.18338672816753387,-0.022336062043905258,0.08149607479572296,0.07686503231525421,0.22859744727611542,0.04440714791417122,-0.047043703496456146,0.11281349509954453,-0.030981630086898804,0.19842147827148438,0.05166207626461983,-0.04506466165184975,-0.12957148253917694,0.045065656304359436,-0.008978824131190777,-0.03802422434091568,0.05597974732518196,-0.23534631729125977,0.04986591264605522,-0.14088423550128937,0.4484713673591614,-1.1302988529205322,0.30616459250450134,-0.5215398073196411,0.39787009358406067,-0.042109593749046326,0.2003326714038849,-0.2836911976337433,0.22073796391487122,-0.13317346572875977,-0.359218567609787,-0.44255301356315613,0.2013007402420044,0.8226931095123291,-0.22911107540130615,-0.597724437713623,-0.5077565908432007,0.24951086938381195,0.15925686061382294,-0.4236917495727539,0.5190629363059998,-0.10452422499656677,-0.15850041806697845,0.1147686094045639,0.07569437474012375,-0.1046079695224762,0.0844167098402977,0.2559276521205902,-0.27443525195121765,0.033748019486665726,0.12492635101079941,-0.04000161215662956,0.01287976186722517,-2.9117413191670494e-07,0.021815316751599312,-0.00027887619216926396,6.201742621669837e-07,-6.639409093622817e-07,-2.3840910216677003e-05,-0.000474895176012069,-0.9852692484855652,0.18382954597473145,0.007755152881145477,-0.008203315548598766,-0.021920569241046906,0.027239905670285225,-0.002561793429777026,0.05667688325047493,-0.015997108072042465
327,-0.001048688543960452,-0.0029994624201208353,-0.004290368873625994,-0.0011403083335608244,0.004281480796635151,0.0070670903660357,0.005437996704131365,0.0023238062858581543,-0.0013472306309267879,-0.004307578783482313,-0.00451693357899785,-0.004528026562184095,-0.005733482539653778,-0.007927386090159416,-0.01054549589753151,-0.012007085606455803,-0.013472722843289375,-0.011715044267475605,-0.018664460629224777,-0.02076786383986473,-0.028552915900945663,-0.03717660531401634,-0.022368786856532097,-0.026672206819057465,-0.027159035205841064,-0.009642714634537697,0.002669054316356778,0.021008528769016266,0.06366055458784103,0.10182280838489532,0.17987626791000366,0.1219978779554367,0.08347510546445847,0.050789039582014084,0.04814038798213005,0.04482148960232735,0.019244011491537094,-0.024090422317385674,-0.05678127333521843,-0.058322351425886154,-0.06358403712511063,-0.07965324074029922,-0.0760064423084259,-0.08434481918811798,-0.14822770655155182,-0.09252648055553436,-0.07905876636505127,-0.0512332022190094,-0.04458354040980339,-0.023413343355059624,-0.034160371869802475,-0.025138309225440025,-0.026035422459244728,-0.03361978754401207,-0.04794294759631157,-0.02552485093474388,-0.04208998754620552,-0.024904171004891396,-0.039289407432079315,-0.05819954723119736,-0.018605045974254608,-0.030911529436707497,-0.05105508491396904,0.002036257181316614,-0.01304464228451252,0.025964030995965004,-0.056523725390434265,0.038748402148485184,0.32277098298072815,-0.06382899731397629,-0.17829039692878723,-0.08404810726642609,0.04113543778657913,0.23048615455627441,-0.06152736023068428,-0.052261270582675934,-0.056518930941820145,0.06461445987224579,-0.02953130379319191,-0.04038561135530472,0.02347734570503235,-0.21288073062896729,0.10752743482589722,0.23843879997730255,0.18601293861865997,-0.0850849524140358,0.3315353989601135,-0.007321433164179325,0.2878686487674713,-0.04453372210264206,0.052550870925188065,0.0652487576007843,0.17554263770580292,-0.01733756996691227,-0.017485523596405983,0.09981177747249603,-0.03560901805758476,0.023600377142429352,-0.07278497517108917,0.0025659396778792143,0.13300196826457977,0.01455747988075018,-0.060509491711854935,0.19944575428962708,0.360755980014801,-0.6967571973800659,0.10872410237789154,-0.2407023161649704,0.25346991419792175,-0.4019181728363037,0.033756326884031296,-0.32208943367004395,0.24407584965229034,0.21011003851890564,-0.11188507825136185,-0.1425924003124237,-0.02355528250336647,0.014226350001990795,-0.1522582769393921,0.0186292827129364,0.1485704779624939,0.24714285135269165,0.0038533881306648254,-0.4423829913139343,-0.21154405176639557,0.10024358332157135,0.17893069982528687,-0.6036202311515808,0.8691239356994629,-0.18705251812934875,-0.2823551595211029,-0.0052889566868543625,0.2597503066062927,-0.03975076228380203,0.09397140145301819,-0.1860252022743225,0.1170034408569336,-0.3681851029396057,-0.9216049313545227,0.484566330909729,0.17327922582626343,-1.2239914326528378e-07,0.0044983853586018085,-0.00027997218421660364,-6.232487521629082e-07,-1.5420805254962033e-07,-2.184822005801834e-05,-0.0004889596602879465,0.07880984991788864,0.195429265499115,0.03271069377660751,-0.0022576292976737022,-0.013901771977543831,0.03151233494281769,0.004471663385629654,0.04168025031685829,0.06360083073377609
328,0.0006628588307648897,0.0035306874196976423,0.006746767088770866,0.006480772513896227,0.0018489236244931817,-0.004020335618406534,-0.006657326593995094,-0.008189610205590725,-0.008313342928886414,-0.00930820219218731,-0.007508606184273958,-0.0058151474222540855,-0.006128403823822737,-0.005497455131262541,0.0003004047612193972,0.008813275024294853,0.015557505190372467,0.011661846190690994,0.012692375108599663,0.017411675304174423,0.028655339032411575,0.0534067377448082,0.05077469348907471,0.05640527978539467,0.04488259181380272,0.01682441495358944,0.018042923882603645,0.010251311585307121,0.01450390089303255,0.01684955693781376,0.029024343937635422,0.026434440165758133,0.028206365182995796,0.03338615596294403,0.040597669780254364,0.042057573795318604,0.02240763232111931,-0.01448032632470131,-0.038806043565273285,-0.04029116407036781,-0.043205682188272476,-0.045741863548755646,-0.043894264847040176,-0.03099205531179905,-0.028414754197001457,0.0013392536202445626,0.030191073194146156,0.037803951650857925,0.042927347123622894,0.03917837515473366,0.059487950056791306,0.03341894969344139,0.016318416222929955,0.012901999056339264,0.01385653205215931,0.00224155536852777,0.008247281424701214,-4.6396620746236295e-05,6.10377755947411e-05,0.008378779515624046,-0.008021916262805462,0.008106093853712082,0.024244068190455437,-0.02147839590907097,4.1414219595026225e-05,-0.00023366378445643932,0.014477429911494255,-0.0013705542078241706,-0.056519605219364166,0.0037309250328689814,-0.004512353800237179,-0.01538485661149025,-0.005744562949985266,-0.021020695567131042,0.007801057770848274,-0.018039627000689507,-0.08966931700706482,-0.004601266700774431,0.032204363495111465,-0.08599400520324707,-0.08168710768222809,0.00992658268660307,-0.07075873017311096,-0.1390470713376999,-0.12309569120407104,0.034447506070137024,-0.04863259568810463,0.0012160243932157755,-0.12018410861492157,-0.03797993063926697,-0.06260062009096146,-0.03665251284837723,-0.08856281638145447,-0.046451862901449203,0.00377242686226964,-0.07743711769580841,0.038416847586631775,-0.254284530878067,-0.15142035484313965,-0.025600483641028404,-0.1298222839832306,0.11431129276752472,0.037794895470142365,-0.08651282638311386,-0.010131441988050938,0.34609702229499817,-0.18728916347026825,0.11865431815385818,-0.07337283343076706,0.38717779517173767,-0.3957382142543793,0.18278256058692932,-0.2761230170726776,0.04072318598628044,0.2648124396800995,0.11852435767650604,-0.15895730257034302,0.5228123664855957,-0.42143967747688293,0.10743749886751175,0.01601547934114933,0.18872326612472534,0.050204381346702576,-0.2212054431438446,-0.058973390609025955,0.0015356423100456595,0.1451328843832016,-0.3971896171569824,0.5107427835464478,-0.10957787930965424,-0.07427720725536346,-0.09236057102680206,0.1863994002342224,-0.44194069504737854,0.22579538822174072,0.455035537481308,-0.3444903790950775,0.22697915136814117,0.040936052799224854,0.10615572333335876,0.047369081526994705,-7.306001634788117e-07,-0.028859810903668404,-0.0003834020171780139,-2.2496342353406362e-06,-7.864756526032579e-07,-2.4298915377585217e-05,-0.00044104183325544,0.5546954274177551,-0.12819664180278778,-0.13796626031398773,-0.00765828974545002,-0.026340533047914505,-0.18219394981861115,-0.14674776792526245,-0.11682228744029999,-0.16043458878993988
329,-0.0009475878905504942,-0.002898244420066476,-0.003660338930785656,-0.00041059081559069455,0.005208782386034727,0.007255143951624632,0.004593435674905777,0.00134866195730865,-0.002074143383651972,-0.0042294724844396114,-0.00445755897089839,-0.004413539543747902,-0.005915818270295858,-0.007663698401302099,-0.010140263475477695,-0.012024443596601486,-0.013006927445530891,-0.011290999129414558,-0.01690804585814476,-0.02124185301363468,-0.028501024469733238,-0.03779088705778122,-0.02436194010078907,-0.027736229822039604,-0.029534466564655304,-0.01636163517832756,-0.022049231454730034,-0.013866875320672989,-0.019601859152317047,-0.020989814773201942,-0.0300484336912632,-0.012176747433841228,0.020421594381332397,0.05755815654993057,0.09515315294265747,0.18927261233329773,0.22374296188354492,0.16592645645141602,0.07650255411863327,0.011472438462078571,-0.022409161552786827,-0.0507391095161438,-0.06607387959957123,-0.08373391628265381,-0.13736960291862488,-0.0995907261967659,-0.08528651297092438,-0.054359082132577896,-0.04513822868466377,-0.024907903745770454,-0.03583342209458351,-0.028435366228222847,-0.02913752757012844,-0.02956804819405079,-0.04188106954097748,-0.023803453892469406,-0.03957159444689751,-0.029201798141002655,-0.04024376720190048,-0.049347538501024246,-0.027154019102454185,-0.03271419182419777,-0.054893363267183304,-0.0014283702475950122,-0.01809128187596798,-0.023344634100794792,0.0010808536317199469,0.015090642496943474,0.2604411542415619,-0.03751707822084427,0.005341177806258202,0.10810068994760513,0.11659260839223862,0.7234150767326355,0.0157538503408432,-0.004591303411871195,-0.04952347278594971,-0.02618199586868286,0.005716904532164335,0.11551119387149811,0.2747412621974945,-0.3013514280319214,0.2701982855796814,0.2187560796737671,0.29320937395095825,-0.10755141079425812,0.12419560551643372,-0.04161299765110016,0.1706809103488922,-0.03134309872984886,0.07103131711483002,0.08515902608633041,0.21766406297683716,0.027723904699087143,-0.04510049521923065,0.10081739723682404,-0.03896433487534523,0.22258040308952332,0.05885990336537361,-0.04340411722660065,-0.14510877430438995,0.05209101736545563,-0.008828386664390564,-0.07011435925960541,-0.023413609713315964,-0.10272974520921707,-0.13110651075839996,-0.2510562837123871,0.28825947642326355,-0.9926931262016296,0.3519918620586395,-0.4460359513759613,0.5963709354400635,0.10610473155975342,0.15259110927581787,-0.22147445380687714,0.018281476572155952,0.1799440234899521,-0.5752904415130615,-0.3580254018306732,0.07186206430196762,0.42608803510665894,-0.16458705067634583,-0.6109046339988708,-0.48080962896347046,0.268776535987854,0.09030213952064514,-0.5931862592697144,0.7256062030792236,-0.21276195347309113,-0.20699018239974976,0.19304513931274414,0.08814459294080734,-0.07431215047836304,0.07929544895887375,0.2892940640449524,-0.3237156867980957,0.06924819201231003,0.14284063875675201,-0.03885312005877495,0.01914617419242859,-4.023364681415842e-07,0.017794087529182434,-0.000207627730560489,7.07335402694298e-07,-1.107101979869185e-06,-2.156699883926194e-05,-0.00032141702831722796,-0.7949604392051697,0.16120266914367676,0.000298251339700073,-0.008152672089636326,-0.014678949490189552,0.03224148228764534,-0.007710011675953865,-0.024885084480047226,-0.028570506721735
330,-0.00023666293418500572,-0.0004502191150095314,0.0018555191345512867,0.003953651990741491,0.010649063624441624,0.01168854720890522,0.011525259353220463,0.010574028827250004,0.010266697034239769,0.01840618997812271,0.023763857781887054,0.032551299780607224,0.050473276525735855,0.06406094133853912,0.051078882068395615,0.031482111662626266,0.012890762649476528,0.004006808623671532,0.0034127626568078995,0.0025317673571407795,-0.0012343615526333451,-0.01042394619435072,-0.013499096035957336,-0.019560858607292175,-0.023258022964000702,-0.01370261237025261,-0.0184642281383276,-0.010769683867692947,-0.003251164685934782,0.024372557178139687,0.13015630841255188,0.23002494871616364,0.28271594643592834,0.2693594694137573,0.28184056282043457,0.2524675726890564,0.1726694405078888,0.05220181122422218,-0.0024122584145516157,-0.024445412680506706,-0.029956229031085968,-0.035553108900785446,-0.04374437779188156,-0.05230310931801796,-0.10193708539009094,-0.061221566051244736,-0.04053449630737305,-0.003187936032190919,0.05117221549153328,0.0967278704047203,0.2648018002510071,0.24328124523162842,0.3115813434123993,0.1986602246761322,0.2364017814397812,0.11579840630292892,0.11898016929626465,0.06503750383853912,0.04404287412762642,0.04266394302248955,0.003494869451969862,0.01879497990012169,0.0525042898952961,0.0015816563973203301,0.03218422085046768,0.04725605994462967,-0.051204532384872437,-0.00868336483836174,-0.025796568021178246,-0.009574070572853088,-0.005209487397223711,0.029384871944785118,0.00682956725358963,0.28394851088523865,0.04180528596043587,0.04817773401737213,-0.093776173889637,0.175556942820549,0.05975893884897232,-0.0022798527497798204,-0.01503160409629345,-0.0031927982345223427,-0.06356219202280045,-0.0792665109038353,-0.15685851871967316,0.5847024321556091,-0.24052274227142334,0.031783577054739,-0.21529142558574677,0.0630786269903183,0.008951275609433651,-0.016982989385724068,-0.15671151876449585,0.017518384382128716,0.07954290509223938,-0.06967736035585403,0.05211654305458069,-0.24314023554325104,-0.035655826330184937,-0.03295428678393364,0.05999495089054108,-0.12044329941272736,-0.13901041448116302,0.27694255113601685,-0.3103863298892975,-1.4070959091186523,1.6509798765182495,-0.36651256680488586,0.018836602568626404,-0.6414080858230591,0.5127012729644775,-0.3755204379558563,0.1542736291885376,-0.04719921573996544,-0.12356045842170715,-0.21413587033748627,0.41009536385536194,-0.6207752823829651,0.3667360544204712,-0.07447322458028793,-0.052016858011484146,-0.2590418756008148,-0.22851380705833435,0.7407481670379639,-0.532214879989624,-0.29645559191703796,-1.3803056478500366,2.076425552368164,-2.395002603530884,0.3446858823299408,0.18886420130729675,0.011674071662127972,-0.11497572064399719,0.15315382182598114,0.0972018614411354,-0.4095974564552307,0.9848490357398987,-0.5316493511199951,0.0585942417383194,0.20831690728664398,-0.27582043409347534,1.7433262655686121e-07,-0.017068393528461456,-0.00024678854970261455,-3.0403964501601877e-06,5.881492484149931e-07,-2.187233440054115e-05,-0.00045310441055335104,-1.1531845331192017,0.26523521542549133,0.0394168347120285,-0.004883957095444202,-0.013911072164773941,0.025559237226843834,0.03557892143726349,0.04407503455877304,0.031046714633703232
331,-0.0012049879878759384,-0.0046839164569973946,-0.010194891132414341,-0.011922355741262436,-0.014273890294134617,-0.011398573406040668,-0.007971880957484245,-0.006579726003110409,-0.00702181551605463,-0.006799868308007717,-0.0052456241101026535,-0.0049327402375638485,-0.006564440205693245,-0.008915290236473083,-0.011288098990917206,-0.0131040308624506,-0.014907182194292545,-0.013371028006076813,-0.01960740052163601,-0.023534156382083893,-0.031551558524370193,-0.04142041876912117,-0.027670515701174736,-0.03139757737517357,-0.03320711851119995,-0.018689360469579697,-0.024565953761339188,-0.016863536089658737,-0.018789248540997505,-0.01215567346662283,0.014393693767488003,0.06679724156856537,0.1148407906293869,0.13851064443588257,0.14311723411083221,0.16275961697101593,0.14076973497867584,0.0774373710155487,0.03866356983780861,0.005777685437351465,-0.01622861623764038,-0.042293667793273926,-0.06371472030878067,-0.08498068153858185,-0.1505858153104782,-0.10583783686161041,-0.09983162581920624,-0.07217026501893997,-0.07313181459903717,-0.047131918370723724,-0.07329151779413223,-0.04847468063235283,-0.03980278596282005,-0.040750902146101,-0.05130600184202194,-0.029129287227988243,-0.047994814813137054,-0.034824978560209274,-0.04385658726096153,-0.05743071064352989,-0.030398771166801453,-0.03728475421667099,-0.05050279572606087,-0.004812396131455898,0.007578129414469004,0.10204549878835678,-0.09456457197666168,0.07295932620763779,0.4682530462741852,-0.045127563178539276,-0.0435471385717392,0.05814670771360397,0.08424703776836395,0.3616800606250763,-0.03834695369005203,-0.03572336956858635,-0.04577203840017319,-0.021409740671515465,-0.022110970690846443,0.04302310571074486,0.10716884583234787,-0.1836596578359604,0.15195807814598083,0.17243815958499908,0.31424346566200256,-0.18289390206336975,0.2264670431613922,-0.0585256852209568,0.24913066625595093,-0.06573376059532166,0.06760550290346146,0.0808454155921936,0.23095548152923584,0.013126055710017681,-0.048358794301748276,0.09293514490127563,-0.04887855052947998,0.24400509893894196,0.02921762876212597,-0.037555236369371414,-0.1427353173494339,0.05603257194161415,-0.0003130901022814214,-0.03583217412233353,0.09923557937145233,-0.4246116578578949,-0.1180242970585823,-0.27645233273506165,0.10662529617547989,-0.5806394815444946,0.038791410624980927,-0.06484785676002502,0.06553377956151962,0.025060655549168587,-0.02690139412879944,-0.12136027216911316,0.006893087178468704,0.06753342598676682,-0.4088429808616638,-0.06842730194330215,0.193869948387146,0.31896743178367615,-0.026744123548269272,-0.26196399331092834,-0.10059096664190292,0.041312750428915024,0.13959209620952606,-0.2820281684398651,0.4106330871582031,-0.15394002199172974,-0.11335902661085129,0.07977855950593948,0.09171589463949203,-0.11355561017990112,0.08332960307598114,0.28272974491119385,-0.37110966444015503,0.08248097449541092,0.19868600368499756,-0.057258494198322296,0.03248586133122444,-3.193319173533382e-07,0.011914498172700405,-0.0002868222363758832,1.524882691228413e-07,-7.273812911989808e-07,-2.308139119122643e-05,-0.0004148090665694326,-0.4674055874347687,0.1264973282814026,-0.014089127071201801,-0.00781255029141903,0.05811099708080292,0.030987614765763283,-0.013081826269626617,-0.03985203057527542,-0.033264849334955215
332,-0.0008182568126358092,-0.0018915930995717645,-0.0011818568455055356,0.002072554314509034,0.006262328941375017,0.005900938529521227,0.002277436200529337,-0.0009509195806458592,-0.00402058707550168,-0.005387437995523214,-0.004744532983750105,-0.004413466434925795,-0.0056734043173491955,-0.0078492546454072,-0.010274269618093967,-0.011778881773352623,-0.01307237334549427,-0.011435162276029587,-0.017553431913256645,-0.02040444128215313,-0.028049321845173836,-0.036479488015174866,-0.02321244589984417,-0.027148239314556122,-0.029147382825613022,-0.014404970221221447,-0.011392643675208092,0.004136744420975447,0.03683745488524437,0.08204531669616699,0.18912920355796814,0.1686791330575943,0.12349585443735123,0.06765007972717285,0.04458095133304596,0.028216561302542686,0.007246471010148525,-0.02302483841776848,-0.04959063604474068,-0.05116339772939682,-0.06077157333493233,-0.07556622475385666,-0.07663959264755249,-0.08585812151432037,-0.1375935673713684,-0.08675124496221542,-0.07273323088884354,-0.04227380454540253,-0.03557639569044113,-0.022106222808361053,-0.04116030037403107,-0.03301528841257095,-0.03006625548005104,-0.03541959077119827,-0.04584529623389244,-0.024883193895220757,-0.042551781982183456,-0.022523602470755577,-0.03409259021282196,-0.048179805278778076,-0.016776222735643387,-0.028550095856189728,-0.055602315813302994,0.00018609788094181567,-0.025787360966205597,-0.017014432698488235,-0.018670780584216118,0.015271725133061409,0.3369622826576233,-0.06350189447402954,-0.17449578642845154,0.015796683728694916,0.1077696830034256,0.31988295912742615,-0.0875556692481041,-0.05728835240006447,-0.05382746458053589,-0.0001671431673457846,-0.0309427622705698,0.001499065081588924,0.10372510552406311,-0.13809247314929962,0.1569744497537613,0.26144880056381226,0.23743022978305817,-0.11894931644201279,0.22521936893463135,0.0005750427371822298,0.23550677299499512,-0.042447108775377274,0.05577218160033226,0.06673788279294968,0.19198907911777496,0.013172900304198265,-0.038195230066776276,0.10282020270824432,-0.08827105909585953,0.16324004530906677,-0.02397642843425274,-0.004804054740816355,0.09069547057151794,-0.04967451095581055,-0.06718891859054565,0.2455371469259262,0.4680533707141876,-0.8206250667572021,0.19598299264907837,-0.18386037647724152,0.24658295512199402,-0.5948072671890259,0.20584727823734283,-0.27699699997901917,0.21402785181999207,0.23864386975765228,-0.15850837528705597,-0.05712330341339111,-0.01370037067681551,0.17357726395130157,-0.4251059293746948,-0.07285948842763901,0.15648284554481506,0.36533835530281067,0.025541208684444427,-0.4464079737663269,-0.22256115078926086,0.21313825249671936,0.13780035078525543,-0.6653382182121277,0.6700361967086792,-0.2319362610578537,-0.22282005846500397,0.06099238619208336,0.16257253289222717,-0.0861031785607338,0.0571189746260643,0.20427609980106354,-0.17815729975700378,-0.07730692625045776,0.08740905672311783,0.05436529964208603,0.04569816589355469,-1.9071431722750276e-07,0.008813870139420033,-0.00023595300444867462,3.003056292527617e-08,-3.299816171420389e-07,-1.808634442568291e-05,-0.0004422958882059902,-0.7900781035423279,0.1652137190103531,0.004129758570343256,-0.005000854842364788,-0.015758050605654716,0.031660303473472595,-0.01338016614317894,-0.01790827140212059,-0.016738619655370712
333,-0.0012699341168627143,-0.004910952877253294,-0.01056737918406725,-0.011450786143541336,-0.014046678319573402,-0.010876636952161789,-0.00844436977058649,-0.0069961887784302235,-0.007360219024121761,-0.007123200688511133,-0.0056029451079666615,-0.005330065730959177,-0.0066250464878976345,-0.009062708355486393,-0.011707983911037445,-0.013547582551836967,-0.015145959332585335,-0.013742492534220219,-0.021583732217550278,-0.023894192650914192,-0.03161415085196495,-0.04146506264805794,-0.025784045457839966,-0.0306739192456007,-0.033666521310806274,-0.017970414832234383,-0.022066066041588783,-0.01230295468121767,-0.005028209649026394,0.014082427136600018,0.07413417100906372,0.1027207002043724,0.11921873688697815,0.09633869677782059,0.07888856530189514,0.061190105974674225,0.046615663915872574,0.043341703712940216,0.057759612798690796,0.04773009940981865,0.030409129336476326,0.004173371009528637,-0.034847669303417206,-0.06716153025627136,-0.14957864582538605,-0.10533203184604645,-0.09676165133714676,-0.07151955366134644,-0.07297731935977936,-0.047510940581560135,-0.07327018678188324,-0.048586271703243256,-0.04317600280046463,-0.04487701505422592,-0.057893820106983185,-0.028761161491274834,-0.049327727407217026,-0.03156893327832222,-0.04412941634654999,-0.06360851973295212,-0.023774489760398865,-0.030422788113355637,-0.03551589325070381,-0.004895100835710764,0.017193498089909554,0.08583620935678482,-0.09141425788402557,0.04742484912276268,0.19925516843795776,-0.027316708117723465,-0.05725769326090813,-0.00750621547922492,0.04295739531517029,0.2338406890630722,-0.03980420157313347,-0.02118849568068981,-0.03647717833518982,0.04015147686004639,-0.021996991708874702,0.005134513135999441,-0.013223151676356792,-0.12161077558994293,0.04412270337343216,0.11383320391178131,0.11347398161888123,-0.1593223512172699,0.24019914865493774,-0.05917029455304146,0.35768571496009827,-0.06217716634273529,0.06046350672841072,0.08172959089279175,0.20532310009002686,-0.027804361656308174,-0.04133721813559532,0.12547457218170166,-0.0560242123901844,0.2308160662651062,0.0040045552887022495,-0.02828269638121128,-0.08921388536691666,0.021613651886582375,-0.05896478518843651,0.10274368524551392,0.14366133511066437,-0.4668280780315399,0.043073639273643494,-0.23077838122844696,0.1198374330997467,-0.30352795124053955,0.07530955225229263,-0.23032259941101074,0.11439124494791031,0.09513159841299057,-0.05606354773044586,-0.07788018882274628,-0.030758801847696304,-0.021374845877289772,-0.08839543908834457,0.07057666033506393,0.05624941736459732,0.19413979351520538,-0.04563283920288086,-0.2481965720653534,-0.08815652132034302,0.08560843020677567,0.22401997447013855,-0.38457077741622925,0.6510770320892334,-0.1496458202600479,-0.22153723239898682,0.010489352978765965,0.2643795311450958,-0.07347869873046875,0.09268363565206528,-0.01297630462795496,0.056388113647699356,-0.28574007749557495,-0.3334832191467285,0.3103431761264801,0.09600421041250229,-6.975255217867016e-08,0.0055789644829928875,-0.00041475793113932014,-1.9214282929169713e-06,-1.5843816925098508e-07,-2.7159423552802764e-05,-0.0005617717979475856,-0.48251330852508545,0.1577438861131668,0.030249182134866714,-0.0031876107677817345,0.04890846088528633,0.033462043851614,0.0020317919552326202,0.047351885586977005,0.04278644919395447
334,-0.001044026343151927,-0.00462002819404006,-0.008497580885887146,-0.007896789349615574,-0.010725605301558971,-0.008588870987296104,-0.006805914454162121,-0.005307933781296015,-0.0028358851559460163,0.002610080875456333,0.010983467102050781,0.022766603156924248,0.04464591667056084,0.07107915729284286,0.07687895745038986,0.06470928341150284,0.043372396379709244,0.01381827425211668,-0.001806387328542769,-0.0136284613981843,-0.02174961194396019,-0.025410473346710205,-0.01098479051142931,-0.002232484519481659,0.005502728279680014,0.00860422383993864,0.029869958758354187,0.05047362670302391,0.12416774779558182,0.2110011875629425,0.407400906085968,0.3453437089920044,0.23574578762054443,0.15158763527870178,0.11011798679828644,0.08590061217546463,0.09166985750198364,0.08294916898012161,0.08525704592466354,0.04554348066449165,0.015007947571575642,-0.012089641764760017,-0.03178724646568298,-0.04755745828151703,-0.1089579239487648,-0.08377522975206375,-0.08265050500631332,-0.06138478219509125,-0.05495690926909447,-0.02325994148850441,0.011936772614717484,0.059540167450904846,0.13898353278636932,0.16421356797218323,0.2688840627670288,0.15321949124336243,0.14569267630577087,0.05228527635335922,0.008393236435949802,-0.020173126831650734,-0.019923841580748558,-0.028220195323228836,-0.03418172150850296,-0.00339416041970253,0.012643815018236637,0.028557488694787025,-0.036309726536273956,-0.003603052580729127,0.055013302713632584,-0.005395729094743729,0.010967729613184929,0.025106579065322876,0.009910901077091694,0.02830381877720356,0.006701131816953421,0.004400025121867657,-0.010965108871459961,0.07231393456459045,0.039980288594961166,0.0016208408633247018,-0.026753386482596397,0.09197230637073517,-0.11727473884820938,-0.04554726555943489,-0.14805233478546143,0.5157047510147095,-0.12570787966251373,0.006812793202698231,-0.17357733845710754,0.03638845682144165,0.01986664906144142,-0.03379467874765396,-0.1827721744775772,-0.00352913117967546,0.057049401104450226,-0.04932473599910736,0.03628351911902428,-0.31137892603874207,0.029223687946796417,0.04519480839371681,0.5598442554473877,-0.44938454031944275,0.03348275646567345,0.3343676030635834,-0.3493973910808563,-0.9427433609962463,0.7656718492507935,-0.4359692633152008,0.005181980784982443,-0.6675004959106445,0.7226353287696838,-0.6101757884025574,0.20086711645126343,0.02236700803041458,-0.08317483961582184,-0.055150944739580154,0.0144047187641263,-0.18070919811725616,0.058460477739572525,-0.053179096430540085,-0.04447503015398979,-0.36574938893318176,-0.009915957227349281,0.9691832661628723,-0.004611135460436344,-0.3129413425922394,-0.4912438988685608,1.1147931814193726,-1.102912187576294,0.09134624898433685,0.14273500442504883,-0.020791081711649895,-0.5060093402862549,0.2881830334663391,0.11974770575761795,-0.010686985217034817,0.7856535911560059,-0.3195616602897644,-0.28712698817253113,0.31707993149757385,-0.06228641793131828,1.1099134411551859e-07,-0.025620494037866592,-0.00022985540272202343,-3.154706291752518e-06,5.561136049436755e-07,-2.2405476556741633e-05,-0.00043147813994437456,-3.0851471424102783,0.2799919545650482,0.04642510786652565,-0.005142528563737869,0.0036834629718214273,0.026616593822836876,0.03996935859322548,0.051301565021276474,0.04152607172727585
335,0.0016643021954223514,0.002383059822022915,0.0011257408186793327,-0.0036993485409766436,-0.008533941581845284,-0.008130126632750034,-0.005973714403808117,-0.005259786266833544,-0.0059247734025120735,-0.0051543754525482655,-0.004263980779796839,-0.004166021011769772,-0.00515902042388916,-0.006939067039638758,-0.009193885140120983,-0.010669711977243423,-0.0116929542273283,-0.009916462004184723,-0.015373925678431988,-0.018962552770972252,-0.026444870978593826,-0.033424753695726395,-0.02216309867799282,-0.025490427389740944,-0.027396520599722862,-0.015448663383722305,-0.020245186984539032,-0.012247167527675629,-0.014667976647615433,-0.009029277600347996,0.005503149703145027,0.03451599180698395,0.06342747807502747,0.07898019999265671,0.09767331928014755,0.15119463205337524,0.14560288190841675,0.07780344784259796,0.021961979568004608,-0.0038064499385654926,-0.014185205101966858,-0.02371888794004917,-0.03678075224161148,-0.06195945292711258,-0.11427688598632812,-0.08748636394739151,-0.08451420813798904,-0.058042772114276886,-0.06320911645889282,-0.04094594717025757,-0.05991121754050255,-0.04275340586900711,-0.034233056008815765,-0.03312220051884651,-0.041728802025318146,-0.023919740691781044,-0.037994567304849625,-0.02644701674580574,-0.03780483826994896,-0.04420137777924538,-0.026547560468316078,-0.03171338886022568,-0.05637887492775917,-0.002477731090039015,-0.02107233740389347,-0.030203580856323242,0.0027965414337813854,0.01485230028629303,0.32678723335266113,0.004047175403684378,-0.10281065851449966,0.04431119188666344,0.007696553133428097,0.47964051365852356,-0.009141436778008938,-0.0101930508390069,-0.0412084199488163,-0.0165239404886961,-0.013868944719433784,0.03733622282743454,0.285440593957901,-0.15343724191188812,0.27889129519462585,0.268178254365921,0.3465108573436737,-0.07500069588422775,0.19941145181655884,-0.022222373634576797,0.1994757205247879,-0.03512938320636749,0.08026953786611557,0.07150114327669144,0.23400257527828217,0.016659749671816826,-0.034320756793022156,0.090995192527771,-0.06913488358259201,0.19774800539016724,0.04406275600194931,-0.05574459210038185,-0.12964597344398499,0.03317273408174515,-0.01606227271258831,0.0037599573843181133,0.2237159162759781,-0.541896641254425,-0.03699738159775734,-0.04991569370031357,0.3853622078895569,-1.1383817195892334,0.11657324433326721,-0.30599740147590637,0.39386433362960815,0.10566175729036331,0.10826560109853745,-0.10957782715559006,-0.12022066861391068,0.6244413256645203,-0.9508829712867737,-0.7112727761268616,0.32245537638664246,0.7258130311965942,-0.08094613999128342,-0.6192488074302673,-0.32683882117271423,0.13344413042068481,0.09971264749765396,-0.35977450013160706,0.4719804525375366,-0.1691790670156479,-0.12220800668001175,0.1315401941537857,0.07685387134552002,-0.062036823481321335,0.09452406316995621,0.23406070470809937,-0.3107442557811737,0.07971274852752686,0.12460392713546753,-0.049771275371313095,0.015034515410661697,-2.867035107101401e-07,0.019459934905171394,-5.868488005944528e-05,1.558026951897773e-06,-5.152159019417013e-07,-1.4101737178862095e-05,-0.0002973488299176097,-0.777572512626648,0.15467070043087006,-0.0033048938494175673,-0.007768962997943163,-0.022869708016514778,0.028392137959599495,-0.009431587532162666,-0.01845371536910534,-0.02849312126636505
336,-0.0011445163981989026,-0.003911713138222694,-0.009453048929572105,-0.012106501497328281,-0.013673290610313416,-0.011153004132211208,-0.007505964022129774,-0.006294791121035814,-0.006779063958674669,-0.006256611552089453,-0.005278514698147774,-0.004841523710638285,-0.0061881872825324535,-0.008041317574679852,-0.010461258701980114,-0.012161069549620152,-0.013481281697750092,-0.01166047714650631,-0.01810218021273613,-0.021510889753699303,-0.029657594859600067,-0.03825347498059273,-0.025316592305898666,-0.02868025191128254,-0.030804459005594254,-0.017759978771209717,-0.022903241217136383,-0.014959387481212616,-0.019888384267687798,-0.01914520189166069,-0.018320733681321144,0.0113148158416152,0.05153745412826538,0.08803579211235046,0.12277127057313919,0.2061637043952942,0.2246721237897873,0.15255743265151978,0.07319924980401993,0.013586413115262985,-0.01885494776070118,-0.04791785776615143,-0.06544053554534912,-0.08507844805717468,-0.14187882840633392,-0.10220997035503387,-0.09600857645273209,-0.06815455853939056,-0.06827831268310547,-0.045229990035295486,-0.06751274317502975,-0.04695013538002968,-0.03751375153660774,-0.03725526109337807,-0.04522073268890381,-0.02653428539633751,-0.04311709105968475,-0.034296344965696335,-0.04411071538925171,-0.055512383580207825,-0.030013272538781166,-0.033143531531095505,-0.05996323376893997,0.001751420903019607,-0.020167434588074684,-0.01016328576952219,-0.003137391060590744,0.027987923473119736,0.3828454613685608,-0.011423423886299133,-0.14132387936115265,0.016737567260861397,0.08716990798711777,0.49250295758247375,-0.02444993518292904,-0.05401352047920227,-0.028239423409104347,-0.03046236000955105,-0.005966728087514639,0.06423076242208481,0.2581448554992676,-0.18236112594604492,0.37264883518218994,0.33819326758384705,0.4236237406730652,-0.12772728502750397,0.16627542674541473,-0.0245031900703907,0.17324060201644897,-0.05709058791399002,0.0666704922914505,0.07604434341192245,0.2179751992225647,-0.003961792681366205,-0.03694015368819237,0.10150757431983948,-0.07781600952148438,0.2328474372625351,0.03276216983795166,-0.055455531924963,-0.16309867799282074,0.04628390073776245,-0.013418802060186863,-0.06029992923140526,0.05071939900517464,-0.28673845529556274,-0.1779969036579132,-0.1556885987520218,0.16959436237812042,-1.0565916299819946,0.06765278428792953,-0.19853456318378448,0.35644710063934326,0.04921995848417282,-0.06636010855436325,-0.07717844843864441,-0.17202818393707275,0.7273257970809937,-0.8633076548576355,-0.45514976978302,0.15645450353622437,0.5611165761947632,-0.03922087699174881,-0.41569873690605164,-0.14827173948287964,0.07505250722169876,0.09103170782327652,-0.28964415192604065,0.4429210424423218,-0.1758228838443756,-0.11494363844394684,0.10051408410072327,0.10935840010643005,-0.07775794714689255,0.08974865823984146,0.2575911581516266,-0.2587193548679352,0.05535847693681717,0.14040102064609528,-0.05105379968881607,0.01643131859600544,-4.774144031216565e-07,0.01848236657679081,-0.0003436955448705703,2.8073586122445704e-07,-1.375306510453811e-06,-2.6539339160081e-05,-0.0004917833721265197,-0.4525872468948364,0.149393692612648,-0.004901399835944176,-0.006799997761845589,0.054915301501750946,0.034144725650548935,-0.01040282379835844,-0.03727753832936287,-0.0284008476883173
337,0.0010888128308579326,0.004371784161776304,0.004440976772457361,0.0006825116579420865,-0.0007456140592694283,-0.00015821013948880136,0.0033604044001549482,0.008443807251751423,0.01692860946059227,0.024949662387371063,0.020189983770251274,0.01299878116697073,0.008634672500193119,0.004663800820708275,0.0011090778280049562,0.005295745562762022,0.02460874430835247,0.05270087346434593,0.12446221709251404,0.1727997064590454,0.231954887509346,0.27320927381515503,0.13269799947738647,0.07567748427391052,0.02890484593808651,0.0018210497219115496,-0.0001806990330806002,0.0056812274269759655,0.01863669976592064,0.03882400318980217,0.08679375052452087,0.06639757752418518,0.03103947453200817,0.010204151272773743,-0.00875458586961031,-0.02657133713364601,-0.03839196637272835,-0.029552383348345757,-0.017951376736164093,-0.001662536640651524,0.008365405723452568,0.01105804555118084,0.003873837646096945,-0.01153393741697073,-0.043833572417497635,-0.0315842442214489,-0.016716621816158295,0.010084027424454689,0.0575663261115551,0.0610351637005806,0.10682747513055801,0.06286408752202988,0.03486502915620804,0.009709574282169342,0.0006750506581738591,0.009473918937146664,0.05751722306013107,0.09029706567525864,0.1969423145055771,0.33949723839759827,0.22983847558498383,0.1626133918762207,0.21500705182552338,-0.004200718365609646,0.018317991867661476,0.0288079921156168,-0.04451513662934303,0.08754265308380127,0.32472115755081177,0.12933379411697388,0.3948609530925751,0.294645756483078,0.036888036876916885,0.41091737151145935,0.09448232501745224,0.1294761449098587,-0.07388760149478912,0.37884166836738586,0.2590799331665039,0.08208949118852615,-0.4776359796524048,0.3542012572288513,-0.23530851304531097,-0.1177697405219078,-0.04619745537638664,0.11770790815353394,-0.08867169171571732,-0.025530463084578514,-0.3428698480129242,0.18884968757629395,0.05920889601111412,-0.11488459259271622,-0.2534005343914032,0.17406290769577026,0.05005667731165886,-0.003326630685478449,-0.00586832407861948,-0.08150286972522736,0.08048182725906372,-0.0576995387673378,0.6865248084068298,-0.3770856559276581,-0.06546413898468018,0.14293986558914185,-0.19909434020519257,-0.3600953221321106,0.3891060948371887,0.03380804508924484,0.4816184341907501,-0.30535227060317993,0.8073086738586426,-0.7807832360267639,0.40870401263237,0.010026486590504646,-0.18730907142162323,-0.2916772961616516,0.9556600451469421,-1.0575382709503174,0.757822573184967,-0.275638222694397,-0.04210696369409561,-0.14730815589427948,-0.35790202021598816,0.98216712474823,-0.36343443393707275,-0.27558547258377075,-1.1828327178955078,2.219175100326538,-3.4088850021362305,2.8030846118927,0.22700054943561554,-0.435457319021225,-5.245068550109863,-0.6276174783706665,-1.587374210357666,-1.4219915866851807,1.1233510971069336,-0.9086673259735107,-2.137397289276123,0.3641635775566101,-0.6733113527297974,1.0222492363709534e-07,-0.009835858829319477,-9.116069122683257e-05,-1.066237700797501e-06,2.5743341325323854e-07,-8.66674781718757e-06,-0.00020076434884686023,6.397668838500977,0.18774892389774323,0.02450403943657875,-0.00297172786667943,-0.008827267214655876,0.011040888726711273,0.021885748952627182,0.03677524998784065,0.018633617088198662
338,0.0015067503554746509,0.004055087920278311,0.006934192031621933,0.007217373698949814,0.009499773383140564,0.009194007143378258,0.006807195488363504,0.0037823282182216644,0.00036777471541427076,-0.0029162231367081404,-0.003710782155394554,-0.004046557936817408,-0.0054909843020141125,-0.0074487957172095776,-0.009829193353652954,-0.011644216254353523,-0.012719754129648209,-0.01103159599006176,-0.016060616821050644,-0.020607950165867805,-0.027786096557974815,-0.03636963665485382,-0.023502837866544724,-0.02720218151807785,-0.0288882814347744,-0.015700118616223335,-0.020998921245336533,-0.013081920333206654,-0.016974935308098793,-0.01441894005984068,-0.0074023897759616375,0.023412251845002174,0.06252527981996536,0.09134401381015778,0.10455931723117828,0.15040400624275208,0.12027525901794434,0.041059549897909164,-0.01841052994132042,-0.028303178027272224,-0.029869625344872475,-0.024897614493966103,-0.02338925376534462,-0.03297414258122444,-0.06993173807859421,-0.05506094545125961,-0.0468611977994442,-0.03130321577191353,-0.030199121683835983,-0.019681919366121292,-0.028797799721360207,-0.020440682768821716,-0.02161984145641327,-0.023346079513430595,-0.03781670704483986,-0.0223117433488369,-0.03814550116658211,-0.02410019375383854,-0.03693871572613716,-0.045227985829114914,-0.02342159114778042,-0.031317681074142456,-0.05403103679418564,-0.006435841787606478,-0.016140218824148178,-0.016307728365063667,-0.014384932816028595,0.03847305476665497,0.3602690100669861,-0.0856589749455452,-0.006006934680044651,0.06023529917001724,0.02086956426501274,0.4217791259288788,-0.01451105996966362,-0.0061718481592834,-0.07855274528265,-0.0014662728644907475,-0.006303258705884218,0.03751545026898384,0.2180374264717102,-0.2009168118238449,0.15544188022613525,0.14250712096691132,0.21127469837665558,-0.10093390196561813,0.177249938249588,-0.05925570800900459,0.22483599185943604,-0.024144159629940987,0.06092332676053047,0.07812820374965668,0.21179942786693573,0.032712358981370926,-0.04286019876599312,0.09898146986961365,-0.03487815707921982,0.19812335073947906,0.06245836243033409,-0.04022178798913956,-0.13110268115997314,0.05366172268986702,-0.004552329890429974,-0.006132798735052347,0.15167097747325897,-0.4756789207458496,0.0389215424656868,-0.19407668709754944,0.5276026129722595,-0.9337903261184692,0.45695731043815613,-0.3891755938529968,0.34250327944755554,0.12368983030319214,0.22341878712177277,-0.13867591321468353,0.158293679356575,-0.1625666618347168,-0.21602410078048706,-0.216860830783844,0.16518963873386383,0.4547463059425354,-0.1354367434978485,-0.4899565577507019,-0.4951615035533905,0.16143858432769775,0.06173879653215408,-0.7068628668785095,0.736110270023346,-0.20617768168449402,-0.24830421805381775,0.2082292139530182,0.09510984271764755,-0.09652730077505112,0.06311135739088058,0.30058714747428894,-0.34212490916252136,0.07255906611680984,0.11593474447727203,-0.04470863193273544,0.008071394637227058,-3.3261332532674714e-07,0.010167216882109642,-0.00027767050778493285,2.607359590456326e-07,-6.134545742497721e-07,-2.087163920805324e-05,-0.00032536068465560675,-1.0363731384277344,0.1704496294260025,0.003249260364100337,-0.007648343686014414,-0.02225336618721485,0.03170100226998329,-0.007114033680409193,0.013373439200222492,-0.022040441632270813
339,-0.0012884159805253148,-0.0047870660200715065,-0.01036805659532547,-0.011284923180937767,-0.013972504064440727,-0.010821114294230938,-0.008207164704799652,-0.006774954032152891,-0.007233235985040665,-0.007075715810060501,-0.005546427331864834,-0.005227934569120407,-0.006544917356222868,-0.00904572382569313,-0.011635927483439445,-0.013470659032464027,-0.015089471824467182,-0.013641854748129845,-0.021257443353533745,-0.023654703050851822,-0.031457386910915375,-0.04134717956185341,-0.025856398046016693,-0.030644485726952553,-0.03352506458759308,-0.018096277490258217,-0.022039256989955902,-0.012721478007733822,-0.0067001148127019405,0.00981920026242733,0.05994315445423126,0.08719311654567719,0.10591208934783936,0.09359657764434814,0.0905168429017067,0.09852936118841171,0.10216410458087921,0.07914462685585022,0.057796888053417206,0.024221817031502724,0.0011897747172042727,-0.02010880969464779,-0.042302731424570084,-0.06569480895996094,-0.14091373980045319,-0.10177529603242874,-0.09481064230203629,-0.07048552483320236,-0.07194073498249054,-0.0472625195980072,-0.07293453067541122,-0.04749049246311188,-0.041936177760362625,-0.04312142729759216,-0.05607055872678757,-0.02915957011282444,-0.049284107983112335,-0.03215813264250755,-0.044141918420791626,-0.06288919597864151,-0.02401677705347538,-0.03046828880906105,-0.04043404385447502,-0.004238947294652462,0.013505900278687477,0.0797482505440712,-0.08646804839372635,0.05319632962346077,0.22798512876033783,-0.012478567659854889,-0.07440897822380066,-0.005259094759821892,0.054617177695035934,0.2527766525745392,-0.03922354057431221,-0.025077778846025467,-0.02160722389817238,0.00951392948627472,-0.02653639391064644,-0.010143876075744629,-0.014004402793943882,-0.1573854237794876,0.06813130527734756,0.15314418077468872,0.1581851989030838,-0.1621839553117752,0.2374746948480606,-0.04981124401092529,0.29757484793663025,-0.07299964129924774,0.05199778452515602,0.08053158968687057,0.20804980397224426,-0.022260060533881187,-0.03559499979019165,0.11752807348966599,-0.06455770134925842,0.22965572774410248,0.007745370268821716,-0.03290431201457977,-0.10369881242513657,0.03221605718135834,-0.03009750507771969,0.08064890652894974,0.15451043844223022,-0.46251657605171204,0.031232550740242004,-0.3029539883136749,0.1441887766122818,-0.42577165365219116,0.08011536300182343,-0.1933290809392929,0.11979933828115463,0.07837937772274017,-0.03625089302659035,-0.08325919508934021,-0.01958649419248104,0.03300700709223747,-0.1840362250804901,0.03743792697787285,0.08194047212600708,0.23365625739097595,-0.0499701164662838,-0.23210029304027557,-0.07877952605485916,0.05146808922290802,0.17628520727157593,-0.3988155424594879,0.6216498017311096,-0.1619914174079895,-0.19610653817653656,0.013818450272083282,0.21214459836483002,-0.05881667509675026,0.0902089923620224,0.027218768373131752,-0.0015931477537378669,-0.24375265836715698,-0.2566416263580322,0.2145482897758484,0.06255336850881577,-9.401660605590223e-08,0.004522018600255251,-0.00045093425433151424,-2.4511246010661125e-06,-2.2271314037425327e-07,-2.6928990337182768e-05,-0.0006867358461022377,-0.3420413136482239,0.14671947062015533,0.02490135096013546,-0.00306786154396832,0.04852727800607681,0.03329288214445114,0.0029379480984061956,0.047923505306243896,0.018352463841438293
340,-0.0009423040319234133,-0.0026003567036241293,-0.0022514648735523224,0.0016767724882811308,0.006742468103766441,0.006961840204894543,0.0033953541424125433,-0.0001995283819269389,-0.0036042146384716034,-0.005445417948067188,-0.00479799322783947,-0.0046575479209423065,-0.006193144712597132,-0.008625143207609653,-0.010943756438791752,-0.013012788258492947,-0.014486230909824371,-0.012524365447461605,-0.018495861440896988,-0.02284584566950798,-0.031042546033859253,-0.04055126756429672,-0.02622450329363346,-0.030616959556937218,-0.03219565004110336,-0.017461245879530907,-0.023203615099191666,-0.015418235212564468,-0.02023940533399582,-0.020301463082432747,-0.024754496291279793,-0.0002308128896402195,0.03539634495973587,0.07028292119503021,0.09894540905952454,0.1515280157327652,0.16637581586837769,0.11960796266794205,0.06524775177240372,0.023790432140231133,0.010135937482118607,-0.012985101900994778,-0.0393446609377861,-0.06677338480949402,-0.1338755488395691,-0.09890219569206238,-0.08288046717643738,-0.05263640359044075,-0.04234764352440834,-0.02542096935212612,-0.041309505701065063,-0.03335333988070488,-0.03363858535885811,-0.0336240753531456,-0.04919182136654854,-0.025063108652830124,-0.04300369694828987,-0.028865935280919075,-0.04336416721343994,-0.05505010485649109,-0.025038862600922585,-0.03473436087369919,-0.055731117725372314,-0.003597571514546871,-0.012235024012625217,0.003701449604704976,-0.057612910866737366,0.045184407383203506,0.2775317430496216,-0.11656254529953003,-0.041530899703502655,0.030143853276968002,0.13186104595661163,0.5288458466529846,-0.030110720545053482,-0.006946539971977472,-0.04417666420340538,-0.0031873935367912054,-0.013192955404520035,0.013303647749125957,0.14617668092250824,-0.22102855145931244,0.10412295907735825,0.1493644118309021,0.2563859820365906,-0.14451630413532257,0.20947381854057312,-0.09430959820747375,0.2415865808725357,-0.041433852165937424,0.06919584423303604,0.09245844185352325,0.20812715590000153,0.018068388104438782,-0.05163094773888588,0.11223240196704865,-0.032393038272857666,0.2268991321325302,0.055325668305158615,-0.031584423035383224,-0.15544775128364563,0.06978313624858856,0.012619692832231522,-0.03721913322806358,0.06791774183511734,-0.2488659769296646,-0.002210162812843919,-0.2593957185745239,0.2997708320617676,-0.6264566779136658,0.35456493496894836,-0.2782966196537018,0.17984208464622498,0.06256496906280518,0.047838032245635986,-0.236360102891922,0.16648060083389282,-0.16315610706806183,-0.1012938916683197,-0.062427688390016556,0.10636299848556519,0.3261065185070038,-0.12053395807743073,-0.36178287863731384,-0.38245493173599243,0.2439361959695816,0.21546457707881927,-0.5346980690956116,0.7021316289901733,-0.1756717711687088,-0.2883989214897156,0.15830983221530914,0.09249908477067947,-0.0993988960981369,0.05558992922306061,0.29772865772247314,-0.29199594259262085,0.030469104647636414,0.14272676408290863,-0.03238098695874214,0.020225031301379204,-3.9479658653363003e-07,0.01667727716267109,-0.0003849143104162067,1.5800914354713314e-07,-8.669638305036642e-07,-2.597449565655552e-05,-0.0006364094442687929,-0.9460926055908203,0.15937557816505432,0.00392061797901988,-0.007419640198349953,-0.016915354877710342,0.033112406730651855,-0.0035925584379583597,-0.023009546101093292,-0.023575887084007263
341,0.002008361043408513,0.00399885093793273,0.003189794020727277,0.0023489780724048615,0.007602212484925985,0.015124249272048473,0.019397946074604988,0.020640484988689423,0.017735503613948822,0.007790928706526756,0.0005003799451515079,-0.0023804015945643187,-0.004686201922595501,-0.0070360442623496056,-0.0092331413179636,-0.011120875366032124,-0.01243180688470602,-0.010347879491746426,-0.015413465909659863,-0.020476292818784714,-0.027189791202545166,-0.035321179777383804,-0.023612838238477707,-0.02679925411939621,-0.0283199492841959,-0.014732991345226765,-0.02048533596098423,-0.012597116641700268,-0.01755603589117527,-0.01842549815773964,-0.022044546902179718,0.0012245115358382463,0.037421584129333496,0.07250222563743591,0.09759285300970078,0.1369037926197052,0.12154808640480042,0.06004878133535385,0.009140754118561745,-0.0073506697081029415,-0.012817904353141785,-0.021957749500870705,-0.036057695746421814,-0.054232630878686905,-0.08711442351341248,-0.049777183681726456,-0.02645363099873066,-0.009549414739012718,-0.007841170765459538,-0.010630525648593903,-0.01779256947338581,-0.0023045442067086697,0.0056031071580946445,0.011082630604505539,0.010738516226410866,-0.0042018285021185875,-0.021203787997364998,-0.01865937002003193,-0.0353613905608654,-0.0427570603787899,-0.02116876095533371,-0.03346465155482292,-0.052877265959978104,-0.013967740349471569,-0.014503000304102898,-0.02195821888744831,-0.011420835740864277,0.044392332434654236,0.3228331208229065,-0.1913212239742279,0.02643539197742939,0.04112415760755539,0.06271501630544662,0.46297574043273926,0.01069809403270483,-0.002904718741774559,-0.05496303737163544,-0.002232420491054654,0.010557157918810844,0.07362078130245209,0.2482103556394577,-0.127049058675766,0.10095065087080002,0.08001591265201569,0.15806043148040771,-0.08879894763231277,0.11589809507131577,-0.04914715141057968,0.16537892818450928,-0.026953276246786118,0.040820300579071045,0.07401549071073532,0.18778128921985626,0.026636410504579544,-0.04159994050860405,0.08453324437141418,-0.01624293252825737,0.1760551929473877,0.049901943653821945,-0.028069881722331047,-0.10864344239234924,0.05080537497997284,0.004233018960803747,-0.01034523919224739,0.09043696522712708,-0.4861239790916443,0.07281839847564697,-0.3477610647678375,0.5813363194465637,-0.8171921968460083,0.8206869959831238,-0.604577898979187,0.39740249514579773,0.1232452467083931,0.1271958202123642,-0.0818391889333725,0.286582887172699,-0.4539874494075775,0.3603891134262085,-0.0012402825523167849,0.13984990119934082,0.23886364698410034,-0.05330291762948036,-0.2876575291156769,-0.29173341393470764,0.321987122297287,-0.013773992657661438,-1.0678942203521729,0.9066749811172485,-0.18193036317825317,-0.3533700704574585,0.31663236021995544,0.16756097972393036,-0.20765435695648193,0.044483814388513565,0.33434224128723145,-0.3905571401119232,0.08654215931892395,0.06571607291698456,-0.08601602911949158,0.016066959127783775,-3.5822154131892603e-07,0.012211790308356285,-0.0002289670374011621,4.357920886377542e-07,-5.260914690552454e-07,-2.4143879272742197e-05,-0.0003596464521251619,-2.0514330863952637,0.21276874840259552,0.013044239021837711,-0.008176010102033615,-0.024178367108106613,0.01998031698167324,0.00260534998960793,0.05622551962733269,-0.007737235631793737
342,0.0012567380908876657,0.003209118265658617,0.00445336289703846,0.0005895909271202981,-0.0045729405246675014,-0.0065198722295463085,-0.005926118697971106,-0.0054694367572665215,-0.006430732551962137,-0.005749731324613094,-0.004703084472566843,-0.004459421616047621,-0.005729153752326965,-0.007783837150782347,-0.010239953175187111,-0.01185005996376276,-0.013108694925904274,-0.011572815477848053,-0.017311742529273033,-0.020970044657588005,-0.028610285371541977,-0.03716127574443817,-0.023988602682948112,-0.027736131101846695,-0.02964938059449196,-0.01641855016350746,-0.021841762587428093,-0.014104999601840973,-0.017328670248389244,-0.01312832161784172,0.0006661963416263461,0.03966837748885155,0.08285962790250778,0.10982391983270645,0.11586988717317581,0.1481795758008957,0.1093163713812828,0.0367354154586792,-0.007388519123196602,-0.015100514516234398,-0.01574717089533806,-0.013265936635434628,-0.01712738536298275,-0.030687198042869568,-0.0808456614613533,-0.07578647136688232,-0.07952484488487244,-0.06208671256899834,-0.06777774542570114,-0.044305216521024704,-0.0654664933681488,-0.04490407928824425,-0.03744272515177727,-0.03579822555184364,-0.04586445540189743,-0.026233365759253502,-0.04237905144691467,-0.02854415774345398,-0.0398016981780529,-0.04985835775732994,-0.027698371559381485,-0.0335414819419384,-0.05852523818612099,-0.006308461539447308,-0.01601799577474594,-0.0065640672110021114,-0.023770904168486595,0.04295843094587326,0.40300071239471436,-0.0063177235424518585,-0.028084473684430122,0.051084935665130615,0.03833332657814026,0.40927428007125854,-0.03565924987196922,0.003831892739981413,-0.06081227958202362,0.003928194288164377,-0.01457167323678732,0.029696349054574966,0.11908376961946487,-0.20593583583831787,0.1618146300315857,0.1718226671218872,0.26728466153144836,-0.1283688247203827,0.2096932977437973,-0.06444056332111359,0.25971606373786926,-0.03789821267127991,0.08178884536027908,0.08638875186443329,0.23274673521518707,0.019214525818824768,-0.04253781586885452,0.10356694459915161,-0.05394187569618225,0.21716007590293884,0.044101037085056305,-0.04428772255778313,-0.1390034705400467,0.045940645039081573,-0.006918873637914658,0.007668394595384598,0.20114970207214355,-0.5667486786842346,-0.03289642930030823,-0.14810049533843994,0.3617790639400482,-0.8001869320869446,0.1702323853969574,-0.22790077328681946,0.31119784712791443,0.15236106514930725,0.12011778354644775,-0.13085855543613434,0.008790199644863605,0.1164703220129013,-0.4052688479423523,-0.22007295489311218,0.15018980205059052,0.5212230086326599,-0.10507656633853912,-0.5000227093696594,-0.3271869719028473,0.1604638546705246,0.11432170867919922,-0.4501913785934448,0.6049778461456299,-0.1737956404685974,-0.17534220218658447,0.1473110467195511,0.0879245176911354,-0.08029796928167343,0.07257460057735443,0.2582780122756958,-0.31312185525894165,0.05060172826051712,0.12751564383506775,-0.029786724597215652,0.022930588573217392,-2.6701334832068824e-07,0.01962985284626484,-0.0003207110858056694,3.6811411519011017e-07,-6.731358439537871e-07,-2.5200493837473914e-05,-0.0004450549022294581,-1.0454316139221191,0.15798072516918182,0.0015012070070952177,-0.007293112110346556,-0.022472217679023743,0.029275579378008842,-0.008813321590423584,-0.019950158894062042,-0.021671509370207787
343,-0.0005319729680195451,-0.0008170061628334224,0.0014996282989159226,0.004698576405644417,0.006500819697976112,0.003690576646476984,-0.00026834633899852633,-0.0030233999714255333,-0.005378155969083309,-0.0060978299006819725,-0.004879763349890709,-0.004607250448316336,-0.006122577004134655,-0.00848798081278801,-0.010728011839091778,-0.0126130236312747,-0.014315767213702202,-0.012318325228989124,-0.018740221858024597,-0.02221270650625229,-0.030003389343619347,-0.03978084772825241,-0.025820855051279068,-0.029694486409425735,-0.03139672428369522,-0.017044397071003914,-0.022946005687117577,-0.015694184228777885,-0.018652448430657387,-0.015023608691990376,0.00026742074987851083,0.03949912264943123,0.08245263993740082,0.10408443212509155,0.11403736472129822,0.1284978687763214,0.12185926735401154,0.0896790623664856,0.05747925862669945,0.01822490803897381,-0.009360959753394127,-0.04215686768293381,-0.06442011147737503,-0.08111413568258286,-0.13598373532295227,-0.08766201883554459,-0.06625960767269135,-0.04135112464427948,-0.03926154971122742,-0.03031178191304207,-0.055224932730197906,-0.04228173941373825,-0.038535553961992264,-0.037391986697912216,-0.04972413554787636,-0.025986026972532272,-0.04324103146791458,-0.02916065603494644,-0.04092425853013992,-0.0550285279750824,-0.026117514818906784,-0.034227512776851654,-0.03719359636306763,-0.00523564126342535,0.003720094682648778,0.06869387626647949,-0.1229107603430748,0.03681432455778122,0.280526340007782,-0.061364538967609406,-0.03255879878997803,0.043268635869026184,0.10770896077156067,0.3942526578903198,-0.06320500373840332,-0.02737695537507534,-0.07579785585403442,0.025133056566119194,-0.014548604376614094,0.03537147119641304,0.10031718015670776,-0.215009868144989,0.12166620790958405,0.1294124275445938,0.30732542276382446,-0.16441859304904938,0.22921161353588104,-0.09019607305526733,0.2220565229654312,-0.043110158294439316,0.0579686164855957,0.07527662813663483,0.19911575317382812,0.023242969065904617,-0.05302686616778374,0.11541327834129333,-0.029490379616618156,0.2418072670698166,0.057160668075084686,-0.03116404078900814,-0.16565200686454773,0.06125319376587868,0.007537352852523327,-0.0195976123213768,0.10483422130346298,-0.3007180690765381,-0.01504691131412983,-0.25452786684036255,0.21619117259979248,-0.6535383462905884,0.1863439828157425,-0.27077174186706543,0.1864868402481079,-0.057604167610406876,-0.07699362188577652,-0.3768489360809326,0.21086151897907257,-0.10597065836191177,-0.21842335164546967,-0.05862616002559662,0.12758269906044006,0.2965453863143921,-0.048967212438583374,-0.40053072571754456,-0.2607332468032837,0.22845867276191711,0.19175846874713898,-0.4122810959815979,0.6138872504234314,-0.13600099086761475,-0.24481749534606934,0.13591685891151428,0.11199811100959778,-0.11501811444759369,0.07771188020706177,0.2815622091293335,-0.28235504031181335,0.006030402146279812,0.11528147011995316,-0.02998501993715763,0.005994013976305723,-2.527203832869418e-07,0.018665045499801636,-0.00026644181343726814,6.097480991229531e-07,-6.467578828051046e-07,-2.191790372307878e-05,-0.0005460685933940113,-0.6448045372962952,0.16522888839244843,0.00463748537003994,-0.006020667962729931,-0.018436672165989876,0.03298819065093994,-0.006920071318745613,-0.020099611952900887,-0.020298205316066742
344,-0.0013500272762030363,-0.004975616931915283,-0.010578912682831287,-0.012375188060104847,-0.014525429345667362,-0.011538074351847172,-0.008341317996382713,-0.006824888288974762,-0.00736744049936533,-0.007124735973775387,-0.005525273270905018,-0.005045678932219744,-0.006632564589381218,-0.009344332851469517,-0.011637634597718716,-0.01382758840918541,-0.01545119658112526,-0.013599075376987457,-0.020245442166924477,-0.023648086935281754,-0.03234575688838959,-0.04257521033287048,-0.027169514447450638,-0.031714677810668945,-0.033688176423311234,-0.018891556188464165,-0.02414613403379917,-0.017004679888486862,-0.02046937122941017,-0.018079904839396477,-0.011094991117715836,0.02259899489581585,0.060185011476278305,0.08810614794492722,0.10292016714811325,0.15467451512813568,0.20139145851135254,0.20083360373973846,0.1592428982257843,0.06614585965871811,0.010627014562487602,-0.040515072643756866,-0.07012628018856049,-0.0905430018901825,-0.16020701825618744,-0.11496883630752563,-0.10005724430084229,-0.07448264211416245,-0.07364480942487717,-0.050528693944215775,-0.07550045102834702,-0.048307355493307114,-0.04295311123132706,-0.0390850305557251,-0.05330018699169159,-0.027276571840047836,-0.04630516469478607,-0.03273622691631317,-0.04717814177274704,-0.06309372186660767,-0.025986570864915848,-0.03414778411388397,-0.0493670254945755,-0.0021295836195349693,-0.004250845871865749,0.03468126803636551,-0.07758261263370514,0.03161295875906944,0.2060943990945816,-0.014773005619645119,-0.02163061499595642,0.07930294424295425,0.13225457072257996,0.4539918303489685,-0.05152596905827522,-0.020492419600486755,-0.05326421558856964,-0.00678342254832387,-0.029525404796004295,-0.004350858274847269,0.08510206639766693,-0.2596045434474945,0.12735803425312042,0.19213587045669556,0.3469476103782654,-0.19864289462566376,0.21881219744682312,-0.09288012981414795,0.1874806135892868,-0.06984791159629822,0.055521443486213684,0.08036813884973526,0.20169870555400848,0.00150224007666111,-0.05254065617918968,0.10911905765533447,-0.054106444120407104,0.22319646179676056,0.031904496252536774,-0.040310293436050415,-0.1626337170600891,0.05840339511632919,0.009832852520048618,-0.04049477353692055,0.057679906487464905,-0.2065763622522354,-0.046525854617357254,-0.1977718323469162,0.2382211834192276,-0.562850296497345,0.15597277879714966,-0.12654991447925568,0.1877295970916748,0.005282049998641014,0.008287573233246803,-0.296044260263443,0.08580438792705536,0.016475986689329147,-0.3325987458229065,-0.12206915766000748,0.08710117638111115,0.4499242901802063,-0.06382478773593903,-0.3832797706127167,-0.23202501237392426,0.12924262881278992,0.17872461676597595,-0.3705812096595764,0.5238048434257507,-0.13559117913246155,-0.17060542106628418,0.04909411445260048,0.09310223907232285,-0.09289883077144623,0.08036987483501434,0.23845292627811432,-0.24033662676811218,0.007675839122384787,0.11035740375518799,-0.045506589114665985,0.01734440214931965,-2.901536788613157e-07,0.015682240948081017,-0.00037375048850663006,-2.93993167588269e-07,-8.460733624815475e-07,-2.676013536984101e-05,-0.0006590497796423733,-0.5464708805084229,0.13053499162197113,-0.0005253067356534302,-0.005972160492092371,0.05928420647978783,0.036019131541252136,-0.006408446002751589,-0.0256591085344553,-0.023788927122950554
345,0.002396009163931012,0.0036553044337779284,0.000913840951398015,-0.003294027177616954,-0.008778386749327183,-0.008671090006828308,-0.0061965021304786205,-0.005198819097131491,-0.004647028166800737,-0.005168445408344269,-0.0020367277320474386,0.0015460778959095478,0.008727571927011013,0.023217210546135902,0.03244668245315552,0.037050601094961166,0.031508661806583405,0.01838633231818676,0.011686297133564949,0.004867097828537226,-0.0016285117017105222,-0.0024437052197754383,0.00947663001716137,0.03443741053342819,0.05675299093127251,0.040336694568395615,0.04204855486750603,0.021079115569591522,0.020892564207315445,0.04546182602643967,0.17531602084636688,0.291941374540329,0.3164639174938202,0.31533297896385193,0.2796633839607239,0.25297561287879944,0.20161907374858856,0.11585500091314316,0.10080114752054214,0.06297196447849274,0.03648835048079491,0.0035403920337557793,-0.032004464417696,-0.058971717953681946,-0.1294470578432083,-0.09202977269887924,-0.07334820181131363,-0.03231121972203255,0.01991020329296589,0.07228802144527435,0.22915242612361908,0.1866171956062317,0.2308984249830246,0.18129126727581024,0.2229575514793396,0.11085090041160583,0.08538055419921875,0.024046259000897408,-0.00512093398720026,-0.026141177862882614,-0.0164449792355299,-0.026299599558115005,-0.04522174224257469,-0.005182769615203142,-0.015397933311760426,-0.019356457516551018,0.006969877518713474,-0.012608814984560013,-0.03411063179373741,-0.002404405502602458,0.029921934008598328,0.12756626307964325,0.16247326135635376,0.5112026929855347,0.10879939794540405,0.11389138549566269,-0.0212017223238945,0.10974255204200745,-0.019614871591329575,-0.006342959590256214,0.030237747356295586,-0.04223751649260521,-0.0037563571240752935,-0.014096512459218502,-0.03825979679822922,0.18820759654045105,-0.09841190278530121,0.12069854140281677,-0.1317102164030075,0.05918972194194794,0.0313442200422287,-0.08556842058897018,-0.2959280014038086,0.033727578818798065,0.06418672949075699,-0.045132528990507126,0.21742387115955353,-0.43985986709594727,0.07316601276397705,0.06592503935098648,0.09527470916509628,-0.05495379492640495,0.012162590399384499,0.21175602078437805,-0.22292077541351318,-1.3577613830566406,1.31135094165802,-0.36282676458358765,0.019678890705108643,-1.0390129089355469,0.5942420959472656,-0.5583518743515015,0.5078902244567871,0.002437806921079755,-0.012196974828839302,0.01604299247264862,0.2966175377368927,-0.27711573243141174,-0.02657533995807171,0.02210467867553234,0.047362394630908966,-0.028936050832271576,0.015826398506760597,0.6832773685455322,0.30533063411712646,0.2241823673248291,-0.9898317456245422,1.8125311136245728,-1.8919007778167725,0.5293377637863159,0.46078795194625854,0.4144307076931,-0.1181168407201767,0.5020816922187805,0.06839122623205185,0.0916404202580452,-0.11628236621618271,-0.03539203479886055,0.019415322691202164,0.10200445353984833,0.058406949043273926,9.851554949591446e-08,-0.019116612151265144,-0.0002598737773951143,-3.152918907289859e-06,6.693019827253011e-07,-2.3632972443010658e-05,-0.0005054462235420942,-6.06934118270874,0.2732563018798828,0.04053853079676628,-0.005310965236276388,-0.02380264177918434,0.027891922742128372,0.03811050206422806,0.050499144941568375,0.03363339230418205
346,-0.0012865773169323802,-0.004875421989709139,-0.010921865701675415,-0.012268186546862125,-0.014694616198539734,-0.011547772213816643,-0.008578172884881496,-0.007049803622066975,-0.00747250160202384,-0.007285741623491049,-0.005647109821438789,-0.00523353973403573,-0.00670078257098794,-0.009583938866853714,-0.012089179828763008,-0.014317192137241364,-0.015765124931931496,-0.014400787651538849,-0.021392276510596275,-0.024464916437864304,-0.032958321273326874,-0.04339490458369255,-0.02739361673593521,-0.03180897235870361,-0.0342283695936203,-0.019083769991993904,-0.024143904447555542,-0.016502464190125465,-0.01753404177725315,-0.01038160640746355,0.013622594065964222,0.04938877746462822,0.08110889047384262,0.09798078238964081,0.10434731841087341,0.15221275389194489,0.18421721458435059,0.15759822726249695,0.10145221650600433,0.03383254259824753,-0.002529298420995474,-0.029808493331074715,-0.04796960949897766,-0.06687787920236588,-0.14017024636268616,-0.10674156248569489,-0.09778536856174469,-0.07496073842048645,-0.07475700974464417,-0.052929747849702835,-0.07609757035970688,-0.04855324700474739,-0.04455522075295448,-0.04128342866897583,-0.054970744997262955,-0.028652751818299294,-0.0494966059923172,-0.032588645815849304,-0.04761824011802673,-0.0638030469417572,-0.021822720766067505,-0.026926102116703987,-0.03134214133024216,-0.007378317415714264,0.003937946166843176,0.03792136535048485,-0.07035566866397858,0.008643579669296741,0.10418368875980377,-0.005251756869256496,-0.05554718151688576,0.032485540956258774,0.1131834015250206,0.3326680064201355,-0.011871975846588612,0.0015078531578183174,-0.035687536001205444,0.0033601915929466486,-0.024046942591667175,-0.016263281926512718,0.02504475601017475,-0.18969908356666565,0.04406503960490227,0.11791133880615234,0.21756291389465332,-0.19421949982643127,0.19669780135154724,-0.10413248091936111,0.25745612382888794,-0.07213243842124939,0.05943232402205467,0.07699767500162125,0.20023255050182343,-0.025744130834937096,-0.04980693385004997,0.11986526101827621,-0.06230325996875763,0.2377348244190216,0.038643404841423035,-0.036387424916028976,-0.15649139881134033,0.05146344378590584,0.0012318078661337495,0.008520269766449928,0.10388549417257309,-0.25261086225509644,-0.005710310768336058,-0.15978489816188812,0.2762702703475952,-0.5167193412780762,0.2930409014225006,-0.12285273522138596,0.19729653000831604,0.14882296323776245,-0.029883677139878273,-0.15244556963443756,0.0637618899345398,0.06492526829242706,-0.30078554153442383,-0.037089575082063675,-0.0022242111153900623,0.294405996799469,-0.08823242038488388,-0.2539760172367096,-0.12193447351455688,0.07355048507452011,0.17434552311897278,-0.37377867102622986,0.6046057343482971,-0.16264979541301727,-0.20942679047584534,0.014363661408424377,0.1196555644273758,-0.08595040440559387,0.06625592708587646,0.15035991370677948,-0.14392705261707306,-0.14609253406524658,0.02409561723470688,0.011994164437055588,0.021396949887275696,-3.161454458222579e-07,0.003596112597733736,-0.0003745925205294043,-1.40600980103045e-06,-7.407332986986148e-07,-2.3561309717479162e-05,-0.000560038723051548,-0.8187018036842346,0.12081398069858551,0.008803503587841988,-0.003857370698824525,0.05837731435894966,0.034872256219387054,-0.006495203357189894,-0.02331867255270481,-0.02679937519133091
347,2.9380584237514995e-05,0.0018510239897295833,0.009556719101965427,0.01516647357493639,0.02748175710439682,0.028963686898350716,0.024709725752472878,0.014141918160021305,0.0075951009057462215,0.0021756975911557674,-0.0006069086375646293,-0.0012291508028283715,-0.0017245443305000663,-0.002886529080569744,-0.004204335156828165,-0.0046566748060286045,-0.0051638465374708176,-0.0045495652593672276,-0.006906044669449329,-0.004752810113132,0.0024960560258477926,0.03248635306954384,0.0674726665019989,0.14945746958255768,0.22809359431266785,0.1320328712463379,0.1699889749288559,0.08702593296766281,0.06182360276579857,0.03344525024294853,0.022071246057748795,0.003509458852931857,-0.00276384549215436,-0.0055616931058466434,-0.009630938991904259,-0.0185680091381073,-0.030214747413992882,-0.031958241015672684,-0.03236743062734604,-0.02643704228103161,-0.028956279158592224,-0.02853941172361374,-0.03247617185115814,-0.03365281596779823,-0.042024336755275726,-0.0006658053025603294,0.059271395206451416,0.12057904899120331,0.211098775267601,0.20288556814193726,0.24872976541519165,0.1381373554468155,0.06265798211097717,0.027709977701306343,0.0024876126553863287,-0.007152182050049305,-0.012496895156800747,-0.010864862240850925,-0.022115420550107956,-0.020126521587371826,-0.007949747145175934,-0.014119182713329792,-0.006577429361641407,0.0021238154731690884,0.011260362342000008,0.04758809134364128,-0.04066487401723862,-0.02400907129049301,0.3092252016067505,-0.08298605680465698,0.2767830193042755,0.14076180756092072,0.14525540173053741,0.34467196464538574,0.08405077457427979,0.053907472640275955,-0.043095145374536514,0.02628214657306671,-0.004098923411220312,-0.01459560077637434,0.006611343007534742,-0.003274340881034732,-0.012556774541735649,-0.04516221582889557,-0.046711377799510956,0.05681503564119339,-0.041642311960458755,-0.09376365691423416,-0.9888696074485779,0.379842609167099,-1.008888840675354,-0.0018037902191281319,-0.21133387088775635,0.9682365655899048,0.4396046996116638,-0.23430801928043365,0.32785630226135254,-0.21128305792808533,0.015461811795830727,-0.0061919838190078735,0.03744549676775932,-0.005259205587208271,-0.004238150082528591,-0.01192309521138668,-0.0020272203255444765,-0.015400760807096958,0.06385700404644012,0.01120587158948183,0.09942376613616943,-0.0323963426053524,0.22323384881019592,-0.8254287838935852,0.30721867084503174,-0.18537871539592743,-1.2149075269699097,-0.08135462552309036,1.8363063335418701,-0.7609723806381226,0.5741159319877625,-0.0314190536737442,0.046783555299043655,-0.18981797993183136,-0.01589738018810749,-0.14691607654094696,0.05083787068724632,0.1577758491039276,0.00868202093988657,0.309587687253952,-0.3885962963104248,0.2247745394706726,0.11958067864179611,0.4580345153808594,-2.4569671154022217,-0.04921305179595947,-5.777729034423828,-1.2607754468917847,7.115117073059082,-0.3755020499229431,-1.0537121295928955,0.20566649734973907,-0.5278503894805908,4.988354973534115e-08,-0.0023766334634274244,-8.101276034722105e-05,-6.932401674930588e-07,1.7162615506549628e-07,-6.247636520129163e-06,-0.00016626814613118768,0.21851317584514618,0.1609477698802948,0.02196776680648327,-0.0025026367511600256,-0.004873562604188919,0.008973867632448673,0.024952558800578117,0.027575278654694557,0.017354020848870277
348,0.0014560151612386107,0.0037354922387748957,0.004707558546215296,0.0006331170443445444,-0.004710698034614325,-0.006844205316156149,-0.006359975319355726,-0.005828588269650936,-0.006694946438074112,-0.006140745244920254,-0.004976046271622181,-0.004628349561244249,-0.005998059641569853,-0.008233698084950447,-0.010691508650779724,-0.012571628205478191,-0.013834789395332336,-0.01233084499835968,-0.018291449174284935,-0.021673893555998802,-0.029740799218416214,-0.039172206073999405,-0.024807674810290337,-0.028924861922860146,-0.031040184199810028,-0.017314711585640907,-0.0225282721221447,-0.01513211615383625,-0.019453492015600204,-0.017679419368505478,-0.012777245603501797,0.021824464201927185,0.06648075580596924,0.10098341852426529,0.11596310883760452,0.16483864188194275,0.15151165425777435,0.08618146926164627,0.031138014048337936,0.0016852576518431306,-0.009507873095571995,-0.017810232937335968,-0.027607761323451996,-0.04281521216034889,-0.09684178233146667,-0.0839914083480835,-0.08320203423500061,-0.06468547880649567,-0.06915474683046341,-0.046575844287872314,-0.06889453530311584,-0.045375119894742966,-0.040072422474622726,-0.03629769757390022,-0.04829086735844612,-0.02519984170794487,-0.04351358115673065,-0.029401106759905815,-0.04078201949596405,-0.05525002256035805,-0.026569491252303123,-0.03185005486011505,-0.04729893058538437,-0.0034018440637737513,-0.004162479657679796,0.04128254950046539,-0.08583293110132217,0.035867251455783844,0.2564776539802551,-0.021065056324005127,-0.038173068314790726,0.03677305951714516,0.09574173390865326,0.5067980289459229,-0.0726204439997673,0.020549684762954712,-0.07147649675607681,0.012911713682115078,-0.01786441169679165,-0.0010928543051704764,0.11353831738233566,-0.23030723631381989,0.12719789147377014,0.1529877632856369,0.2780741751194,-0.15565434098243713,0.22118769586086273,-0.10286272317171097,0.2489907443523407,-0.04045639932155609,0.07628866285085678,0.0868162214756012,0.21811409294605255,0.02229509875178337,-0.04535561054944992,0.11137229949235916,-0.04159730300307274,0.2278800904750824,0.05181703716516495,-0.04785756766796112,-0.1571546345949173,0.056404389441013336,0.0014862468233332038,-0.02847319096326828,0.09975339472293854,-0.2991153597831726,-0.006095598451793194,-0.22012020647525787,0.4607909321784973,-0.8851609826087952,0.1501981019973755,-0.15441635251045227,0.22705799341201782,0.10812673717737198,0.09460332989692688,-0.2612777054309845,0.10485975444316864,0.03404702618718147,-0.3878391683101654,-0.23945730924606323,0.08769062906503677,0.5964745283126831,-0.1623876839876175,-0.41377556324005127,-0.3251165449619293,0.17074225842952728,0.18689708411693573,-0.39651089906692505,0.5801538825035095,-0.13329093158245087,-0.20448192954063416,0.09393011033535004,0.07518953830003738,-0.08422274887561798,0.06046158820390701,0.2669714689254761,-0.25561943650245667,0.006043477449566126,0.10112331062555313,-0.02726251818239689,0.014127640053629875,-2.973774542169849e-07,0.024758826941251755,-0.0002729527768678963,8.938611131270591e-07,-7.436705118379905e-07,-2.5090244889725e-05,-0.00042207149090245366,-0.7280555367469788,0.15145394206047058,0.0009497202700003982,-0.006088144611567259,-0.02335725724697113,0.033277563750743866,-0.010695567354559898,-0.037712402641773224,-0.02429046668112278
349,0.00020734577265102416,0.0015709642320871353,0.004908139351755381,0.005206761881709099,0.0025070817209780216,-0.001826559193432331,-0.004089519381523132,-0.004998745862394571,-0.0065247174352407455,-0.006317839026451111,-0.005405794363468885,-0.0048085469752550125,-0.0064485869370400906,-0.008484749123454094,-0.010813329368829727,-0.012751097790896893,-0.014109003357589245,-0.012432963587343693,-0.018213734030723572,-0.02210841327905655,-0.029946835711598396,-0.039591316133737564,-0.025427764281630516,-0.029499977827072144,-0.03128189966082573,-0.017598982900381088,-0.022931257262825966,-0.015682322904467583,-0.020204221829771996,-0.020145393908023834,-0.022243812680244446,0.007368808146566153,0.05019030347466469,0.09375772625207901,0.12351924926042557,0.20635627210140228,0.22804512083530426,0.15254922211170197,0.056492555886507034,-0.007580330595374107,-0.040906425565481186,-0.06509485095739365,-0.06946457922458649,-0.07119905203580856,-0.10631045699119568,-0.07324368506669998,-0.06475783884525299,-0.05288170278072357,-0.05969339609146118,-0.04447242245078087,-0.06857580691576004,-0.04671163111925125,-0.039944786578416824,-0.03561968728899956,-0.047844838351011276,-0.025595515966415405,-0.04194771498441696,-0.031572241336107254,-0.042485520243644714,-0.0558033250272274,-0.027939245104789734,-0.033601630479097366,-0.05273352190852165,-0.002670543733984232,-0.0007388233207166195,0.04359451308846474,-0.07028621435165405,0.07842985540628433,0.4591948091983795,-0.028451552614569664,0.031619854271411896,0.11965197324752808,0.12178358435630798,0.41484057903289795,-0.01640516147017479,-0.011087263934314251,-0.027534818276762962,-0.022387806326150894,-0.015989307314157486,0.05453295633196831,0.19070526957511902,-0.26249682903289795,0.2520417273044586,0.27806925773620605,0.35362690687179565,-0.14165697991847992,0.1549973487854004,-0.05166935175657272,0.1576141119003296,-0.04601401090621948,0.06904491037130356,0.08707929402589798,0.21349766850471497,0.01842983067035675,-0.05345505475997925,0.11436035484075546,-0.05158962681889534,0.2286590039730072,0.03261827677488327,-0.043491754680871964,-0.1351897120475769,0.04583100229501724,-0.0032196606043726206,-0.06380397081375122,-0.02851821295917034,-0.03322933614253998,-0.12001613527536392,-0.22667452692985535,0.21331354975700378,-1.0206151008605957,0.04531611502170563,-0.2162630707025528,0.398711621761322,-0.11877433955669403,-0.04825063422322273,-0.3310929536819458,0.04584556445479393,-0.03593343496322632,-0.3164232075214386,-0.18500103056430817,0.11966561526060104,0.5813196301460266,-0.06304733455181122,-0.610786497592926,-0.45354458689689636,0.20975223183631897,0.18950717151165009,-0.43570366501808167,0.5241369605064392,-0.12401928007602692,-0.1343906968832016,0.09338904172182083,0.06933395564556122,-0.09636430442333221,0.07451186329126358,0.31617021560668945,-0.2936156690120697,0.08809702843427658,0.1433103084564209,-0.03193807601928711,0.01654065027832985,-4.330279637088097e-07,0.02352309040725231,-0.00014925506548024714,1.3574120885095908e-06,-8.876144192981883e-07,-1.5223278751363978e-05,-0.0003570193948689848,-0.39050528407096863,0.14758332073688507,-0.006468533538281918,-0.007307436782866716,-0.021083306521177292,0.035773053765296936,-0.00635603629052639,-0.03847099468111992,-0.037548743188381195
350,-0.0011801407672464848,-0.004699670244008303,-0.0106649873778224,-0.011393221095204353,-0.014163021929562092,-0.011024629697203636,-0.00843648612499237,-0.0069799963384866714,-0.007283163722604513,-0.007198071572929621,-0.00562263885512948,-0.005294271744787693,-0.006685552187263966,-0.009315312840044498,-0.012017452158033848,-0.014085317961871624,-0.015499129891395569,-0.014279516413807869,-0.021614620462059975,-0.02420901507139206,-0.03214109688997269,-0.04234248399734497,-0.026457829400897026,-0.03128209337592125,-0.034124989062547684,-0.01870172843337059,-0.0234302319586277,-0.014768850058317184,-0.010472942143678665,0.006016806699335575,0.06096966564655304,0.09370670467615128,0.10832107812166214,0.08632781356573105,0.06951487064361572,0.07637985795736313,0.10404424369335175,0.11388363689184189,0.10293082892894745,0.05023748427629471,0.011391852051019669,-0.021551020443439484,-0.04810471460223198,-0.07151375710964203,-0.15038064122200012,-0.10609866678714752,-0.09750960022211075,-0.072321817278862,-0.07299261540174484,-0.04966540262103081,-0.0741221234202385,-0.04761806130409241,-0.04352276027202606,-0.043130334466695786,-0.057266395539045334,-0.028407424688339233,-0.048813242465257645,-0.032354824244976044,-0.045359570533037186,-0.06310973316431046,-0.020085947588086128,-0.02681146189570427,-0.029112953692674637,-0.00839279219508171,0.018396442756056786,0.07383546233177185,-0.09198423475027084,0.026254771277308464,0.14035795629024506,-0.02243012748658657,-0.0664273127913475,-0.01492189522832632,0.05369776487350464,0.2136978805065155,-0.021597320213913918,-0.019423693418502808,-0.030858471989631653,0.04125967621803284,-0.014609148725867271,-0.00695271510630846,-0.012926895171403885,-0.15091106295585632,0.0352955088019371,0.12094143778085709,0.13907800614833832,-0.16489185392856598,0.23753952980041504,-0.07377922534942627,0.2987729609012604,-0.07419533282518387,0.0551406554877758,0.08186054229736328,0.19877350330352783,-0.028532300144433975,-0.03498966246843338,0.12453220039606094,-0.05723504722118378,0.23558606207370758,0.019266853109002113,-0.026284489780664444,-0.13800263404846191,0.03669895604252815,-0.03714873641729355,0.06121551990509033,0.1208333820104599,-0.3491283357143402,0.014874283224344254,-0.24107494950294495,0.14737144112586975,-0.4059871435165405,0.12152010947465897,-0.1331002116203308,0.08820420503616333,0.11180682480335236,-0.04766983911395073,-0.10687383264303207,-0.0035446814727038145,0.03422332927584648,-0.17355991899967194,0.04820163920521736,0.04590028151869774,0.21310541033744812,-0.06164877116680145,-0.18989287316799164,-0.0823206827044487,0.04039547219872475,0.17753387987613678,-0.34837833046913147,0.5815961956977844,-0.14995259046554565,-0.1648813635110855,0.0027525760233402252,0.17822115123271942,-0.0693352073431015,0.09233595430850983,0.019593095406889915,0.02951810508966446,-0.30997368693351746,-0.21074654161930084,0.18906529247760773,0.05679275840520859,-1.2656522585530183e-07,0.005051197949796915,-0.00043937674490734935,-2.0011789274576586e-06,-2.6832557864509e-07,-2.7111182134831324e-05,-0.0006490121013484895,-0.3801851272583008,0.1303568035364151,0.021074118092656136,-0.0015898754354566336,0.053874511271715164,0.03595724329352379,-0.00023880338994786143,-0.006176541559398174,0.025652999058365822
351,-0.0017136653186753392,-0.006954267621040344,-0.013469502329826355,-0.01737642101943493,-0.019327325746417046,-0.01589151844382286,-0.011433926410973072,-0.009906770661473274,-0.008615654893219471,-0.0096207270398736,-0.007684681098908186,-0.006331122014671564,-0.007529707625508308,-0.007866011932492256,-0.002976548159494996,0.0049238428473472595,0.012025851756334305,0.009165240451693535,0.0023291383404284716,-0.01102661993354559,-0.02747337706387043,-0.04420141130685806,-0.03503325954079628,-0.03817198798060417,-0.04114845395088196,-0.023223981261253357,-0.03229553624987602,-0.022873014211654663,-0.02608855813741684,-0.02762768790125847,-0.0398717075586319,-0.018880825489759445,0.010084493085741997,0.04132774844765663,0.06923388689756393,0.10840415209531784,0.11935365200042725,0.06622402369976044,0.009112867526710033,-0.02406369149684906,-0.038198016583919525,-0.04857690632343292,-0.05577435716986656,-0.05993131175637245,-0.12725652754306793,-0.10476084053516388,-0.10554071515798569,-0.0843747928738594,-0.08395206183195114,-0.05935985594987869,-0.08349797129631042,-0.04848264157772064,-0.03439166024327278,-0.021504277363419533,-0.025239963084459305,-0.014514228329062462,-0.02605675347149372,-0.026197342202067375,-0.036065682768821716,-0.06847444921731949,-0.038133956491947174,-0.050048328936100006,-0.0844695046544075,-0.01317003183066845,-0.0385650172829628,-0.07074742764234543,0.03812921792268753,-0.025522509589791298,-0.11213229596614838,-0.0038690799847245216,-0.016296429559588432,-0.020598143339157104,-0.002478022128343582,-0.009812767617404461,0.013189594261348248,0.0025935107842087746,-0.001005816156975925,-0.018612205982208252,-0.008549004793167114,0.006415254902094603,-0.015006941743195057,0.011060777120292187,-0.018144119530916214,0.013188734650611877,0.023279165849089622,-0.13724742829799652,0.009989790618419647,-0.08018959313631058,0.09764982014894485,-0.12364675104618073,-0.004750955384224653,0.017260679975152016,0.03664669767022133,-0.057345762848854065,-0.033167045563459396,0.057703301310539246,-0.07231275737285614,0.3125770092010498,-0.021763768047094345,0.02287265658378601,-0.27586618065834045,0.14413434267044067,0.020987732335925102,-0.11395011097192764,-0.01850009150803089,0.31923797726631165,-0.21209201216697693,0.01099853590130806,-0.08812811970710754,0.14721104502677917,-0.030849795788526535,0.20768499374389648,-0.06774887442588806,0.023152971640229225,0.011911483481526375,0.04184388369321823,-0.19954678416252136,0.3663884103298187,-0.46315646171569824,0.03138570487499237,0.004913259297609329,0.2619686722755432,-0.03822527825832367,-0.217096745967865,-0.09578219801187515,0.01328730396926403,0.17103758454322815,-0.2258031964302063,0.2689724266529083,-0.06933395564556122,0.07810529321432114,-0.037457358092069626,0.12107636779546738,-0.16129040718078613,0.09681908786296844,0.3864472508430481,-0.5725488662719727,0.2904324233531952,0.04439407214522362,-0.14130541682243347,-0.018145397305488586,-9.367741995447432e-07,-0.023045828565955162,-0.00018773865303955972,-1.2479480346883065e-06,-1.0044195732916705e-06,-3.971248133893823e-06,-0.00022605201229453087,1.6514184474945068,-0.08613918721675873,0.03219331055879593,0.002952391980215907,0.0193212628364563,0.03827941417694092,0.005605017766356468,0.01879921555519104,0.04828967526555061
352,-0.0003774430660996586,-5.386164411902428e-05,0.0029985355213284492,0.007458325941115618,0.010598758235573769,0.010219058953225613,0.009060676209628582,0.011912583373486996,0.014068120159208775,0.013858928345143795,0.007388832978904247,0.0022929587867110968,0.00175957172177732,0.004658624529838562,0.010809674859046936,0.015269390307366848,0.012283353134989738,0.004152480512857437,0.0014942295383661985,0.002129579894244671,0.002759333234280348,0.0035569267347455025,0.00314319902099669,0.011478967033326626,0.028228072449564934,0.029011378064751625,0.06085957586765289,0.04894542321562767,0.06664885580539703,0.07036732882261276,0.1007874608039856,0.05642519146203995,0.016432110220193863,-0.01044508721679449,-0.030716324225068092,-0.05535511672496796,-0.07613591849803925,-0.06719345599412918,-0.054858431220054626,-0.029360739514231682,-0.014976946637034416,-0.00599622493609786,-0.0016246738377958536,-0.013147708028554916,-0.03384360298514366,-0.01841435581445694,0.00543571263551712,0.01946142502129078,0.02407808229327202,0.026813248172402382,0.060768596827983856,0.0582733228802681,0.04662327840924263,0.042787984013557434,0.05417422205209732,0.01582920178771019,0.036708392202854156,0.009971722960472107,0.013681625947356224,0.02078363485634327,-0.011338209733366966,0.0046301125548779964,0.02852821536362171,-0.033762793987989426,0.006173206027597189,0.017268307507038116,0.0014847095590084791,-0.005420794244855642,-0.042835962027311325,-0.011858096346259117,-0.013166646473109722,-0.018601587042212486,0.0014592676889151335,0.04694553092122078,0.005038217641413212,-0.04081108048558235,-0.11034108698368073,-0.008308375254273415,0.03678778558969498,-0.07302741706371307,-0.0783768892288208,0.01830127276480198,-0.06622225791215897,-0.15337368845939636,-0.15427523851394653,0.06900787353515625,-0.09837308526039124,0.016335373744368553,-0.1476503312587738,-0.030769474804401398,-0.05515262112021446,-0.014988667331635952,-0.07732191681861877,-0.049958474934101105,0.041944876313209534,-0.16914121806621552,0.10357863456010818,-0.4475852847099304,-0.20195171236991882,-0.03494608402252197,-0.11597993969917297,0.11146765202283859,0.03577841818332672,-0.08112782984972,-0.0073243724182248116,0.3409413695335388,-0.18952235579490662,0.10583518445491791,-0.05233367159962654,0.3974257707595825,-0.3871632218360901,0.1779763400554657,-0.27505794167518616,0.05302487313747406,0.2810732424259186,0.11925438791513443,-0.13955338299274445,0.5284756422042847,-0.4089212715625763,0.10488293319940567,0.0075364625081419945,0.16630615293979645,0.06987842172384262,-0.2084784209728241,-0.042906153947114944,-0.003866872051730752,0.1367575079202652,-0.38301196694374084,0.502241849899292,-0.10679344087839127,-0.05027669668197632,-0.09145636856555939,0.1725623607635498,-0.43787726759910583,0.22703562676906586,0.4553860127925873,-0.31852108240127563,0.234763503074646,0.028369061648845673,0.13255570828914642,0.04920748248696327,-7.076880592649104e-07,-0.052129924297332764,-0.0003758703242056072,-2.5774268124223454e-06,-6.966938599362038e-07,-2.0404831957421266e-05,-0.0005824367399327457,0.2002597451210022,-0.0981539934873581,-0.13651838898658752,-0.007542518898844719,-0.02282334305346012,-0.17660117149353027,-0.13819968700408936,-0.1175355613231659,-0.15096434950828552
353,-0.0013866649242118,-0.00551386084407568,-0.011929269880056381,-0.015920355916023254,-0.017174839973449707,-0.013848484493792057,-0.00948659423738718,-0.007946503348648548,-0.007941562682390213,-0.0078084529377520084,-0.006364037748426199,-0.005908653140068054,-0.007490749005228281,-0.009807157330214977,-0.012435749173164368,-0.014490663073956966,-0.016532711684703827,-0.015041656792163849,-0.022927459329366684,-0.02665252424776554,-0.03485388681292534,-0.04612438380718231,-0.03186391666531563,-0.033451687544584274,-0.03639158234000206,-0.020308692008256912,-0.02823999896645546,-0.018764084205031395,-0.02384486235678196,-0.027477340772747993,-0.04478346183896065,-0.036694612354040146,-0.027404991909861565,-0.022438563406467438,-0.027069201692938805,-0.05308973789215088,-0.09309195727109909,-0.11099673807621002,-0.11391987651586533,-0.08160114288330078,-0.08446411788463593,-0.0985383689403534,-0.10360091924667358,-0.10400476306676865,-0.17328692972660065,-0.1251860409975052,-0.11156205832958221,-0.0819372832775116,-0.08152252435684204,-0.05633948743343353,-0.08258616179227829,-0.06204958260059357,-0.04456596449017525,-0.043109968304634094,-0.05344139784574509,-0.029936248436570168,-0.052850399166345596,-0.0451226569712162,-0.05513317510485649,-0.07501596957445145,-0.041911400854587555,-0.043675657361745834,-0.07545885443687439,-0.001819482771679759,-0.03475471958518028,-0.05840165913105011,0.020070543512701988,-0.014042411930859089,-0.12223466485738754,0.014316599816083908,0.009515197947621346,0.011730304919183254,0.0492170974612236,0.2363256961107254,0.05011861026287079,-0.018896473571658134,-0.0027900475542992353,-0.06149207800626755,-0.010494843125343323,0.12430344521999359,0.16158993542194366,-0.13950933516025543,0.17719076573848724,0.13096404075622559,0.20420171320438385,-0.15119297802448273,0.08595521748065948,-0.044617440551519394,0.18360930681228638,-0.11116790026426315,0.06981902569532394,0.06343768537044525,0.21920518577098846,-0.03046073392033577,-0.07294388115406036,0.10620627552270889,-0.04041901230812073,0.287057489156723,0.024300655350089073,-0.019898245111107826,-0.2270890176296234,0.09800376743078232,0.009720410220324993,-0.08739402145147324,-0.10944108664989471,0.32382315397262573,-0.11629384011030197,-0.03615299612283707,-0.09552954137325287,-0.19521602988243103,0.00856174249202013,0.07919017970561981,0.09454203397035599,-0.024482563138008118,0.017568079754710197,0.1523958146572113,-0.2231898009777069,0.7831852436065674,-0.7068377733230591,-0.12837159633636475,0.04883848503232002,0.29061323404312134,-0.06574413180351257,-0.32419106364250183,-0.14462220668792725,0.1568116694688797,0.1398920714855194,-0.3493967056274414,0.522625207901001,-0.129851296544075,-0.12692321836948395,0.151280477643013,0.23206643760204315,-0.19201883673667908,0.10888919979333878,0.3658900260925293,-0.32403862476348877,0.06581408530473709,0.22519376873970032,-0.023866508156061172,0.06583482772111893,-7.06394473581895e-07,0.04291335493326187,0.0001395528088323772,3.1055999443196924e-06,-2.062414750980679e-06,-2.2461154003394768e-05,0.00026348105166107416,0.4734090566635132,-0.028553206473588943,-0.010383077897131443,-0.015130518935620785,0.07042631506919861,-0.047178417444229126,-0.008653601631522179,-0.04471922293305397,-0.03004203364253044
354,-0.0012303850380703807,-0.004409491084516048,-0.007631644606590271,-0.005419394467025995,0.0017275435384362936,0.00842604786157608,0.008382698521018028,0.0056008645333349705,0.0014374664751812816,-0.003205583430826664,-0.004658163990825415,-0.0051567950285971165,-0.007027820684015751,-0.009053751826286316,-0.011276219971477985,-0.013081647455692291,-0.015353170223534107,-0.01311748381704092,-0.020911041647195816,-0.025398803874850273,-0.03323817253112793,-0.042223282158374786,-0.029949860647320747,-0.032322973012924194,-0.03483300283551216,-0.018769241869449615,-0.027018733322620392,-0.017240671440958977,-0.022724980488419533,-0.02769269421696663,-0.0474967285990715,-0.0442933663725853,-0.04187894985079765,-0.043311428278684616,-0.05166787654161453,-0.08209717273712158,-0.11948776245117188,-0.11948787420988083,-0.11307637393474579,-0.0790238082408905,-0.0840165764093399,-0.09127034991979599,-0.09872502088546753,-0.10167773067951202,-0.1662408709526062,-0.11532670259475708,-0.10199513286352158,-0.07172736525535583,-0.06540994346141815,-0.03771960735321045,-0.04620248079299927,-0.029785215854644775,-0.023536471650004387,-0.027376964688301086,-0.04342597350478172,-0.02334321103990078,-0.04764952138066292,-0.03717873618006706,-0.0480555035173893,-0.0661235898733139,-0.03930051624774933,-0.04006477817893028,-0.07444643974304199,-0.008485037833452225,-0.035715799778699875,-0.05626677721738815,0.02020074799656868,-0.025041094049811363,-0.10921113938093185,0.018993118777871132,0.004857143387198448,-0.017919639125466347,0.03188386559486389,0.27426889538764954,0.039256028831005096,-0.003212281037122011,0.010035058483481407,-0.05364503711462021,0.022558515891432762,0.19936710596084595,0.2535368800163269,-0.15372027456760406,0.1856713443994522,0.2014477550983429,0.15390397608280182,-0.12108799070119858,0.07759825140237808,-0.042102232575416565,0.22042377293109894,-0.07896909862756729,0.08268860727548599,0.09681592881679535,0.2472350001335144,-0.008024492301046848,-0.06381618231534958,0.10971058160066605,-0.018993111327290535,0.27396517992019653,0.01959938555955887,-0.009982668794691563,-0.1908474564552307,0.09819863736629486,0.021964728832244873,-0.08754755556583405,-0.11569171398878098,0.3193585276603699,-0.11937731504440308,-0.0491858571767807,-0.07308349758386612,-0.22920651733875275,0.09645121544599533,0.060742706060409546,0.07358622550964355,-0.02233867160975933,0.011471225880086422,0.07858624309301376,-0.16079379618167877,0.43169140815734863,-0.427164763212204,-0.010336443781852722,0.11957959085702896,0.19146297872066498,-0.03312137722969055,-0.3475205898284912,-0.2945534884929657,0.41872158646583557,0.1077471598982811,-0.763995885848999,0.7817439436912537,-0.13205833733081818,-0.18089355528354645,0.2322464883327484,0.34085631370544434,-0.16483251750469208,0.21490046381950378,0.394477516412735,-0.4485319256782532,0.04645635187625885,0.24722705781459808,-0.05371863394975662,0.058494310826063156,-4.1557910890333005e-07,0.06499281525611877,0.00013155983469914645,2.2177141545398626e-06,-1.5227751646307297e-06,-1.1238983461225871e-05,0.00012001400318695232,-0.26931527256965637,0.05234096199274063,0.01448261272162199,-0.01169564202427864,-0.015585381537675858,-0.0018774489872157574,0.015202285721898079,-0.034895159304142,-0.018599050119519234
355,-0.001313903252594173,-0.005623525008559227,-0.010176600888371468,-0.0083127086982131,-0.0009589163237251341,0.007616142276674509,0.009862851351499557,0.008136379532516003,0.003618065034970641,-0.001921221730299294,-0.004665842279791832,-0.005608559586107731,-0.007535911630839109,-0.01014697551727295,-0.012396375648677349,-0.014835911802947521,-0.016426539048552513,-0.014509011059999466,-0.022912226617336273,-0.027970606461167336,-0.035661421716213226,-0.046035975217819214,-0.031804122030735016,-0.03522011265158653,-0.03654732182621956,-0.019946929067373276,-0.02793077565729618,-0.018890047445893288,-0.02264001965522766,-0.027069130912423134,-0.05329879745841026,-0.04735676944255829,-0.045840125530958176,-0.04839855432510376,-0.05759422481060028,-0.09287716448307037,-0.1358606368303299,-0.14043903350830078,-0.12800729274749756,-0.09014753252267838,-0.09888517111539841,-0.10582350194454193,-0.11490240693092346,-0.10959860682487488,-0.18988549709320068,-0.12645454704761505,-0.11325205117464066,-0.08012048900127411,-0.07355447858572006,-0.050199300050735474,-0.056323710829019547,-0.03293584659695625,-0.02599361352622509,-0.025681285187602043,-0.04393341392278671,-0.02873392403125763,-0.052908413112163544,-0.04463993385434151,-0.060162920504808426,-0.06765583902597427,-0.03166566789150238,-0.04265311732888222,-0.08282884210348129,-0.016453154385089874,-0.04039844870567322,-0.05607907101511955,0.03255803883075714,-0.03218124434351921,-0.09043291211128235,0.06430317461490631,0.016178229823708534,0.010838942602276802,-0.015037793666124344,-0.06195603683590889,0.006117716897279024,0.00018951555830426514,0.004228201694786549,-0.033280208706855774,0.057104237377643585,0.2097708135843277,0.213270366191864,-0.04324955865740776,0.10053978860378265,0.1259402334690094,0.03987595811486244,-0.08523949980735779,0.03937047719955444,-0.05389167740941048,0.16880805790424347,-0.07560902833938599,0.09764286875724792,0.12051896750926971,0.2000756561756134,-0.04233816638588905,-0.11508534848690033,0.12287988513708115,-0.01572636514902115,0.28125110268592834,0.011736039072275162,0.05976565182209015,-0.20475761592388153,0.16838447749614716,0.05934309586882591,-0.09872303158044815,-0.08983641117811203,0.3462802767753601,-0.17276746034622192,0.14323222637176514,-0.18789136409759521,0.2675900459289551,-0.23872333765029907,0.28205031156539917,-0.16386988759040833,-0.02460082806646824,0.027442529797554016,0.05462143197655678,-0.12463272362947464,-0.15126217901706696,0.3902791738510132,0.20930133759975433,-0.09965535253286362,-0.04671962931752205,-0.036202747374773026,-0.4416658282279968,-0.36862078309059143,0.34661123156547546,0.26109692454338074,-0.7630128264427185,0.6715433597564697,-0.10335545986890793,-0.22349852323532104,0.21420902013778687,0.2779409885406494,-0.2556978464126587,0.24024870991706848,0.37624290585517883,-0.46594008803367615,0.002810533158481121,0.2234090119600296,-0.0643898993730545,0.1251005381345749,-5.563456966228841e-07,0.07421113550662994,0.0007244056323543191,3.6290068692323985e-06,-6.34319633263658e-07,8.915463695302606e-06,0.0011834051692858338,0.7152740955352783,-0.036067742854356766,0.03520927205681801,-0.012211787514388561,-0.01571708358824253,-0.03393111377954483,0.0343380868434906,0.09445498883724213,0.006904505658894777
356,-0.00047974922927096486,-0.0038201662246137857,-0.008222166448831558,-0.008872797712683678,-0.012265597470104694,-0.009257285855710506,-0.005032651592046022,-0.0010469347471371293,0.004008837975561619,0.007720599882304668,0.007364320568740368,0.0044348519295454025,0.001220750855281949,-0.003700116416439414,-0.00913845095783472,-0.012695705518126488,-0.014216473326086998,-0.014030165039002895,-0.019905444234609604,-0.02200019545853138,-0.02979571558535099,-0.037949759513139725,-0.025675984099507332,-0.028291450813412666,-0.030358241870999336,-0.016400020569562912,-0.02003665454685688,-0.010345361195504665,-0.006195620633661747,-0.0033880765549838543,-0.008295108564198017,-0.018643701449036598,-0.029052890837192535,-0.03575732186436653,-0.04869460687041283,-0.07631770521402359,-0.11058204621076584,-0.0979054644703865,-0.09409237653017044,-0.0647147074341774,-0.07225964963436127,-0.08447888493537903,-0.08706855028867722,-0.09786943346261978,-0.16309289634227753,-0.09283813834190369,-0.09796220064163208,-0.06970076262950897,-0.0684380829334259,-0.0435795858502388,-0.0647599846124649,-0.05112755671143532,-0.037122782319784164,-0.04662586748600006,-0.05684931203722954,-0.026536541059613228,-0.03998561203479767,-0.029350340366363525,-0.029893003404140472,-0.030265457928180695,-0.008799305185675621,0.023434657603502274,0.1690119355916977,0.04390246048569679,0.29520681500434875,0.43820372223854065,-0.134260892868042,0.005663887597620487,0.4225412607192993,-0.0785486102104187,-0.05812102556228638,-0.008583019487559795,-0.0032090337481349707,-0.007720101624727249,0.0006389078916981816,-0.0004718672716990113,0.05746321380138397,-0.11294131726026535,-0.10374176502227783,0.10458577424287796,0.10779021680355072,-0.25211820006370544,0.11199649423360825,0.24826297163963318,0.1690194010734558,-0.08766838908195496,0.14241737127304077,0.05739811062812805,0.2534414827823639,-0.05268750339746475,0.13516993820667267,0.05252740904688835,0.17230308055877686,-0.04898456484079361,-0.05061135068535805,0.06534996628761292,-0.05068768933415413,0.10662797093391418,-0.03642185032367706,-0.06096102297306061,0.04961357265710831,-0.06526648998260498,-0.3690480887889862,0.09363735467195511,0.27214619517326355,-0.41818761825561523,0.02295743115246296,-0.049722544848918915,-0.08819857239723206,0.014344039373099804,-0.01554409135133028,-0.08422229439020157,-0.08324835449457169,-0.029303671792149544,-0.06813979893922806,-0.011446943506598473,-0.11469165235757828,0.41795894503593445,-0.42713019251823425,0.14698649942874908,0.11091571301221848,0.21021835505962372,0.06511295586824417,-0.15470725297927856,0.054447416216135025,0.06972265988588333,0.11880519241094589,-0.4687991440296173,0.7993512749671936,-0.08490316569805145,-0.13900187611579895,0.01981189288198948,-0.19045981764793396,0.604734480381012,-0.39165252447128296,-1.6274453401565552,0.9051110148429871,-0.5626011490821838,-0.34980833530426025,0.002185887424275279,-0.014559757895767689,1.4412687221465603e-07,0.017440570518374443,-9.057513670995831e-05,1.066580352926394e-06,1.9380240701138973e-07,-1.8792949049384333e-05,-0.00023201927251648158,0.7818412184715271,0.17651738226413727,0.03936377167701721,-0.0012703697429969907,-0.00319087621755898,0.023617440834641457,0.0490180067718029,0.044781994074583054,0.05472240969538689
357,-0.0005877282819710672,-0.004641564097255468,-0.009362175129354,-0.009819503873586655,-0.012223600409924984,-0.010582204908132553,-0.007831830531358719,-0.006657091900706291,-0.00649178447201848,-0.007174340542405844,-0.005148939788341522,-0.00493313604965806,-0.0066367825493216515,-0.009294052608311176,-0.012133612297475338,-0.013186429627239704,-0.012302156537771225,-0.008048350922763348,-0.005552657879889011,-0.0007684641750529408,0.0009566579828970134,-0.0038051868323236704,-0.010535132139921188,-0.02079200930893421,-0.028661072254180908,-0.016898537054657936,-0.023034241050481796,-0.014684271067380905,-0.011745189316570759,-0.0077942437492311,-0.008022477850317955,-0.011740465648472309,-0.01746128872036934,-0.015415250323712826,0.0032719895243644714,0.06488525122404099,0.19329334795475006,0.2341858595609665,0.20965120196342468,0.0870390385389328,0.027008360251784325,-0.0349145382642746,-0.06995483487844467,-0.07764866203069687,-0.13199958205223083,-0.0723312571644783,-0.06315118819475174,-0.04946078732609749,-0.05610693618655205,-0.045612286776304245,-0.07021989673376083,-0.04852565750479698,-0.04429718479514122,-0.03877042979001999,-0.04469362273812294,-0.01893407665193081,-0.02394964173436165,-0.011865721084177494,-0.004583866335451603,0.026111168786883354,0.018587034195661545,0.06087861582636833,0.08910426497459412,0.003988419193774462,0.055708713829517365,0.1585572212934494,-0.2071487307548523,0.012174509465694427,0.1436338573694229,-0.03263367712497711,-0.01659935712814331,-0.005686359014362097,0.041869450360536575,0.3829604387283325,0.043679095804691315,0.07098225504159927,-0.12546871602535248,-0.06668776273727417,-0.18112830817699432,0.0754014179110527,0.14278197288513184,-0.26384100317955017,0.028968963772058487,0.051311738789081573,-0.0033107995986938477,-0.053725942969322205,0.049418263137340546,-0.024114007130265236,0.21575382351875305,-0.09281539916992188,0.07792293280363083,0.029269395396113396,0.07103554159402847,-0.026959124952554703,-0.01671553961932659,-0.004118166398257017,-0.02043066918849945,-0.003142440225929022,-0.021986111998558044,-0.00917791947722435,-0.17663784325122833,0.08861805498600006,0.06180219352245331,-0.048168011009693146,0.010255490429699421,-0.23974670469760895,0.3838157653808594,-0.2919424772262573,0.02915302664041519,-0.11037540435791016,-0.08115259557962418,0.2723119556903839,-0.13960278034210205,0.0017024503322318196,-0.04843644052743912,-0.2012670487165451,0.47555601596832275,-0.5881994962692261,0.427889347076416,-0.036416370421648026,0.02528875693678856,0.07961911708116531,-0.014051811769604683,-0.04548779875040054,0.043957021087408066,-0.07952291518449783,0.048788364976644516,0.1384735256433487,0.0010091959265992045,-0.07081077247858047,0.0036673343274742365,0.017947111278772354,0.02284765988588333,0.32011744379997253,-0.009140729904174805,-1.1883759498596191,1.244895100593567,-0.3109228312969208,-0.49311262369155884,0.09412658214569092,-0.1541614830493927,5.9214393388629105e-08,-0.031674038618803024,-0.0002173704415326938,-1.7720855112202116e-06,3.7540237940447696e-07,-1.8705788534134626e-05,-0.0004597586521413177,-0.7983200550079346,0.20355191826820374,0.031157564371824265,-0.0019160546362400055,0.02251291461288929,0.031218919903039932,0.021066591143608093,0.011530585587024689,0.05517591908574104
358,-0.0003423650050535798,-0.0022638742811977863,-0.004650911316275597,-0.002922564512118697,-0.004572708625346422,-0.0031632427126169205,-0.0005095760570839047,0.003981923218816519,0.010387307032942772,0.021973976865410805,0.019866039976477623,0.01684664748609066,0.01825271174311638,0.017675161361694336,0.01618458889424801,0.022860215976834297,0.05153675377368927,0.08725179731845856,0.18908149003982544,0.19806663691997528,0.2719346582889557,0.30215492844581604,0.17626595497131348,0.11361179500818253,0.07063177973031998,0.015929557383060455,0.020352020859718323,0.025041282176971436,0.04966416209936142,0.07432574778795242,0.12941141426563263,0.08345428109169006,0.03498503938317299,0.002473436761647463,-0.020561516284942627,-0.04023328796029091,-0.05062924325466156,-0.03429913893342018,-0.019240859895944595,-0.004293006379157305,0.0007941730436868966,-0.005104994401335716,-0.019525621086359024,-0.03525080904364586,-0.08293812721967697,-0.0524628721177578,-0.05519651994109154,-0.03688184916973114,-0.03806000202894211,-0.019671687856316566,-0.03857770934700966,-0.027901241555809975,-0.02368735335767269,-0.025608887895941734,-0.027726560831069946,-0.015077062882483006,-0.016243617981672287,-0.004888373427093029,0.005253399722278118,0.019311100244522095,0.01425318792462349,0.020431984215974808,0.0167747400701046,-0.0006729153101332486,0.003947315271943808,0.010992060415446758,-0.021775972098112106,-0.017615579068660736,0.17849381268024445,0.007622215896844864,0.15346935391426086,0.09010426700115204,0.07423094660043716,0.6157407760620117,0.10343921184539795,0.1630202680826187,-0.31996822357177734,0.7716436982154846,0.3606155514717102,0.15914419293403625,-0.036048904061317444,0.5418580174446106,0.002296133665367961,-0.32344043254852295,-0.14564980566501617,0.3179674744606018,0.08326741307973862,-0.14621949195861816,-0.8749610781669617,0.9925564527511597,-0.23002837598323822,-0.054349664598703384,-0.05074702203273773,0.17423155903816223,0.05748606100678444,-0.02167244628071785,0.05224943533539772,-0.27993544936180115,0.08273637294769287,-0.09947867691516876,0.6734354496002197,0.0089584831148386,-0.17147545516490936,0.023636579513549805,-0.03664374724030495,-0.09936592727899551,0.04992999881505966,-0.06587644666433334,0.10909453779459,-0.039933230727910995,-0.012849061749875546,0.029762785881757736,-0.0719180777668953,-0.011970696970820427,-0.02491973154246807,-0.026839887723326683,0.1718461960554123,-0.5026525259017944,0.047434139996767044,0.0034719009418040514,0.006745470687747002,-0.5144203305244446,-0.2815532982349396,0.21670076251029968,0.09201303869485855,-0.12269220501184464,0.039802469313144684,1.4077684879302979,-3.425466299057007,0.43053188920021057,0.9278102517127991,0.8914995193481445,-1.9331713914871216,0.6402143836021423,-2.5948619842529297,-2.0087292194366455,3.97322678565979,0.2659361958503723,-1.1907967329025269,-0.9953500032424927,-1.5960755348205566,1.352868821413722e-07,-0.00429548928514123,-0.00017734842549543828,-2.0239601781213423e-06,3.946778406316298e-07,-1.3752638551522978e-05,-0.00036043685395270586,0.20601241290569305,0.22970977425575256,0.03768240287899971,-0.0027597425505518913,-0.0018719830550253391,0.01634453982114792,0.03571736067533493,0.05728241428732872,0.033048372715711594
359,-0.0013292349176481366,-0.005622285883873701,-0.011083251796662807,-0.014174478128552437,-0.016658926382660866,-0.013484813272953033,-0.009371351450681686,-0.00829581543803215,-0.00759831303730607,-0.00785518903285265,-0.006176556460559368,-0.0050782072357833385,-0.0074796536937355995,-0.009425980970263481,-0.012019607238471508,-0.014357746578752995,-0.016267746686935425,-0.01388503611087799,-0.01995001547038555,-0.025060338899493217,-0.03378448635339737,-0.04287727177143097,-0.029909154400229454,-0.03397861868143082,-0.03477024286985397,-0.01955926977097988,-0.02733989618718624,-0.01954462006688118,-0.023672081530094147,-0.029298029839992523,-0.052118752151727676,-0.046173345297575,-0.04361606016755104,-0.03626926615834236,-0.041441578418016434,-0.05379119887948036,-0.07177099585533142,-0.07700742781162262,-0.08428049832582474,-0.06773918122053146,-0.07846414297819138,-0.08739574253559113,-0.09994979947805405,-0.09937585890293121,-0.16902899742126465,-0.1122954860329628,-0.10709360986948013,-0.07416875660419464,-0.07057414948940277,-0.05223838984966278,-0.07273060828447342,-0.05633384734392166,-0.04607533663511276,-0.04222773760557175,-0.05640022084116936,-0.025273075327277184,-0.044275760650634766,-0.04106709733605385,-0.04490765929222107,-0.0607292614877224,-0.026366421952843666,-0.046242907643318176,-0.06484855711460114,-0.0012135154101997614,-0.029856249690055847,-0.04678034409880638,0.04495633766055107,-0.018361330032348633,-0.1134420856833458,0.026919761672616005,0.031080016866326332,0.00217042095027864,-0.008247633464634418,0.02629648707807064,-0.010639178566634655,-0.1737370789051056,-0.1850770264863968,0.036145322024822235,0.010850775055587292,0.2005147486925125,0.3433704078197479,-0.06804581731557846,0.2510518431663513,0.3188980519771576,0.1978212296962738,-0.09669933468103409,0.05597120150923729,-0.030906936153769493,0.1468868851661682,-0.05834851786494255,0.11207177489995956,0.0643591582775116,0.21322137117385864,-0.00033880132832564414,-0.06769486516714096,0.1290244311094284,-0.06353124976158142,0.3213585615158081,0.04059058427810669,0.010307498276233673,-0.20537345111370087,0.11252395063638687,0.08341673761606216,-0.07129061222076416,-0.10145573318004608,0.3662000894546509,-0.2049405574798584,0.021075252443552017,-0.04010055214166641,0.31715819239616394,-0.0933222621679306,0.2157563418149948,-0.05500797927379608,-0.1343487948179245,-0.22540242969989777,-0.36717456579208374,0.04416828975081444,0.14612948894500732,-0.5659230351448059,-0.03380030393600464,0.2937932014465332,0.33971107006073,-0.024903351441025734,-0.24944157898426056,-0.05267198383808136,0.15956296026706696,0.16883303225040436,-0.3298577666282654,0.45335349440574646,-0.12784136831760406,-0.10622949153184891,0.06528370827436447,0.21483440697193146,-0.18945561349391937,0.19225989282131195,0.4533149003982544,-0.36748459935188293,0.017303014174103737,0.2582494020462036,-0.017444584518671036,0.10413162410259247,-5.10210497850494e-07,0.04505246877670288,4.92929138999898e-05,1.3391924085226492e-06,-1.0610331173666054e-06,-2.880825923057273e-05,-0.000670971698127687,-0.22770167887210846,0.03567861393094063,-0.00439820159226656,-0.013535101898014545,0.0710698738694191,-0.06229080632328987,0.00798491295427084,-0.04301527142524719,-0.026759417727589607
360,-0.0008412321330979466,-0.0020860114600509405,-0.0005872315377928317,0.003968612756580114,0.008787374012172222,0.007159816101193428,0.002101730788126588,-0.0019508077530190349,-0.005146319512277842,-0.006804244127124548,-0.00591100612655282,-0.0051185800693929195,-0.00719255767762661,-0.009143983013927937,-0.011607730761170387,-0.013627441599965096,-0.015679694712162018,-0.01325022242963314,-0.0191328302025795,-0.025606701150536537,-0.0339495949447155,-0.041773486882448196,-0.029335331171751022,-0.03431124985218048,-0.03428659588098526,-0.01873849146068096,-0.02639901451766491,-0.01782676763832569,-0.021980050951242447,-0.026954161003232002,-0.05083330720663071,-0.044917669147253036,-0.04451359808444977,-0.04216725006699562,-0.05551301687955856,-0.08369973301887512,-0.12232644855976105,-0.12433309108018875,-0.11546429246664047,-0.08063250035047531,-0.08881229162216187,-0.09213796257972717,-0.10644329339265823,-0.10095102339982986,-0.16454382240772247,-0.09936542809009552,-0.08543134480714798,-0.047019150108098984,-0.040307339280843735,-0.03079785220324993,-0.05139690637588501,-0.04804273322224617,-0.04063297063112259,-0.03984053432941437,-0.056987181305885315,-0.028018267825245857,-0.04611916467547417,-0.036772340536117554,-0.04764971882104874,-0.0614650696516037,-0.026283172890543938,-0.04660195857286453,-0.07349543273448944,-0.014852389693260193,-0.03571191802620888,-0.05876912549138069,0.03438534215092659,-0.032962433993816376,-0.09936773777008057,0.05408794805407524,0.022225286811590195,0.01073312759399414,-0.013439537957310677,0.006968298926949501,0.016296954825520515,-0.04452627897262573,-0.08616817742586136,0.011531180702149868,0.019274303689599037,0.1535249948501587,0.31883957982063293,0.11261877417564392,0.21713563799858093,0.3802751302719116,0.1772845983505249,-0.1114216148853302,0.05584219843149185,-0.02274186722934246,0.1789366751909256,-0.03546794131398201,0.10686385631561279,0.08658858388662338,0.20785197615623474,0.001987394643947482,-0.07110100984573364,0.14087922871112823,-0.0341811403632164,0.31274890899658203,0.04102445766329765,0.020816214382648468,-0.20440058410167694,0.11175142973661423,0.07168310135602951,-0.0932682678103447,-0.131850004196167,0.35774609446525574,-0.20486804842948914,0.046252839267253876,-0.12484903633594513,0.30505430698394775,-0.127909317612648,0.21923761069774628,-0.05068105086684227,-0.011017002165317535,-0.16735635697841644,-0.19699005782604218,-0.059195391833782196,-0.15967343747615814,-0.117418073117733,0.04302610084414482,0.22851680219173431,0.312118262052536,-0.042367950081825256,-0.5014200806617737,-0.4696807861328125,0.42547711730003357,0.22777417302131653,-0.5774251818656921,0.5178447961807251,-0.1400384157896042,-0.15851309895515442,0.11875046044588089,0.2643480896949768,-0.1981160044670105,0.20282872021198273,0.4254893660545349,-0.4168717861175537,-0.013445309363305569,0.21698835492134094,-0.03874456137418747,0.08655306696891785,-7.178282430686522e-07,0.061724722385406494,5.324115136318142e-06,1.5069917935761623e-06,-1.6496543366883998e-06,-2.2380119844456203e-05,-0.000552486686501652,-0.26305514574050903,0.0655316561460495,0.027064260095357895,-0.01467499602586031,-0.01976514607667923,0.020458528771996498,0.019419947639107704,0.0981881394982338,-0.011657093651592731
361,-0.0011987178586423397,-0.0057364217936992645,-0.012029698118567467,-0.01645493693649769,-0.018483716994524002,-0.014901003800332546,-0.009072237648069859,-0.004590284079313278,0.0018593014683574438,0.0090481573715806,0.011241369880735874,0.00877395085990429,0.0059005748480558395,-0.0011852389434352517,-0.008348831906914711,-0.01492123119533062,-0.018079625442624092,-0.01712370291352272,-0.023608196526765823,-0.028706567361950874,-0.03636137768626213,-0.0484498105943203,-0.03408604860305786,-0.03566409647464752,-0.036706067621707916,-0.017353199422359467,-0.013185313902795315,0.0033091907389461994,0.02401510253548622,0.04328716918826103,0.08144866675138474,0.038701869547367096,-0.003520519705489278,-0.03313300386071205,-0.05649488419294357,-0.0991184264421463,-0.14351271092891693,-0.14612607657909393,-0.13862624764442444,-0.09840001910924911,-0.10054142028093338,-0.11018063873052597,-0.11407501250505447,-0.10364463180303574,-0.1929210126399994,-0.11470133811235428,-0.08794643729925156,-0.04154665023088455,-0.016121339052915573,-0.0005225174827501178,-0.011670028790831566,-0.02419581450521946,-0.03427785634994507,-0.03725723922252655,-0.056478213518857956,-0.028407014906406403,-0.050410423427820206,-0.03834279254078865,-0.04520193859934807,-0.05717343091964722,-0.015861213207244873,-0.03286448493599892,-0.06055686995387077,0.00017748989921528846,-0.034824155271053314,-0.060790397226810455,0.036836445331573486,-0.003801484825089574,-0.0904436931014061,0.024253763258457184,0.0078115020878612995,-0.015335558913648129,-0.036592356860637665,-0.18795408308506012,-0.026909861713647842,-0.014053882099688053,0.08006418496370316,-0.025639375671744347,-0.012462631799280643,-0.03058583103120327,-0.05722556635737419,0.016382381319999695,-0.033644162118434906,0.003799648489803076,0.020607417449355125,-0.08826320618391037,0.043482910841703415,-0.05112382397055626,0.14131183922290802,-0.13500985503196716,0.036707084625959396,0.06839104741811752,0.1677427589893341,-0.0840332955121994,-0.08385346829891205,0.10614072531461716,-0.06385288387537003,0.2175062596797943,-0.03247473016381264,-0.01636476069688797,-0.16049383580684662,0.10095156729221344,0.05020909383893013,-0.09763189405202866,-0.0246136374771595,0.3370177447795868,-0.20767641067504883,0.13564826548099518,-0.14715595543384552,0.32632413506507874,-0.385905921459198,0.220378577709198,-0.28895804286003113,-0.057484548538923264,0.09705659002065659,0.09755061566829681,-0.20130588114261627,0.34681567549705505,-0.3072202503681183,0.10708871483802795,0.02930479869246483,0.22598896920681,-0.04785558581352234,-0.2082454264163971,-0.09902044385671616,0.03023206815123558,0.19315235316753387,-0.35435664653778076,0.5483630895614624,-0.07692248374223709,-0.15010479092597961,0.008396157063543797,0.24894510209560394,-0.39085423946380615,0.1501094251871109,0.3460880219936371,-0.39211857318878174,0.11071255058050156,0.1820509433746338,-0.06849092990159988,0.06728608906269073,-1.2471444676975807e-07,-0.012002252042293549,0.0006708891014568508,1.1162040891576908e-06,1.6093730437205522e-06,6.41083242953755e-05,0.00167848018463701,2.317828416824341,-0.3305315673351288,-0.006657662335783243,0.0176347978413105,-0.002801398979499936,0.03388836979866028,0.007133396342396736,0.035225048661231995,0.004115134011954069
362,-0.0005713882273994386,-0.002057925332337618,-0.002554849721491337,0.000183854324859567,0.004228001926094294,0.005303351674228907,0.002753026084974408,0.0006082996842451394,-0.0015012723160907626,-0.0034179198555648327,-0.0030816185753792524,-0.003686374519020319,-0.004065506160259247,-0.005962856579571962,-0.008491670712828636,-0.009525895118713379,-0.010410020127892494,-0.011031264439225197,-0.015350893139839172,-0.016996268182992935,-0.022981958463788033,-0.028824307024478912,-0.016891397535800934,-0.015116504393517971,-0.010158107616007328,-0.0021443571895360947,0.00013577425852417946,0.0006232264568097889,0.0027182712219655514,0.015398301184177399,0.09579335153102875,0.21817441284656525,0.35098764300346375,0.3993760347366333,0.4091222882270813,0.5303521752357483,0.447022944688797,0.16574260592460632,0.023757824674248695,-0.018578069284558296,-0.03260033577680588,-0.04044509306550026,-0.04408944025635719,-0.05895279347896576,-0.11047354340553284,-0.07425320148468018,-0.06571339815855026,-0.04155750200152397,-0.035717666149139404,-0.020904870703816414,-0.026357557624578476,-0.02225872129201889,-0.02391328290104866,-0.02623528614640236,-0.03085094317793846,-0.00916221458464861,0.028967004269361496,0.0647183358669281,0.13807368278503418,0.1940934807062149,0.14647738635540009,0.11853322386741638,0.08528698235750198,0.007003930862993002,-0.019015980884432793,-0.046751320362091064,0.0014430471928790212,-0.027279719710350037,-0.06046885624527931,-0.013752399943768978,-0.0078056575730443,-0.0037274647038429976,0.030565844848752022,0.10113318264484406,0.09748516976833344,0.11370118707418442,-0.032891642302274704,0.09197323769330978,-0.015517172403633595,-0.04896441474556923,0.07687597721815109,-0.041720155626535416,-0.010745609179139137,-0.006662336643785238,0.003368315054103732,-0.04263236001133919,0.006780040450394154,-0.018021153286099434,0.044294312596321106,-0.04781542718410492,-0.011266278102993965,-0.0036506876349449158,-0.2061137557029724,0.07764014601707458,0.030246959999203682,-0.03460428863763809,0.015728408470749855,-0.0005481438711285591,-0.02369278483092785,-0.007995550520718098,-0.0013708360493183136,-0.031239254400134087,-0.008829310536384583,0.18212391436100006,0.4673398733139038,-1.1121312379837036,1.4358043670654297,-0.44689464569091797,1.3485448360443115,-1.0698258876800537,0.8659770488739014,-0.24709834158420563,2.9706732675549574e-05,0.021390095353126526,0.030406318604946136,0.10359333455562592,0.19425712525844574,-0.16181065142154694,0.0520782507956028,-0.032010290771722794,-0.05626441538333893,0.30144739151000977,-0.08853969722986221,-0.07630380243062973,-0.062075696885585785,-0.0707056075334549,0.07350192964076996,-0.12421909719705582,0.05991837754845619,0.10057342052459717,0.38395336270332336,-0.47210294008255005,-0.11197669059038162,0.8347465395927429,-0.3331194519996643,-1.5769946575164795,2.1845526695251465,-0.39169323444366455,-0.08455586433410645,0.12404965609312057,0.008270389400422573,-1.2209530098061805e-07,-0.001769783440977335,-0.00014057858788874,-1.2282373518246459e-06,1.44855135886246e-07,-1.4678717889182735e-05,-0.0002879891835618764,-5.502010822296143,0.22514067590236664,0.03567688912153244,-0.004798362962901592,-0.011697052046656609,0.02223963662981987,0.022517995908856392,0.04571587219834328,0.03437798097729683
363,-0.0009688669815659523,-0.0044286600314080715,-0.008107686415314674,-0.010184982791543007,-0.012083255685865879,-0.009670507162809372,-0.007249894086271524,-0.005996734835207462,-0.005731245502829552,-0.00617936160415411,-0.004801561590284109,-0.005154160317033529,-0.005522033199667931,-0.008034114725887775,-0.011042824946343899,-0.01167646050453186,-0.013415621593594551,-0.011807559989392757,-0.02055966667830944,-0.021531490609049797,-0.027131235226988792,-0.03641970828175545,-0.02390017919242382,-0.027087509632110596,-0.030526060611009598,-0.015564095228910446,-0.022334210574626923,-0.015605849213898182,-0.01617482677102089,-0.013920305296778679,-0.008628745563328266,0.004429598804563284,0.009495739825069904,0.003120030742138624,-0.014108068309724331,-0.04853808507323265,-0.09000291675329208,-0.0914301946759224,-0.0924394354224205,-0.06478540599346161,-0.06545557081699371,-0.07872635871171951,-0.08038545399904251,-0.08913344144821167,-0.15872758626937866,-0.09061109274625778,-0.08965682983398438,-0.06603264808654785,-0.06379053741693497,-0.04119260981678963,-0.06188741326332092,-0.045855674892663956,-0.030598608776926994,-0.040458425879478455,-0.05027051270008087,-0.027200710028409958,-0.042471032589673996,-0.030748555436730385,-0.03565279766917229,-0.022538738325238228,0.020881714299321175,0.12093723565340042,0.3173365294933319,-0.039468761533498764,0.30719995498657227,0.3059857189655304,-0.06855429708957672,-0.15137454867362976,0.2589063048362732,-0.07934031635522842,-0.1327601969242096,-0.13873839378356934,0.005908656865358353,0.1452716439962387,-0.019755112007260323,0.0003874114481732249,0.11943736672401428,-0.15192914009094238,-0.18258586525917053,-0.10288562625646591,0.2381165325641632,-0.26645025610923767,0.25503212213516235,0.21909044682979584,0.15784256160259247,-0.05207556486129761,0.07474344968795776,0.002333008451387286,0.13721847534179688,-0.0896415039896965,0.06538115441799164,0.03279867768287659,0.16897518932819366,-0.055266499519348145,-0.025762751698493958,0.046886321157217026,-0.03410455211997032,0.0723542794585228,-0.01853148825466633,-0.02720668725669384,-0.14771561324596405,0.05405412241816521,0.006613817065954208,0.021000895649194717,0.16273127496242523,-0.8277598023414612,-0.028915906324982643,-0.4522334933280945,-0.14191803336143494,-0.2807149589061737,-0.07958991080522537,0.4343297779560089,-0.23805171251296997,-0.018500378355383873,0.6655356884002686,0.45948725938796997,-0.664519727230072,0.9413365125656128,-0.5925574898719788,-0.04929831251502037,0.06654585152864456,0.1884167641401291,0.14249113202095032,-0.1732451468706131,0.05968526750802994,-0.004495861474424601,0.006394695024937391,-0.26872187852859497,0.4811849296092987,-0.08042982965707779,-0.04655426740646362,-0.05781849846243858,-0.0905216634273529,0.6143242120742798,-0.6679481267929077,-0.509100079536438,1.4453911781311035,-0.5013010501861572,-1.0615068674087524,0.14567096531391144,-0.3209042251110077,-1.3843314050632216e-08,0.01875341311097145,0.00016956486797425896,3.009273996212869e-06,-2.1230606250810524e-07,1.8556323993834667e-05,8.466644794680178e-05,0.6087568998336792,0.17627890408039093,0.04137706011533737,0.00022073343279771507,0.04830610007047653,0.03255508095026016,0.0467173308134079,0.054172080010175705,0.059392862021923065
364,-0.0002699372707866132,-0.0001056295441230759,0.0027979889418929815,0.004166442435234785,0.006496632006019354,0.002966908970847726,-0.0011076930677518249,-0.0037209654692560434,-0.005050827749073505,-0.006980172824114561,-0.005475823301821947,-0.004904440604150295,-0.004912413656711578,-0.0013855933211743832,0.014578089118003845,0.04523375257849693,0.07168888300657272,0.08132080733776093,0.08866492658853531,0.0767059475183487,0.07030025869607925,0.06257420033216476,0.02123045176267624,0.011769398115575314,0.016021734103560448,0.017078924924135208,0.031473107635974884,0.020008422434329987,0.00845419242978096,-0.008197503164410591,-0.03753102570772171,-0.045460376888513565,-0.038817331194877625,-0.03443523123860359,-0.03277943655848503,-0.04013459384441376,-0.0374147891998291,-0.0013527049450203776,0.04747193679213524,0.07288479059934616,0.09222276508808136,0.1039222925901413,0.08315126597881317,0.07208141684532166,0.1613084226846695,0.14014224708080292,0.15357506275177002,0.14021265506744385,0.14520235359668732,0.08705683797597885,0.10724230855703354,0.056018222123384476,0.06085692346096039,0.058548759669065475,0.09369955211877823,0.046313513070344925,0.05181121453642845,0.0302475243806839,0.03509295731782913,0.05172039195895195,0.023762928321957588,0.05470012128353119,0.09014647454023361,-0.007822515442967415,0.0006697986973449588,-0.004770474974066019,-0.020698022097349167,-0.013053231872618198,-0.007754577789455652,-0.012991929426789284,-0.005546210333704948,-0.00478690629824996,3.8360158214345574e-05,0.040867701172828674,0.03761099651455879,0.03385767713189125,-0.09668394178152084,0.0858430415391922,0.08212769031524658,-0.012177838943898678,-0.042651474475860596,0.05034836009144783,-0.036195479333400726,-0.09269805997610092,-0.10226424783468246,0.11994267255067825,-0.061214886605739594,0.05288505181670189,-0.05884106457233429,0.0183809045702219,-0.02880835346877575,0.004156464710831642,-0.13729262351989746,0.03788525238633156,0.00019793266255874187,-0.14105211198329926,-0.014540460892021656,-0.4283064007759094,-0.08474888652563095,-0.16450558602809906,0.2745358347892761,-0.26273831725120544,-0.17160803079605103,0.07878422737121582,-0.0724911317229271,-0.33551570773124695,0.3356264531612396,-0.13241297006607056,-0.07648704200983047,-0.1060282289981842,0.1241566464304924,-0.0033568693324923515,0.0342954620718956,-0.022437436506152153,-0.11409712582826614,-0.20778876543045044,0.19624045491218567,-0.5637909173965454,0.5940799713134766,-0.14532111585140228,-0.052586447447538376,-0.6592004895210266,0.17300063371658325,0.10693231225013733,0.3143227994441986,0.148817241191864,-0.2571341395378113,0.605826735496521,-1.018058180809021,-0.0613224022090435,0.09224474430084229,0.06684967130422592,-0.025718318298459053,0.7766527533531189,-0.1871669441461563,-0.9769235253334045,0.8132984042167664,-0.3564644455909729,0.16211667656898499,0.00638999929651618,0.014575622044503689,1.7511601413389144e-07,-0.025250660255551338,-0.00024910146021284163,-2.6460163553565508e-06,5.38181780029845e-07,-2.245471659989562e-05,-0.000498273700941354,-1.2251472473144531,0.22537721693515778,0.044432416558265686,-0.004471310414373875,-0.021540362387895584,0.030540550127625465,0.0344940647482872,0.06146172434091568,0.04035862162709236
365,-0.00032544456189498305,-0.00014078212552703917,0.00514540821313858,0.012710499577224255,0.02970835566520691,0.03641172870993614,0.04034237191081047,0.042453765869140625,0.04458475485444069,0.049171194434165955,0.030732356011867523,0.019158300012350082,0.014857737347483635,0.011259025894105434,0.0041337995789945126,-0.0035188505426049232,-0.00888087972998619,-0.010432451963424683,-0.01552287582308054,-0.01643834076821804,-0.021968696266412735,-0.029048506170511246,-0.017567818984389305,-0.0097736157476902,0.01488391775637865,0.03561413660645485,0.105942502617836,0.10992781072854996,0.14129295945167542,0.13152459263801575,0.15134209394454956,0.06927798688411713,0.030557576566934586,0.0249965600669384,0.025482606142759323,0.016740044578909874,-0.013497401028871536,-0.038655225187540054,-0.045705582946538925,-0.024802280589938164,0.006190861575305462,0.051900714635849,0.09593690931797028,0.10820160061120987,0.18811900913715363,0.11570540815591812,0.1055142730474472,0.09855332225561142,0.12291411310434341,0.10425755381584167,0.20536312460899353,0.1632191389799118,0.2047940194606781,0.19533881545066833,0.2789219915866852,0.16917088627815247,0.21486109495162964,0.12352614849805832,0.13696640729904175,0.10167127102613449,0.03311159089207649,0.029906542971730232,0.025361081585288048,0.004056398756802082,0.013347554951906204,0.030297251418232918,-0.05999755859375,0.0019709207117557526,0.10546977818012238,-0.02968188375234604,0.0965934470295906,0.19073143601417542,0.11682654917240143,0.5697143077850342,0.12588812410831451,0.1910838484764099,-0.19358277320861816,0.29838693141937256,0.08142717182636261,0.005205449648201466,-0.011053350754082203,0.011544601991772652,-0.023853138089179993,-0.016585154458880424,-0.03213684633374214,0.10924144089221954,-0.05109020695090294,0.023499734699726105,-0.09921178966760635,0.11978664994239807,0.0055336905643343925,-0.1009189635515213,-0.1974400281906128,0.24709413945674896,0.34036460518836975,-0.46421200037002563,0.16117726266384125,-0.9318522214889526,-0.0329786092042923,-0.10920234024524689,0.6657607555389404,-0.3722575306892395,-0.2578524947166443,0.2266341596841812,-0.0976276844739914,-0.23423703014850616,0.12803992629051208,-0.09845282882452011,0.12817953526973724,-0.21161644160747528,0.6151619553565979,-0.6065950989723206,0.39399078488349915,0.19842296838760376,-0.22814030945301056,-0.47980812191963196,1.190785527229309,-1.5030219554901123,1.0658215284347534,-0.46449461579322815,-0.2620687484741211,-1.1625516414642334,0.35651400685310364,0.8821073174476624,0.6764407157897949,0.0412907600402832,-0.3960800766944885,0.47421517968177795,-0.23028218746185303,-0.016341568902134895,0.0644480437040329,0.08358344435691833,-0.4481205940246582,0.7585190534591675,-0.17278854548931122,-1.392861247062683,1.5063225030899048,-0.025606364011764526,-0.21865785121917725,0.19071543216705322,-0.4338577389717102,2.3494602885421045e-07,-0.01183445006608963,-0.00023140007397159934,-2.3041827716951957e-06,5.409880827755842e-07,-1.942005656019319e-05,-0.0004895644378848374,-5.228599548339844,0.27526578307151794,0.037797506898641586,-0.0046060713939368725,-0.011530989781022072,0.024395566433668137,0.033392395824193954,0.05224169045686722,0.031666021794080734
366,-0.0014219650765880942,-0.005603993311524391,-0.009484286420047283,-0.007350493688136339,0.00039717607432976365,0.00881956610828638,0.009794081561267376,0.007542247883975506,0.002603474073112011,-0.0029616127721965313,-0.005116140935570002,-0.005671663675457239,-0.007938775233924389,-0.010439181700348854,-0.0131099633872509,-0.015483476221561432,-0.01751592382788658,-0.015679776668548584,-0.023126892745494843,-0.028574522584676743,-0.0367196723818779,-0.0474817268550396,-0.03277391940355301,-0.03595743700861931,-0.037446875125169754,-0.021076625213027,-0.029303988441824913,-0.02008766308426857,-0.024475811049342155,-0.029918698593974113,-0.05467209592461586,-0.050310734659433365,-0.048337798565626144,-0.048463836312294006,-0.058712027966976166,-0.09316697716712952,-0.13269859552383423,-0.13747477531433105,-0.12841558456420898,-0.09029830992221832,-0.09736688435077667,-0.10575202107429504,-0.11246931552886963,-0.11132632941007614,-0.1873808056116104,-0.1277407556772232,-0.1164446547627449,-0.08150242269039154,-0.07315976917743683,-0.045501288026571274,-0.0533992275595665,-0.03206564858555794,-0.027229340746998787,-0.028733670711517334,-0.04781317338347435,-0.02910240739583969,-0.05253485217690468,-0.04639500379562378,-0.056489236652851105,-0.07340150326490402,-0.03656122460961342,-0.050405651330947876,-0.07893455028533936,-0.016878051683306694,-0.04017196223139763,-0.06552355736494064,0.03013831563293934,-0.029931459575891495,-0.1155647337436676,0.036775801330804825,0.012997867539525032,0.00029543391428887844,-0.021482257172465324,-0.0921386256814003,-0.000617672863882035,-0.0018835434457287192,0.01535666361451149,-0.03432164713740349,0.01379406824707985,0.10763920098543167,0.11674703657627106,0.004326419439166784,0.10865160077810287,0.18973825871944427,0.14890630543231964,-0.149697944521904,0.05056547746062279,-0.05191082879900932,0.16173610091209412,-0.0897844210267067,0.0763714462518692,0.09181079268455505,0.21390406787395477,-0.019474051892757416,-0.07446395605802536,0.11994841694831848,-0.027653051540255547,0.30556294322013855,0.010452487505972385,0.010527744889259338,-0.22838135063648224,0.11860650032758713,0.06000835821032524,-0.08301395177841187,-0.09353458136320114,0.3708518147468567,-0.15480802953243256,0.11485911160707474,-0.13888637721538544,0.2695084512233734,-0.18450655043125153,0.27656349539756775,-0.14784914255142212,-0.013903342187404633,0.010601435787975788,-0.00046114559518173337,-0.12553995847702026,0.13066771626472473,-0.2318793535232544,0.07844003289937973,0.04234495013952255,0.0958290547132492,-0.0671641007065773,-0.19515617191791534,-0.16095013916492462,0.20149178802967072,0.22774216532707214,-0.6431934237480164,0.7142629027366638,-0.15918311476707458,-0.28437310457229614,0.1379760056734085,0.2810083031654358,-0.21659615635871887,0.2166552096605301,0.4304468035697937,-0.41229015588760376,-0.005741762928664684,0.23434025049209595,-0.0390009805560112,0.0881432369351387,-7.700087962803082e-07,0.07535473257303238,-8.085195440798998e-05,2.3581001187267248e-06,-1.764749185895198e-06,-3.094999192398973e-05,-0.0005374448373913765,0.6220985651016235,-0.05666287615895271,0.03441432863473892,-0.013235241174697876,-0.016686128452420235,-0.020344579592347145,0.03689763695001602,0.09203312546014786,0.0010294734966009855
367,-0.0014322116039693356,-0.006129420828074217,-0.012340527027845383,-0.016149679198861122,-0.01748037338256836,-0.013928542844951153,-0.009567034430801868,-0.00826477725058794,-0.008221033960580826,-0.008084411732852459,-0.006468318868428469,-0.00568624772131443,-0.007845964282751083,-0.010115317068994045,-0.012805855832993984,-0.01499991212040186,-0.017141452059149742,-0.015349237248301506,-0.022480592131614685,-0.027355460450053215,-0.035498280078172684,-0.04659514129161835,-0.03157339617609978,-0.03457677364349365,-0.036476992070674896,-0.02023138850927353,-0.028037535026669502,-0.019710758700966835,-0.024308471009135246,-0.029576582834124565,-0.052729032933712006,-0.04856983944773674,-0.04669426381587982,-0.04691227898001671,-0.05583077669143677,-0.08699969947338104,-0.11757190525531769,-0.11258630454540253,-0.09231846034526825,-0.057245101779699326,-0.05747382715344429,-0.06892726570367813,-0.0826542004942894,-0.09531594067811966,-0.17204473912715912,-0.12474202364683151,-0.11150286346673965,-0.08098477870225906,-0.08240999281406403,-0.05670509859919548,-0.08117146044969559,-0.05879689007997513,-0.046817224472761154,-0.04263781011104584,-0.05692945048213005,-0.030657272785902023,-0.05039207637310028,-0.04259287565946579,-0.05186924338340759,-0.07311646640300751,-0.035628385841846466,-0.045970890671014786,-0.07397353649139404,-0.011118545196950436,-0.025912143290042877,-0.03865448012948036,0.008831975981593132,0.0016831450629979372,0.003108777105808258,-0.019433116540312767,-0.0009904340840876102,-0.006821915507316589,0.008535974659025669,-0.031131859868764877,0.0010262372670695186,-0.0029650619253516197,0.04276832565665245,-0.0443841926753521,0.018132880330085754,0.09279417246580124,0.09302569925785065,-0.060114070773124695,0.08930310606956482,0.16369511187076569,0.2815415561199188,-0.24708208441734314,0.16470827162265778,-0.11118786782026291,0.2845180630683899,-0.06584257632493973,0.08498211950063705,0.0801980271935463,0.22524768114089966,0.000584808352869004,-0.06975501775741577,0.12509873509407043,-0.023997589945793152,0.3201100528240204,0.03599720820784569,-0.007785665802657604,-0.21590135991573334,0.11285428702831268,0.05417099595069885,-0.08782166987657547,-0.09985166043043137,0.2865273356437683,-0.1680065393447876,-0.034517552703619,-0.09080207347869873,0.06272536516189575,-0.08218333125114441,0.21021735668182373,-0.05994115397334099,-0.003983926493674517,0.01657821051776409,-0.10173110663890839,-0.08374837785959244,0.150602787733078,-0.3816874623298645,0.017434753477573395,0.1408097892999649,0.23040471971035004,-0.05211137607693672,-0.2758939862251282,-0.2279316782951355,0.2173193246126175,0.19419024884700775,-0.46033793687820435,0.5588530898094177,-0.12384846061468124,-0.1483764350414276,0.15162500739097595,0.27122268080711365,-0.17874594032764435,0.12802176177501678,0.42667868733406067,-0.41103407740592957,0.08581819385290146,0.2609926760196686,-0.053758688271045685,0.05094315484166145,-6.247791475288977e-07,0.018632709980010986,-1.7904805645230226e-05,2.0465149646042846e-06,-1.3644269074575277e-06,-1.6631076505291276e-05,-0.00023314065765589476,0.41834983229637146,-0.044106900691986084,0.008177046664059162,-0.013539453968405724,0.0882047712802887,0.022799106314778328,0.010412471368908882,-0.018836427479982376,-0.01160132884979248
368,-0.0012788197491317987,-0.004661093465983868,-0.008352464996278286,-0.006230061873793602,0.0010380662279203534,0.008322309702634811,0.00883843656629324,0.0063507771119475365,0.0020459452643990517,-0.0029407269321382046,-0.004633054137229919,-0.005300807300955057,-0.007193154189735651,-0.009338382631540298,-0.011770092882215977,-0.013618540950119495,-0.015723707154393196,-0.013676472008228302,-0.021810468286275864,-0.02622157707810402,-0.033961523324251175,-0.04359709843993187,-0.030606968328356743,-0.03305580094456673,-0.03562992066144943,-0.01907159946858883,-0.027272548526525497,-0.017218977212905884,-0.022815890610218048,-0.027288177981972694,-0.04799599573016167,-0.044911786913871765,-0.04263307526707649,-0.0440826341509819,-0.05264592915773392,-0.08422966301441193,-0.12392143905162811,-0.1258479505777359,-0.11791134625673294,-0.08163859695196152,-0.0875181257724762,-0.09487666189670563,-0.10235462337732315,-0.10317708551883698,-0.1721922904253006,-0.11771050095558167,-0.10390692204236984,-0.07461696118116379,-0.06812247633934021,-0.041024692356586456,-0.04948195442557335,-0.030732547864317894,-0.023347282782197,-0.026834893971681595,-0.043130647391080856,-0.02299773320555687,-0.048251282423734665,-0.03783886507153511,-0.050047051161527634,-0.06865770369768143,-0.038857974112033844,-0.03974868729710579,-0.07433778047561646,-0.005773100536316633,-0.03433902561664581,-0.05681667476892471,0.02317049168050289,-0.022998487576842308,-0.1048533022403717,0.02416381426155567,0.005243853200227022,-0.018789825960993767,0.038596346974372864,0.2806853652000427,0.04624272137880325,0.004449356812983751,0.009143460541963577,-0.05384698137640953,0.012676400132477283,0.20150262117385864,0.2532215416431427,-0.17626166343688965,0.1469850093126297,0.18638810515403748,0.14178749918937683,-0.12123646587133408,0.07568371295928955,-0.0454508513212204,0.22966259717941284,-0.08107168972492218,0.08777916431427002,0.09893546253442764,0.24282477796077728,-0.016953740268945694,-0.07085411250591278,0.11300165206193924,-0.01631823368370533,0.27755656838417053,0.023889612406492233,0.0019806292839348316,-0.19576647877693176,0.10630249977111816,0.02940051071345806,-0.09307024627923965,-0.11549866199493408,0.33112654089927673,-0.11275029927492142,-0.03262893483042717,-0.0740884393453598,-0.2112363576889038,0.13190245628356934,0.08395576477050781,0.07455312460660934,-0.022635754197835922,0.012198620475828648,0.09841278940439224,-0.17449317872524261,0.43060797452926636,-0.4222683608531952,-0.0010573199251666665,0.08167997747659683,0.18465453386306763,-0.04918425902724266,-0.359171986579895,-0.3239271640777588,0.3925495445728302,0.10042310506105423,-0.7330753803253174,0.8228546977043152,-0.13125362992286682,-0.21607978641986847,0.23363667726516724,0.30867671966552734,-0.16526447236537933,0.20153772830963135,0.40417158603668213,-0.4468544125556946,0.05193976312875748,0.25727003812789917,-0.06090974807739258,0.06532079726457596,-5.567709990828007e-07,0.06794726103544235,0.00011537087993929163,2.2081653696659487e-06,-1.4175035403241054e-06,-1.4613982784794644e-05,0.00028343446319922805,0.028326280415058136,0.023910772055387497,0.014365850016474724,-0.012236973270773888,-0.015804601833224297,-1.4205875231709797e-05,-0.006968948990106583,-0.016264306381344795,-0.018753090873360634
369,-0.0009704158874228597,-0.005538406781852245,-0.010619629174470901,-0.011585166677832603,-0.014777999371290207,-0.012910904362797737,-0.009267815388739109,-0.007826108485460281,-0.007154527120292187,-0.008427171036601067,-0.006259188987314701,-0.005906534381210804,-0.007582951337099075,-0.011350876651704311,-0.014027029275894165,-0.017247390002012253,-0.018473753705620766,-0.017654219642281532,-0.02233400195837021,-0.02025452069938183,-0.015885401517152786,0.00013855770521331578,0.016331836581230164,0.03261065110564232,0.04095032438635826,0.023813944309949875,0.03456273302435875,0.024951724335551262,0.02870260737836361,0.026559986174106598,0.04433619603514671,0.032438553869724274,0.02006739005446434,0.010915640741586685,0.0050956555642187595,-0.0022844101767987013,-0.0013520382344722748,0.008294478990137577,0.02712785266339779,0.028186216950416565,0.0340055376291275,0.028221486136317253,0.004528064746409655,-0.026255160570144653,-0.08498452603816986,-0.0615827850997448,-0.048340894281864166,-0.02421264722943306,-0.01767158694565296,-0.014331097714602947,-0.03320881351828575,-0.025472888723015785,-0.023431532084941864,-0.01413582544773817,-0.012691528536379337,-0.006362246815115213,-0.008288026787340641,-0.006538429297506809,-0.009663243778049946,-0.006393988151103258,-0.002660168567672372,-0.002761896699666977,-0.004483426455408335,-0.00737401656806469,-0.012648198753595352,-0.02156519517302513,0.008100786246359348,-0.015089994296431541,-0.06759650260210037,-0.00874442607164383,-0.009987641125917435,-0.033310405910015106,-0.02585732750594616,-0.1088986024260521,-0.018665224313735962,-0.021064022555947304,0.035409774631261826,-0.03670819476246834,-0.01643465645611286,0.0031265784054994583,-0.02183634601533413,0.01867549680173397,-0.02556748129427433,-0.002219181274995208,0.01130767073482275,-0.08167369663715363,0.02772342972457409,-0.04113668203353882,0.06272381544113159,-0.12246492505073547,0.004754426423460245,0.02685190923511982,0.07651899755001068,-0.062336817383766174,-0.03389992192387581,0.023583073168992996,-0.040403228253126144,0.043039701879024506,-0.04815732687711716,-0.04173656925559044,-0.06534992158412933,-0.01931452378630638,-0.0625285729765892,-0.05698879435658455,-0.023616399616003036,-0.013253630138933659,-0.11471734941005707,-0.03729360178112984,-0.11874766647815704,0.17699027061462402,-0.15167127549648285,0.20125488936901093,-0.1318584680557251,-0.021608438342809677,-0.006347477436065674,0.04428210109472275,-0.13951484858989716,0.11650702357292175,-0.1776692122220993,0.060031212866306305,0.029747826978564262,0.058301690965890884,-0.040237121284008026,-0.04586353152990341,0.0234735868871212,-0.04194135591387749,0.1325768083333969,-0.03777870908379555,0.08418960869312286,-0.0657489150762558,0.07932025194168091,-0.004822688642889261,0.06556359678506851,0.13201574981212616,0.11838851124048233,-0.06974082440137863,-0.06403445452451706,-0.10516373813152313,0.09562557190656662,-0.0007848237291909754,0.05514507368206978,4.2420897017336756e-08,-0.05462991073727608,-0.0003006936749443412,-3.0494361453747842e-06,1.3128918396887457e-07,-2.3619506464456208e-05,-0.0004080156213603914,0.6127093434333801,0.024890726432204247,0.04482616111636162,0.0012231774162501097,0.03298575058579445,0.03993518650531769,0.03788509964942932,0.06039175018668175,0.055007483810186386
370,-0.001154187135398388,-0.003761392319574952,-0.0047764526680111885,-0.0004281968576833606,0.006789084989577532,0.009676230140030384,0.006222669966518879,0.0019407724030315876,-0.0023612012155354023,-0.00558268278837204,-0.005507935304194689,-0.0051602208986878395,-0.0072298976592719555,-0.009293464943766594,-0.011404483579099178,-0.013362729921936989,-0.015648996457457542,-0.01312900148332119,-0.02003558725118637,-0.025892820209264755,-0.033501431345939636,-0.04231555014848709,-0.030177786946296692,-0.03400364890694618,-0.03493666648864746,-0.019160106778144836,-0.027172710746526718,-0.0184277705848217,-0.02268601767718792,-0.027980593964457512,-0.05048708617687225,-0.044895268976688385,-0.042588476091623306,-0.04202567785978317,-0.054720498621463776,-0.08276037126779556,-0.12288150936365128,-0.12246613204479218,-0.11632738262414932,-0.08034663647413254,-0.08755557984113693,-0.09162260591983795,-0.1048356220126152,-0.10033339262008667,-0.1683819741010666,-0.10920915752649307,-0.09656274318695068,-0.06221279501914978,-0.04913376271724701,-0.02857200801372528,-0.03987796604633331,-0.0345369428396225,-0.031575582921504974,-0.0343555323779583,-0.05209987238049507,-0.024813568219542503,-0.04680374637246132,-0.03735622391104698,-0.048714179545640945,-0.06556294858455658,-0.03446611389517784,-0.04139124974608421,-0.07309176027774811,-0.010796604678034782,-0.036125946789979935,-0.056511230766773224,0.03039061464369297,-0.03389909490942955,-0.10673919320106506,0.023626143112778664,-0.0023562884889543056,-0.02901274338364601,0.05631628632545471,0.3543359339237213,0.022242093458771706,-0.03721398487687111,-0.0006152762798592448,-0.10210548341274261,0.0127034867182374,0.29350242018699646,0.3271110951900482,-0.17567986249923706,0.17180068790912628,0.2603214681148529,0.0950983464717865,-0.07383270561695099,0.02603865973651409,-0.026187170296907425,0.1167680099606514,-0.0766727477312088,0.08696084469556808,0.08781341463327408,0.2149452567100525,-0.0046534608118236065,-0.0888860672712326,0.125435471534729,-0.02372932620346546,0.2962125241756439,0.018651030957698822,0.03320256993174553,-0.18717767298221588,0.11555179208517075,0.05008687824010849,-0.08598211407661438,-0.1196930855512619,0.3786453604698181,-0.13157989084720612,0.04729854315519333,-0.08803008496761322,0.13385266065597534,-0.06912150979042053,0.1500888615846634,-0.010776317678391933,-0.020034637302160263,-0.017119862139225006,-0.05610540509223938,-0.1070484146475792,0.12977465987205505,-0.23237310349941254,0.05468491464853287,0.09626676142215729,0.1645737737417221,-0.0028422630857676268,-0.47796130180358887,-0.3609079122543335,0.48510146141052246,0.1428772658109665,-0.6914141178131104,0.6354342699050903,-0.12604351341724396,-0.0986197218298912,0.13582997024059296,0.2695970833301544,-0.1345335692167282,0.26172226667404175,0.3831546902656555,-0.40877023339271545,-0.004303293768316507,0.2970673143863678,-0.007510646246373653,0.0934857577085495,-5.255793666947284e-07,0.06469902396202087,0.0002547890180721879,1.3685819340025773e-06,-2.0116549137583206e-07,-7.595870101795299e-06,0.0003688105789478868,-0.37053483724594116,0.07937538623809814,0.01723421923816204,-0.011907395906746387,-0.017845142632722855,0.03638078644871712,0.02314593829214573,-0.02946626953780651,-0.01972648687660694
371,-0.0005942737334407866,-0.004084975458681583,-0.008498700335621834,-0.009545207023620605,-0.0125137222930789,-0.010105680674314499,-0.006671370007097721,-0.0037050782702863216,0.0002916131052188575,0.005065910052508116,0.006981876213103533,0.006601017899811268,0.0045915511436760426,-0.00020943564595654607,-0.006298222579061985,-0.011605221778154373,-0.014294339343905449,-0.013979977928102016,-0.021095722913742065,-0.02339061163365841,-0.030802598223090172,-0.039870887994766235,-0.026596739888191223,-0.029433056712150574,-0.03235534578561783,-0.017648490145802498,-0.025019828230142593,-0.017650341615080833,-0.02010352350771427,-0.021711543202400208,-0.030573006719350815,-0.020832642912864685,-0.016365913674235344,-0.018880868330597878,-0.03207658603787422,-0.06232709065079689,-0.10040559619665146,-0.0954199954867363,-0.09549548476934433,-0.0671829804778099,-0.07176744192838669,-0.0842323824763298,-0.08661361038684845,-0.09724459052085876,-0.16807472705841064,-0.0975833311676979,-0.09754659235477448,-0.07030384987592697,-0.0690714418888092,-0.04410376399755478,-0.0691288560628891,-0.049198977649211884,-0.03776082769036293,-0.045292023569345474,-0.05817124992609024,-0.027064327150583267,-0.042695123702287674,-0.030364584177732468,-0.028002802282571793,-0.01089482568204403,0.01445084996521473,0.12491164356470108,0.3559030294418335,0.025101913139224052,0.25613224506378174,0.319477379322052,-0.12099112570285797,-0.03260071948170662,0.27003756165504456,-0.06907995045185089,-0.0755515918135643,-0.03461899608373642,0.005877611227333546,0.03470717370510101,-0.008494905196130276,-0.008050716482102871,0.04895295575261116,-0.11922130733728409,-0.11159365624189377,0.04117179289460182,0.0736088976264,-0.2807784080505371,0.12414506077766418,0.23634186387062073,0.1377335786819458,-0.07369209825992584,0.12571987509727478,0.04034806787967682,0.2532803416252136,-0.0787668526172638,0.11548420786857605,0.060634318739175797,0.1767241209745407,-0.05426443740725517,-0.04447181895375252,0.06165829300880432,-0.03661945089697838,0.08630303293466568,-0.03853285685181618,-0.0493163987994194,0.02146460860967636,-0.05011625587940216,-0.2543913722038269,-0.03667767718434334,0.19212111830711365,-0.442039430141449,0.08404383808374405,-0.08747946470975876,-0.10673091560602188,0.05950380489230156,-0.07576646655797958,0.09569445252418518,-0.09333276003599167,-0.02845042571425438,-0.028975721448659897,0.0025142845697700977,-0.11800997704267502,0.2577149271965027,-0.2742885649204254,0.1071697324514389,0.10352341830730438,0.18064506351947784,0.07176224887371063,-0.17771878838539124,0.035698287189006805,0.040131520479917526,0.12305156141519547,-0.29573890566825867,0.5850605368614197,-0.0789811909198761,-0.09545910358428955,0.012380428612232208,0.012491785921156406,0.4066299498081207,-0.11131812632083893,-0.7876473665237427,0.7091529369354248,-0.4562825560569763,-0.6853073835372925,0.06953258812427521,-0.25696060061454773,8.439764087597723e-08,0.014419015496969223,-8.478739619022235e-05,1.0088007229569484e-06,5.487404663995221e-08,-1.8901546354754828e-05,-0.0001974644692381844,0.615103006362915,0.16660535335540771,0.04317863658070564,0.00021404617291409522,-0.001270135398954153,0.03357052430510521,0.06975969672203064,0.0434935986995697,0.06332211196422577
372,0.0002625246997922659,0.0022708806209266186,0.005680627655237913,0.004171435721218586,0.0029861184302717447,-0.0016397082945331931,-0.0042495098896324635,-0.005385450553148985,-0.005793143063783646,-0.007352122105658054,-0.005673165898770094,-0.00526762567460537,-0.006587598938494921,-0.00828468892723322,-0.0035245311446487904,0.01078422274440527,0.032450705766677856,0.05224314704537392,0.07586295902729034,0.08459372073411942,0.10183864831924438,0.13296493887901306,0.08400983363389969,0.0863570049405098,0.0773177221417427,0.03135157376527786,0.020637674257159233,-0.0009709856240078807,-0.014019584283232689,-0.022344104945659637,-0.044249407947063446,-0.037675436586141586,-0.026572369039058685,-0.023735668510198593,-0.029618965461850166,-0.049640484154224396,-0.06065012514591217,-0.023366088047623634,0.027980484068393707,0.05774461105465889,0.07341377437114716,0.07970698922872543,0.06531357765197754,0.0712360143661499,0.18935154378414154,0.1784525364637375,0.19719988107681274,0.17131201922893524,0.17476926743984222,0.10675172507762909,0.14611183106899261,0.09404618293046951,0.10928523540496826,0.0971161276102066,0.1230781301856041,0.05211065337061882,0.03956933319568634,0.01683155819773674,0.022929316386580467,0.04943743348121643,0.032598063349723816,0.05867261439561844,0.09774243831634521,0.0024328685831278563,0.0050116851925849915,0.0001855390437413007,-0.016485879197716713,-0.008463735692203045,-0.020618878304958344,-0.011640993878245354,-0.012577272951602936,-0.02529590204358101,-0.014355980791151524,-0.02621384710073471,0.01820208504796028,0.03226329758763313,-0.062256790697574615,0.10084733366966248,0.08785112202167511,-0.010384983383119106,-0.059290796518325806,0.07421703636646271,-0.04942302405834198,-0.12211433798074722,-0.1050712913274765,0.17529946565628052,-0.05683993548154831,0.048721473664045334,-0.05830949917435646,0.032301418483257294,-0.015053628012537956,0.002362326020374894,-0.08668433874845505,0.05471787601709366,0.017565075308084488,-0.06317552924156189,0.01982094533741474,-0.26798054575920105,-0.021322542801499367,-0.12051493674516678,0.23155826330184937,-0.2740144729614258,-0.20608729124069214,0.14914724230766296,-0.13364972174167633,-0.491896390914917,0.40330901741981506,-0.11365187168121338,-0.02565932646393776,-0.12414879351854324,0.19141502678394318,-0.07846089452505112,0.05789852887392044,0.009231395088136196,-0.06137348338961601,-0.13142360746860504,0.16794589161872864,-0.4196746051311493,0.472444087266922,-0.15525281429290771,0.030332470312714577,-0.5937578678131104,0.15253600478172302,0.1738481968641281,0.3593774735927582,0.1874566227197647,-0.34677445888519287,0.596096932888031,-0.956946611404419,-0.0556199736893177,0.07565239816904068,-0.03507017716765404,-0.24122405052185059,0.6977959275245667,-0.16962890326976776,-1.0326004028320312,0.7571271657943726,-0.34076130390167236,0.10709472745656967,0.07303334772586823,-0.0323542095720768,1.6174080030850746e-07,-0.02099398523569107,-0.0003001900331582874,-2.920207180068246e-06,7.780444093441474e-07,-2.678581586224027e-05,-0.0005511283525265753,-1.8796172142028809,0.23546119034290314,0.04689354822039604,-0.00476951664313674,-0.024130025878548622,0.03547433763742447,0.03812931478023529,0.05798947438597679,0.04571618512272835
373,-0.000658612756524235,-0.0027812616899609566,-0.00743059953674674,-0.008395042270421982,-0.010586880147457123,-0.008510655723512173,-0.0054853372275829315,-0.004211389925330877,-0.004503690171986818,-0.0041264197789132595,-0.004068130627274513,-0.004277637694031,-0.004995149094611406,-0.006571153644472361,-0.008978924714028835,-0.009798104874789715,-0.008866461925208569,-0.006267963908612728,-0.004412414506077766,-0.001073838910087943,0.0003842991136480123,-0.0035277812276035547,-0.008484325371682644,-0.016006464138627052,-0.022721370682120323,-0.013590085320174694,-0.017703717574477196,-0.011513457633554935,-0.015465385280549526,-0.007628045044839382,0.02840426005423069,0.12950757145881653,0.27612829208374023,0.49718838930130005,0.526799201965332,0.8903951048851013,0.9802308082580566,0.5609424710273743,0.2127991020679474,0.04591069743037224,0.03774983435869217,0.087254598736763,0.10696588456630707,0.1391962170600891,0.16177360713481903,0.039582327008247375,-0.02123369090259075,-0.043804723769426346,-0.060736533254384995,-0.04551555961370468,-0.0615304596722126,-0.035760074853897095,-0.035738348960876465,-0.02045113407075405,-0.012088444083929062,0.0118270143866539,0.05770369991660118,0.043749842792749405,0.06489969789981842,0.0402374193072319,0.0026249319780617952,-0.012338944710791111,-0.04159712418913841,-0.00742727005854249,0.0015646665124222636,-0.027246151119470596,0.04043227434158325,-0.01936320774257183,-0.09157437831163406,-0.016222085803747177,-0.021589213982224464,-0.04305228590965271,-0.03608885407447815,-0.10455311089754105,-0.040655720978975296,-0.07612292468547821,0.004817711655050516,-0.09367026388645172,-0.08926992118358612,-0.08624107390642166,0.45713889598846436,-0.057282838970422745,0.06353845447301865,0.05389276146888733,0.06460141390562057,-0.0689544528722763,0.047434404492378235,-0.05545510724186897,0.08236321806907654,-0.017085809260606766,0.009690247476100922,0.007722719106823206,-0.1313852071762085,-0.007378719747066498,-0.00246215146034956,-0.21584898233413696,-0.11600862443447113,-0.2559938430786133,-0.04907352849841118,-0.03057931177318096,-0.14381009340286255,0.13597317039966583,-0.03148743882775307,-0.09697892516851425,-0.022214114665985107,-0.3152141273021698,0.7319287061691284,-0.4547845423221588,3.866408586502075,-5.0266876220703125,5.351376533508301,-2.0084099769592285,1.8088901042938232,0.33589470386505127,0.16194932162761688,-0.04613078013062477,0.41657549142837524,-1.9891626834869385,3.1369681358337402,0.8471715450286865,0.29447492957115173,-0.41369667649269104,0.1858571320772171,0.131227046251297,0.21403081715106964,0.09552768617868423,0.011316237039864063,-0.016546644270420074,-0.190824955701828,0.019653357565402985,0.9778804183006287,-0.333420068025589,1.5580897331237793,0.9635168313980103,0.40018540620803833,-0.1954348087310791,0.15360185503959656,0.040626294910907745,-0.03899247199296951,-0.14193978905677795,-0.0021854816004633904,-2.3432193074768293e-07,-0.0004705098399426788,0.00020568876061588526,2.1925786768406397e-06,2.16988453871636e-07,-1.6143776520038955e-05,0.0003877255949191749,-8.438472747802734,0.27273544669151306,0.027969777584075928,-0.009303942322731018,0.018183600157499313,0.000964617298450321,-0.011265371926128864,0.06012560799717903,0.0032012409064918756
374,-7.550715235993266e-05,0.0010513871675357223,0.00434919772669673,0.006164357997477055,0.005598149262368679,0.0009854023810476065,-0.0032400309573858976,-0.005852128379046917,-0.007119174115359783,-0.008344672620296478,-0.005634885281324387,-0.003406004747375846,0.0006317772786132991,0.012006164528429508,0.03136870265007019,0.0485520102083683,0.041792310774326324,0.01947573944926262,0.0014686286449432373,-0.01460728608071804,-0.02773929387331009,-0.035453133285045624,-0.017469042912125587,-0.0071218591183424,0.0005329899140633643,-0.00037919083843007684,-0.006474707741290331,-0.011383702978491783,-0.019246693700551987,-0.02640751749277115,-0.05406811088323593,-0.05481153726577759,-0.050837039947509766,-0.05005793645977974,-0.053711116313934326,-0.0719054639339447,-0.08748090267181396,-0.08149109780788422,-0.08151184022426605,-0.06392619758844376,-0.06329375505447388,-0.05372986942529678,-0.02644176222383976,-0.00028164227842353284,0.044747401028871536,0.040961287915706635,0.039190877228975296,0.02212546393275261,0.00021481240401044488,-0.011387141421437263,-0.021716393530368805,-0.006733998190611601,-0.003121847752481699,-0.002239327412098646,-0.0047916327603161335,-0.002613629214465618,0.0266242828220129,0.025018826127052307,0.060046710073947906,0.0800187960267067,0.00327931041829288,-0.0018551418324932456,-0.006660201586782932,-0.018603425472974777,-0.0127444788813591,-0.0022046039812266827,-0.009680421091616154,-0.01381868589669466,-0.07611864060163498,-0.0017075627110898495,-0.005202708300203085,-0.03284003958106041,-0.023794513195753098,-0.17249764502048492,-0.02122320979833603,0.0073532285168766975,0.09532928466796875,-0.03565496206283569,-0.023597072809934616,0.01912584900856018,-0.015502063557505608,0.018136553466320038,-0.024208378046751022,0.005899440031498671,-0.0019890745170414448,-0.04817637428641319,0.00930784735828638,-0.02062903344631195,0.006004626397043467,-0.08867032825946808,-0.010636336170136929,0.01619165763258934,0.043929845094680786,-0.07291886955499649,-0.0425238162279129,0.03914778679609299,-0.05381061136722565,0.1292409598827362,-0.047718651592731476,-0.03470228612422943,-0.061642929911613464,-0.004903150722384453,-0.05602797865867615,-0.09539889544248581,0.006929368712007999,0.10711496323347092,-0.16988272964954376,-0.0768151581287384,-0.08984869718551636,0.13750489056110382,-0.10957273095846176,0.2021893411874771,-0.08465950191020966,0.005440667271614075,-0.025437921285629272,0.004083765670657158,-0.15713046491146088,0.2539719045162201,-0.28980302810668945,0.07937844842672348,0.030524199828505516,0.12356815487146378,-0.0537833496928215,-0.1291915774345398,-0.050973132252693176,-0.032225679606199265,0.16233892738819122,-0.2393561601638794,0.4410663843154907,-0.07503116875886917,-0.04550306499004364,-0.014784327708184719,0.14607973396778107,-0.1748117357492447,0.12208834290504456,0.21261774003505707,-0.35369813442230225,0.09167425334453583,0.16373711824417114,-0.04771113023161888,0.0500342883169651,-1.9679728069377234e-08,-0.03442670404911041,7.433512655552477e-05,-1.3912126632931177e-06,-3.7488308635147405e-07,2.6125311705982313e-05,0.0004113230388611555,0.8241134881973267,-0.04380872845649719,-0.008043034002184868,0.0036807269789278507,-0.024311989545822144,0.03386622667312622,-0.023976042866706848,-0.000529901240952313,-0.012742158025503159
375,-0.0014203762402758002,-0.006030515767633915,-0.012130079790949821,-0.015709288418293,-0.01752305217087269,-0.013865594752132893,-0.009414812549948692,-0.008202856406569481,-0.008155746385455132,-0.008002555929124355,-0.006289907265454531,-0.005561322905123234,-0.007667048834264278,-0.009870391339063644,-0.012406089343130589,-0.014638306573033333,-0.016710927709937096,-0.014666498638689518,-0.02153954654932022,-0.026809968054294586,-0.035017579793930054,-0.04547765851020813,-0.030826102942228317,-0.034383390098810196,-0.035893820226192474,-0.019671637564897537,-0.02752295695245266,-0.019257817417383194,-0.023909248411655426,-0.029014697298407555,-0.05227719992399216,-0.04778774827718735,-0.047091685235500336,-0.046206995844841,-0.05630458518862724,-0.08577941358089447,-0.11682116985321045,-0.11181176453828812,-0.09075656533241272,-0.055653247982263565,-0.0570618212223053,-0.06753967702388763,-0.08243570476770401,-0.09451790153980255,-0.17093247175216675,-0.12255100160837173,-0.10994382947683334,-0.07986258715391159,-0.07927762717008591,-0.05662459507584572,-0.07883869111537933,-0.058805666863918304,-0.04627826437354088,-0.04170369729399681,-0.05698882415890694,-0.029439477249979973,-0.04967331513762474,-0.040551044046878815,-0.05084983631968498,-0.0696001723408699,-0.03394625708460808,-0.04612055793404579,-0.07382329553365707,-0.011322064325213432,-0.02810467593371868,-0.05354246124625206,0.028211265802383423,-0.01677880622446537,-0.045725613832473755,-0.017673702910542488,-0.025398120284080505,-0.019127117469906807,0.0503615066409111,0.06691309809684753,0.006647548172622919,-0.0033133358228951693,0.03568166494369507,-0.056332435458898544,0.017372725531458855,0.09557750076055527,0.15060687065124512,-0.06276721507310867,0.14188164472579956,0.26957207918167114,0.33970344066619873,-0.21753466129302979,0.15272241830825806,-0.07696005702018738,0.22959282994270325,-0.05583886057138443,0.0933014303445816,0.08087167888879776,0.2239522784948349,-0.0021516631823033094,-0.08639293164014816,0.1350754350423813,-0.029583517462015152,0.2998869717121124,0.02376536838710308,-0.0037760466802865267,-0.20011521875858307,0.09466484934091568,0.051918886601924896,-0.08092667162418365,-0.10890603065490723,0.30942782759666443,-0.16668449342250824,0.006524376105517149,-0.08800072222948074,0.07641838490962982,-0.048991553485393524,0.1323821246623993,0.01161703746765852,-0.07587381452322006,-0.017614496871829033,-0.15997548401355743,-0.04517447575926781,-0.03104199282824993,-0.2380393147468567,-0.0034279711544513702,0.184754878282547,0.31682026386260986,0.038709934800863266,-0.4903606176376343,-0.3934304416179657,0.29743313789367676,0.20247134566307068,-0.5095823407173157,0.5714967846870422,-0.11069318652153015,-0.1658332496881485,0.1357572227716446,0.23468665778636932,-0.1892537623643875,0.17528381943702698,0.4498690962791443,-0.3966790437698364,0.05872136354446411,0.2591491639614105,-0.04860075190663338,0.0637907087802887,-2.0312155868396076e-07,0.020447200164198875,1.8267113773617893e-05,1.8314957515030983e-06,-9.207535072164319e-07,-4.6819509407214355e-06,-0.00038010929711163044,0.2528188228607178,9.595955634722486e-05,0.014237635768949986,-0.015009716153144836,0.08635124564170837,-0.024126220494508743,-0.0005779250059276819,-0.025024179369211197,-0.012220130302011967
376,0.0004890974378213286,0.003452964825555682,0.006466828752309084,0.005209484603255987,0.001287736464291811,-0.003979594446718693,-0.0063361371867358685,-0.007581169717013836,-0.007594987750053406,-0.009001518599689007,-0.006650352384895086,-0.005798220168799162,-0.006470044609159231,-0.006213595625013113,-0.00032713732798583806,0.008786024525761604,0.012855508364737034,0.008004807867109776,-0.0010122513631358743,-0.01154358871281147,-0.020510200411081314,-0.021379416808485985,-0.005670560989528894,0.002988323336467147,0.0018252950394526124,-0.004314315505325794,-0.012063935399055481,-0.008793779648840427,-0.001931793405674398,0.009480034932494164,0.03528130054473877,0.026329515501856804,0.0014549545012414455,-0.02313990145921707,-0.04525555297732353,-0.0750349909067154,-0.0985616147518158,-0.0861644297838211,-0.07990273833274841,-0.06371006369590759,-0.07389453798532486,-0.07779642939567566,-0.06004348769783974,-0.028343265876173973,-0.001855013077147305,0.0009044838370755315,-0.011875035241246223,-0.02645343914628029,-0.03890212997794151,-0.02711660787463188,-0.024569358676671982,-0.004673313349485397,-0.004445519298315048,-0.00928807444870472,-0.027228180319070816,-0.017314080148935318,-0.024029254913330078,-0.011196425184607506,-0.007306681014597416,-0.005893448833376169,-0.009818884544074535,-0.023405544459819794,-0.04631766676902771,-0.001115649938583374,-0.020070742815732956,-0.02867329865694046,0.023036789149045944,-0.0024265230167657137,-0.0892401859164238,0.013399649411439896,0.00020891147141810507,-0.025039663538336754,-0.018360549584031105,-0.0694068968296051,-0.004351384472101927,-0.001975343097001314,0.0461646132171154,-0.02201920934021473,0.0032239488791674376,-0.0407637283205986,-0.05612744018435478,0.02758977562189102,-0.02636757306754589,-0.01508063543587923,-0.013537068851292133,-0.041016533970832825,-0.002642256673425436,-0.018669571727514267,0.002904642140492797,-0.11243713647127151,0.0073205879889428616,0.029030250385403633,0.09128586202859879,-0.06252245604991913,-0.04552491381764412,0.05299307405948639,-0.0462326742708683,0.22994959354400635,0.009884537197649479,0.005700872745364904,-0.15003857016563416,0.03677646815776825,-0.012493585236370564,-0.09391970187425613,0.004563651047646999,0.24234680831432343,-0.2230779230594635,0.007823343388736248,-0.09992768615484238,0.2296292632818222,-0.2771700918674469,0.2381831407546997,-0.16002638638019562,-0.008021858520805836,0.04708686098456383,0.04800375550985336,-0.1531182825565338,0.24154290556907654,-0.33928900957107544,0.07900901883840561,0.027397722005844116,0.12040500342845917,-0.04171714186668396,-0.07122832536697388,0.008820727467536926,-0.03563901409506798,0.16460373997688293,-0.1953897327184677,0.25758790969848633,-0.04724710062146187,0.08539585024118423,-0.010945772752165794,0.17871394753456116,-0.2414281964302063,0.13772481679916382,0.17660361528396606,-0.28286632895469666,0.055306244641542435,0.15246906876564026,-0.04275517165660858,0.05942605808377266,4.215553417452611e-07,-0.028989877551794052,0.00043807210749946535,-2.0132392819505185e-06,-1.1438024785093148e-06,0.00010876454325625673,0.0006344721186906099,1.0156519412994385,-0.08869300782680511,0.016285743564367294,0.0076439701952040195,-0.02742149494588375,0.02457042597234249,0.013831792399287224,0.018713146448135376,0.040218133479356766
377,-0.0013993240427225828,-0.006020030472427607,-0.012255223467946053,-0.01560493465512991,-0.01787351444363594,-0.014360441826283932,-0.009843705222010612,-0.008619993925094604,-0.008031880483031273,-0.008273296989500523,-0.006477444898337126,-0.005592836998403072,-0.007838609628379345,-0.009956982918083668,-0.01255008950829506,-0.014949270524084568,-0.01700686104595661,-0.01503728237003088,-0.02176058106124401,-0.02691500447690487,-0.03544716536998749,-0.0455758199095726,-0.03137126564979553,-0.03489943966269493,-0.036140501499176025,-0.020342107862234116,-0.02827160619199276,-0.020228510722517967,-0.024434512481093407,-0.029985127970576286,-0.05298186093568802,-0.04610736668109894,-0.04098712280392647,-0.033667806535959244,-0.035745590925216675,-0.050358790904283524,-0.07626144587993622,-0.09069566428661346,-0.10030671209096909,-0.07837694883346558,-0.08722995221614838,-0.0972776934504509,-0.10680019110441208,-0.10571496933698654,-0.1799081563949585,-0.12256138026714325,-0.11353777348995209,-0.07996665686368942,-0.07740518450737,-0.055539462715387344,-0.07902975380420685,-0.05920926854014397,-0.04752221331000328,-0.04314364492893219,-0.05865660682320595,-0.027893083170056343,-0.04876035451889038,-0.043677832931280136,-0.05032126232981682,-0.06835649162530899,-0.030727393925189972,-0.045559003949165344,-0.06986498087644577,-0.005872933194041252,-0.03271964192390442,-0.054116230458021164,0.04134141653776169,-0.021616792306303978,-0.11945170164108276,0.023670349270105362,0.026063501834869385,-0.001057332381606102,-0.012517084367573261,-0.009384963661432266,0.01034207921475172,-0.07112456858158112,-0.09454581886529922,0.0063421232625842094,0.0058236815966665745,0.11164359748363495,0.19172810018062592,-0.07176855951547623,0.2306535691022873,0.31008028984069824,0.24822668731212616,-0.14208045601844788,0.0639178529381752,-0.037290219217538834,0.1474129855632782,-0.0782359167933464,0.09099379181861877,0.06974615901708603,0.20975351333618164,-0.009319604374468327,-0.07483585178852081,0.1332067996263504,-0.0458591990172863,0.3175997734069824,0.019648352637887,-0.005286292638629675,-0.22020934522151947,0.11369005590677261,0.07532920688390732,-0.06952676177024841,-0.09796832501888275,0.3705049753189087,-0.19007693231105804,0.04692218452692032,-0.08267780393362045,0.29776886105537415,-0.11261264234781265,0.23298734426498413,-0.07147599011659622,-0.05818989500403404,-0.07470452785491943,-0.19091446697711945,-0.053826190531253815,0.14525873959064484,-0.4018341302871704,0.010205300524830818,0.1632847785949707,0.2733311653137207,-0.024953767657279968,-0.2430114597082138,-0.08933177590370178,0.14450979232788086,0.19368597865104675,-0.33638185262680054,0.4706779420375824,-0.11565346270799637,-0.12699377536773682,0.08188052475452423,0.23296962678432465,-0.1884678602218628,0.18240350484848022,0.4552365839481354,-0.3748764991760254,0.03293166309595108,0.25835737586021423,-0.034807831048965454,0.08889193087816238,-6.21769288500218e-07,0.04661201313138008,-0.00013430113904178143,1.902248754959146e-06,-1.5946823168633273e-06,-2.7893231163034216e-05,-0.0006902992608956993,0.03729010000824928,-0.007393574342131615,0.004663540981709957,-0.015258717350661755,0.07309101521968842,-0.05524072051048279,0.013697203248739243,-0.04440730810165405,-0.024106252938508987
378,0.0019717782270163298,0.012510319240391254,0.022908654063940048,0.02259867824614048,0.017805542796850204,0.005618846509605646,-0.0026554386131465435,-0.006156395189464092,-0.007130723912268877,-0.008796870708465576,-0.0064861224964261055,-0.00566877331584692,-0.006262670736759901,-0.005925429053604603,2.59411426668521e-05,0.009106115438044071,0.012876474298536777,0.007681751158088446,-0.00151392025873065,-0.011937499977648258,-0.020820537582039833,-0.021841809153556824,-0.006052051205188036,0.0027371514588594437,0.0019960321951657534,-0.003972621634602547,-0.011672628112137318,-0.008727933280169964,-0.0022845626808702946,0.00915491208434105,0.03458060696721077,0.026536155492067337,0.0016531103756278753,-0.024383796378970146,-0.05111214891076088,-0.09310006350278854,-0.14078673720359802,-0.13714519143104553,-0.1280149668455124,-0.08861251920461655,-0.08664855360984802,-0.07218114286661148,-0.029776234179735184,0.022223854437470436,0.12793797254562378,0.08122541010379791,0.053582631051540375,0.00792688224464655,-0.02155451476573944,-0.021505028009414673,-0.022378047928214073,-0.004547838121652603,-0.004087868612259626,-0.008471899665892124,-0.02482050471007824,-0.015330817550420761,-0.016969455406069756,-0.00446172384545207,0.0034297809470444918,0.01141185313463211,-0.008703792467713356,-0.01815442368388176,-0.03922657296061516,-0.0038531755562871695,-0.01891060546040535,-0.02352873422205448,0.009515887126326561,-0.006920981220901012,-0.08082693815231323,0.007194215431809425,-0.0049681272357702255,-0.025775836780667305,-0.014315788634121418,-0.03487630560994148,-8.899018575903028e-05,-0.0034503887873142958,0.037746988236904144,-0.022161277011036873,0.002274274593219161,-0.030098147690296173,-0.045133668929338455,0.02569706365466118,-0.025295598432421684,-0.017884105443954468,-0.028170622885227203,-0.015970440581440926,-0.03996233269572258,-0.0026094140484929085,-0.0663929283618927,-0.09713287651538849,0.001379219931550324,0.024962279945611954,0.08074799180030823,-0.060304105281829834,-0.04561591520905495,0.042406436055898666,-0.04570550099015236,0.20743583142757416,-0.0020365421660244465,-0.008934582583606243,-0.1136261373758316,0.0036704421509057283,-0.04078156128525734,-0.08963106572628021,0.0034568579867482185,0.22163209319114685,-0.21730811893939972,-0.005751525051891804,-0.10370036214590073,0.21007776260375977,-0.2525944113731384,0.22560425102710724,-0.14197289943695068,0.0010225572623312473,0.01377519778907299,0.017065294086933136,-0.12029964476823807,0.14928576350212097,-0.30069857835769653,0.07405298203229904,0.027993040159344673,0.12121303379535675,-0.039283156394958496,-0.07034649699926376,0.004145648330450058,-0.03957727923989296,0.16339077055454254,-0.13972316682338715,0.1165580004453659,-0.039250683039426804,0.11946115642786026,0.00029627906042151153,0.1694687455892563,-0.19739505648612976,0.14608919620513916,0.13497322797775269,-0.22587856650352478,0.011630239896476269,0.14813046157360077,-0.03691398352384567,0.059293895959854126,-2.2361099638601445e-07,-0.02822800725698471,-3.88911175832618e-05,2.0349625984295017e-08,5.376895728659292e-07,-3.0277629775810055e-05,0.0005888606538064778,0.7579147219657898,-0.04078885540366173,0.016818629577755928,0.007315749768167734,-0.026770588010549545,0.02531440556049347,0.013623123057186604,0.01812911406159401,0.0394524522125721
379,-0.001389943528920412,-0.005888395011425018,-0.011776026338338852,-0.015602190047502518,-0.018405620008707047,-0.015376650728285313,-0.010775922797620296,-0.009356816299259663,-0.007950893603265285,-0.006622415967285633,-0.0021445220336318016,0.002075530355796218,0.007955605164170265,0.015461434610188007,0.02159995213150978,0.029862796887755394,0.03689038008451462,0.028149284422397614,0.03247787430882454,0.03872426971793175,0.051678091287612915,0.07903292775154114,0.06894185394048691,0.07465661317110062,0.06186215206980705,0.02904481440782547,0.03892558813095093,0.022875845432281494,0.020499832928180695,0.006357284262776375,-0.019213508814573288,-0.0406775064766407,-0.046333976089954376,-0.052573394030332565,-0.065278060734272,-0.09409157931804657,-0.11442898958921432,-0.07877793163061142,-0.031280964612960815,0.008949235081672668,0.03711439669132233,0.0654846653342247,0.1076732724905014,0.09584087878465652,0.19591060280799866,0.1011042520403862,0.09078652411699295,0.061484694480895996,0.06340517103672028,0.07231041043996811,0.14844095706939697,0.1259099543094635,0.10350994020700455,0.09716559946537018,0.13152173161506653,0.042967915534973145,0.06805765628814697,0.017245270311832428,0.021413713693618774,0.023310869932174683,-0.006849612109363079,-0.009500520303845406,-0.02847401611506939,-0.0022331110667437315,-0.010740701109170914,-0.006215653382241726,0.0007006602827459574,-0.009587324224412441,-0.038057900965213776,-0.021301286295056343,-0.02433139458298683,-0.02168753184378147,-0.006872431840747595,0.03057490475475788,0.001893389504402876,-0.03313913568854332,-0.10668964684009552,-0.0022301438730210066,0.042578984051942825,-0.11323235929012299,-0.10305868089199066,0.008482815697789192,-0.1034955307841301,-0.2513662576675415,-0.20917178690433502,0.10522041469812393,-0.11764287203550339,0.012396002188324928,-0.14492778480052948,-0.048096608370542526,-0.04229456186294556,-0.009129905141890049,-0.02472730353474617,-0.047419242560863495,0.005684624891728163,-0.08802970498800278,0.05178696662187576,-0.2635379731655121,-0.1624569147825241,-0.03332141786813736,-0.1171913668513298,0.11329840123653412,0.03578299283981323,-0.08822860568761826,-0.008141481317579746,0.35309702157974243,-0.21058011054992676,0.11896991729736328,-0.0753760039806366,0.3864459693431854,-0.40643879771232605,0.1722482293844223,-0.2635519802570343,0.005086413584649563,0.26814091205596924,0.11170461773872375,-0.16712172329425812,0.5341089367866516,-0.42232945561408997,0.1041870266199112,0.008994240313768387,0.17901305854320526,0.039990752935409546,-0.20818930864334106,-0.04978388547897339,0.007170696277171373,0.13459746539592743,-0.39148905873298645,0.492317795753479,-0.11186064779758453,-0.05576200783252716,-0.08866266161203384,0.214726984500885,-0.4499487280845642,0.19942723214626312,0.4541292190551758,-0.3354192078113556,0.21891182661056519,0.04669569060206413,0.1201297789812088,0.0378713458776474,-7.32460250674194e-07,-0.037391867488622665,-0.00043192668817937374,-2.7343680812919047e-06,-8.410190730501199e-07,-2.004379166464787e-05,-0.0006622147629968822,0.27454090118408203,-0.09686682373285294,-0.14339807629585266,-0.009037306532263756,0.005835159681737423,-0.17504583299160004,-0.15317106246948242,-0.12556128203868866,-0.17465746402740479
380,-0.0006932859541848302,-0.0023996715899556875,0.0007438714383170009,0.008622626774013042,0.02389182336628437,0.02964540384709835,0.021738186478614807,0.013098567724227905,0.003972499165683985,-0.0027030413039028645,-0.0046790046617388725,-0.005297927651554346,-0.007238774094730616,-0.011081167496740818,-0.012859784066677094,-0.012815176509320736,-0.005688922014087439,0.008527299389243126,0.030662555247545242,0.050914306193590164,0.07491504400968552,0.09573613107204437,0.05440681055188179,0.047934237867593765,0.04907536134123802,0.02630818821489811,0.033536430448293686,0.01986248604953289,0.021790411323308945,0.025900091975927353,0.047383230179548264,0.03003888577222824,0.010634188540279865,0.0028524603694677353,0.0019571534357964993,-0.004752561915665865,-0.022281207144260406,-0.03532939776778221,-0.03501443564891815,-0.02154328115284443,-0.019910281524062157,-0.03127933293581009,-0.04815513640642166,-0.058606941252946854,-0.11174806207418442,-0.06443147361278534,-0.03500949218869209,0.016666747629642487,0.08967827260494232,0.1161920577287674,0.22447510063648224,0.12354181706905365,0.08047808706760406,0.04273449629545212,0.043455205857753754,0.013164951466023922,0.008985603228211403,-0.004077031277120113,-0.014716277830302715,-0.01982044242322445,-0.009007489308714867,-0.012093713507056236,-0.009290065616369247,-0.0077849798835814,-0.005263220053166151,0.0016637060325592756,-0.02986856922507286,-0.01472843810915947,-0.03204184025526047,-0.013255944475531578,-0.009802293963730335,-0.014498261734843254,-0.015337830409407616,-0.06881965696811676,-0.0059562791138887405,-0.005665425676852465,-0.00324269849807024,0.018856335431337357,0.05618291720747948,-0.03262439742684364,-0.04750228300690651,0.044678956270217896,-0.03379074111580849,-0.06497825682163239,-0.1120714545249939,0.0862593799829483,-0.04334880784153938,0.009727572090923786,-0.040945447981357574,-0.03247591480612755,-0.02648041397333145,0.021751778200268745,-0.037101130932569504,-0.029208917170763016,-0.0006785234436392784,-0.07614555209875107,-0.04452300816774368,-0.11689119786024094,-0.06390134245157242,-0.07099311798810959,0.06762347370386124,-0.07081818580627441,-0.05173313990235329,-0.050421737134456635,-0.003261482808738947,0.01879512332379818,-0.09670824557542801,-0.028793856501579285,-0.08199663460254669,0.05303410068154335,0.015506167896091938,0.09570200741291046,-0.060541149228811264,0.00907696783542633,-0.06820394098758698,-0.08065907657146454,-0.0012772631598636508,-0.14161387085914612,0.0260832030326128,-0.031101234257221222,0.0271295253187418,-0.1269255429506302,-0.03489304333925247,0.040552202612161636,0.1679544746875763,-0.040121451020240784,0.04695332050323486,0.04113714396953583,-0.12845203280448914,-0.06770524382591248,0.10563872754573822,0.050097301602363586,0.11780368536710739,0.16698430478572845,0.056971702724695206,-0.22547155618667603,0.03649015724658966,-0.009945330210030079,0.1147780492901802,-0.024952739477157593,0.07102692872285843,-5.884232336939021e-07,-0.022570524364709854,0.0001610887557035312,-2.435481746942969e-06,-1.0765304523374652e-06,6.245368422241881e-05,0.00016609828162472695,0.20709574222564697,0.10455981642007828,0.022517183795571327,0.0005769956042058766,-0.017755040898919106,0.012940814718604088,0.009475035592913628,0.01868584007024765,0.03788193687796593
381,-0.00029703121981583536,-0.00018049105710815638,0.0042223515920341015,0.009333486668765545,0.019476158544421196,0.020824920386075974,0.022596018388867378,0.027198459953069687,0.036764148622751236,0.05556199699640274,0.04344696179032326,0.032767437398433685,0.027106190100312233,0.018112219870090485,0.004627070855349302,-0.006119855679571629,-0.01134938932955265,-0.012313020415604115,-0.017033061012625694,-0.018350832164287567,-0.024550355970859528,-0.032448384910821915,-0.020464831963181496,-0.015510907396674156,0.0013346687192097306,0.021167924627661705,0.0781235471367836,0.09240971505641937,0.13904672861099243,0.15499506890773773,0.22862906754016876,0.136763334274292,0.07207681238651276,0.052392296493053436,0.05440156161785126,0.058326512575149536,0.038799986243247986,-0.0027440357953310013,-0.025109486654400826,-0.01646931655704975,0.009687468409538269,0.05302617326378822,0.09551532566547394,0.10612159222364426,0.19423088431358337,0.12427826225757599,0.12068072706460953,0.1042151153087616,0.10748588293790817,0.06416058540344238,0.08597785979509354,0.062076300382614136,0.09327670186758041,0.10874681919813156,0.1754879653453827,0.10205982625484467,0.12489010393619537,0.08443932980298996,0.11768826842308044,0.1495879739522934,0.06544861197471619,0.08016746491193771,0.0632152259349823,0.001453761593438685,0.01774436980485916,0.02783389575779438,-0.07062680274248123,-0.012016220018267632,0.1249677836894989,-0.028369402512907982,0.09365194290876389,0.12287431210279465,0.06029265373945236,0.2884204685688019,0.07812831550836563,0.11130213737487793,-0.1497812122106552,0.2687484323978424,0.12044879049062729,-0.001448528142645955,-0.004354957025498152,0.02904953993856907,-0.022215282544493675,-0.030276646837592125,-0.06495743989944458,0.18784065544605255,-0.05233808234333992,0.02517026476562023,-0.07927696406841278,0.04609624668955803,-0.023140687495470047,-0.04521912708878517,-0.19794021546840668,0.14424322545528412,0.228799968957901,-0.39024779200553894,0.01558987982571125,-0.9329066872596741,-0.12128965556621552,-0.22544308006763458,0.6837794780731201,-0.35707318782806396,-0.2877804636955261,0.2091182917356491,-0.13487792015075684,-0.2689606547355652,0.1751367300748825,-0.08534364402294159,0.0837782546877861,-0.26735371351242065,0.6776227951049805,-0.5842283964157104,0.41592687368392944,0.21171054244041443,-0.2603744566440582,-0.47557172179222107,1.027334213256836,-1.5170536041259766,1.0248453617095947,-0.3458482325077057,-0.10987519472837448,-0.8083195090293884,0.19226284325122833,0.5559155941009521,0.5589396953582764,-0.0907278060913086,-0.2788185477256775,0.8027005195617676,-0.8507776260375977,-0.006838521920144558,0.06370258331298828,0.031579867005348206,-0.29094552993774414,0.8300290703773499,-0.17381657660007477,-1.3266900777816772,1.9214783906936646,-0.359264999628067,-0.2593831717967987,0.15945583581924438,-0.2490783929824829,2.527449964873085e-07,-0.011979267001152039,-0.00029632533551193774,-3.1073907393874833e-06,6.796847173973219e-07,-2.2842257749289274e-05,-0.000594509590882808,-4.528858184814453,0.27939388155937195,0.04096909984946251,-0.004563927184790373,-0.014311152510344982,0.027280790731310844,0.03343978524208069,0.05525589361786842,0.039807211607694626
382,-0.0013543174136430025,-0.005299324635416269,-0.011602935381233692,-0.015527047216892242,-0.0169224813580513,-0.013715874403715134,-0.009179502725601196,-0.007985252887010574,-0.007845841348171234,-0.0077146864496171474,-0.0063886805437505245,-0.005722124595195055,-0.007326514460146427,-0.00950388703495264,-0.012269106693565845,-0.014111473225057125,-0.016182515770196915,-0.014882639050483704,-0.022388825193047523,-0.025780420750379562,-0.03437686711549759,-0.04473765194416046,-0.03084002621471882,-0.032355181872844696,-0.035715531557798386,-0.01995668187737465,-0.02766876481473446,-0.018372708931565285,-0.022835617884993553,-0.025576667860150337,-0.03790610283613205,-0.028259413316845894,-0.020511643961071968,-0.018997931852936745,-0.028288858011364937,-0.06022834777832031,-0.10116751492023468,-0.11518784612417221,-0.11537182331085205,-0.08172415941953659,-0.08175036311149597,-0.097028948366642,-0.09945261478424072,-0.10376837849617004,-0.17144060134887695,-0.12038654834032059,-0.11121513694524765,-0.07916861027479172,-0.07954936474561691,-0.05192034691572189,-0.07706659287214279,-0.06027107313275337,-0.042913105338811874,-0.04351717233657837,-0.05294550955295563,-0.030944108963012695,-0.05077320337295532,-0.04439602792263031,-0.053410325199365616,-0.07310508191585541,-0.040724609047174454,-0.04305589944124222,-0.07325337827205658,-0.0030746704433113337,-0.03588799387216568,-0.05948556214570999,0.019324040040373802,-0.007478413172066212,-0.1150546595454216,0.012358330190181732,0.01207446027547121,0.0013219740940257907,0.029252363368868828,0.130930557847023,0.03380322828888893,-0.02433578111231327,-0.01739649288356304,-0.030348200350999832,-0.007665697950869799,0.03406889736652374,0.12572123110294342,-0.07783069461584091,0.265407532453537,0.29018110036849976,0.4309712052345276,-0.19780704379081726,0.09596040099859238,-0.04090974107384682,0.1519441306591034,-0.1056182011961937,0.07285895943641663,0.054530348628759384,0.22168418765068054,-0.02749987132847309,-0.060337115079164505,0.11087928712368011,-0.05675867199897766,0.28815779089927673,0.02017585001885891,-0.0422063022851944,-0.22121812403202057,0.08290133625268936,0.009884973056614399,-0.09298257529735565,-0.08189788460731506,0.13570192456245422,-0.18673330545425415,-0.12684163451194763,-0.10205692052841187,-0.233561709523201,-0.0545572005212307,0.03217028081417084,0.10308489948511124,-0.011192996054887772,0.010489242151379585,0.1508556753396988,-0.21875090897083282,0.9149736762046814,-0.7468377947807312,-0.22851170599460602,0.15126767754554749,0.41803979873657227,-0.04178819805383682,-0.27111101150512695,-0.13189436495304108,0.13356582820415497,0.13773903250694275,-0.3446173071861267,0.5404030084609985,-0.1379997730255127,-0.14115425944328308,0.1385696530342102,0.23866437375545502,-0.17765623331069946,0.09231682121753693,0.371550053358078,-0.32207947969436646,0.07550854235887527,0.20470459759235382,-0.04594594985246658,0.07004106789827347,-8.505844562023412e-07,0.0408930741250515,0.0006207470432855189,3.888755145453615e-06,3.6571410344521382e-09,2.9804892619722523e-05,0.0005076599190942943,0.3848743736743927,-0.03224645182490349,-0.010968243703246117,-0.01558795664459467,0.06707499921321869,0.027537835761904716,-0.010355489328503609,-0.04340866953134537,-0.04665754362940788
383,-0.0012025474570691586,-0.004232209175825119,-0.007537732366472483,-0.006039412226527929,0.0008205662597902119,0.007924296893179417,0.008204488083720207,0.005908486433327198,0.002053123665973544,-0.0027290727011859417,-0.004371271468698978,-0.004968083929270506,-0.006791282445192337,-0.008796503767371178,-0.011262157931923866,-0.012903435155749321,-0.014941133558750153,-0.012846948578953743,-0.020805276930332184,-0.024403750896453857,-0.032180894166231155,-0.04147917032241821,-0.029217908158898354,-0.031069057062268257,-0.03418754041194916,-0.01842060126364231,-0.02648240514099598,-0.01677222177386284,-0.022039413452148438,-0.02722632698714733,-0.0458073616027832,-0.043238963931798935,-0.04106384143233299,-0.04109954088926315,-0.05023690685629845,-0.08002956211566925,-0.11499681323766708,-0.11500535905361176,-0.10844632238149643,-0.07582246512174606,-0.07993032038211823,-0.09040418267250061,-0.09473132342100143,-0.10008405148983002,-0.16122259199619293,-0.11027675122022629,-0.10054205358028412,-0.07141531258821487,-0.06498178839683533,-0.03718603774905205,-0.045928727835416794,-0.030020277947187424,-0.02142433635890484,-0.026173464953899384,-0.04034682363271713,-0.021573137491941452,-0.04472578316926956,-0.036425210535526276,-0.047065116465091705,-0.0638711154460907,-0.03891759738326073,-0.038917042315006256,-0.06940261274576187,-0.003285034792497754,-0.036863718181848526,-0.05449361354112625,0.017653269693255424,-0.014661203138530254,-0.10837891697883606,0.01891777105629444,0.005713638849556446,-0.02921900898218155,0.010880738496780396,0.24488142132759094,0.026186542585492134,-0.021243838593363762,-0.03409339115023613,-0.03134605288505554,0.005850037094205618,0.1588532030582428,0.25379037857055664,-0.1323421448469162,0.27331215143203735,0.3411029279232025,0.33352920413017273,-0.11888762563467026,0.09260576218366623,-0.025365447625517845,0.16420818865299225,-0.08007650077342987,0.07768614590167999,0.09140212088823318,0.24412819743156433,-0.005021862685680389,-0.04610844701528549,0.1129981204867363,-0.0353219173848629,0.2715848684310913,0.02613958716392517,-0.01773729734122753,-0.18993280827999115,0.0828668475151062,0.02520866133272648,-0.08615667372941971,-0.06805827468633652,0.08996135741472244,-0.2199166864156723,-0.14963611960411072,-0.08449939638376236,-0.2809607982635498,0.04710439220070839,0.048041991889476776,0.1176232397556305,-0.027811765670776367,0.020772786810994148,0.16243614256381989,-0.2086803913116455,0.7640740275382996,-0.5701555609703064,-0.109193816781044,0.17039984464645386,0.2378379851579666,-0.023195065557956696,-0.2784607708454132,-0.2395457625389099,0.3533988296985626,0.021462012082338333,-0.8698650002479553,0.9466946721076965,-0.20414642989635468,-0.24609583616256714,0.250358909368515,0.3090926706790924,-0.1275027096271515,0.2043890804052353,0.34630951285362244,-0.4111930727958679,0.04429704695940018,0.22314603626728058,-0.045249633491039276,0.056646984070539474,-3.9418818431613545e-08,0.06306610256433487,0.0003735844511538744,2.439623585814843e-06,1.0913286985214654e-07,4.113180239073699e-06,0.0004964477848261595,-0.09317519515752792,0.04798956960439682,0.013468307442963123,-0.010673056356608868,-0.014887181110680103,0.027080491185188293,-0.009481281042098999,-0.028123514726758003,-0.016713539138436317
384,-0.0008246597717516124,-0.001851580454967916,0.0005252714036032557,0.005050168838351965,0.008966679684817791,0.007220832165330648,0.001578857540152967,-0.003103605704382062,-0.0058382004499435425,-0.008503083139657974,-0.007128055207431316,-0.006268286146223545,-0.007786327973008156,-0.009250897914171219,-0.006259470246732235,0.0003842521400656551,0.008198997937142849,0.008561354130506516,0.004759025294333696,-0.006694165989756584,-0.022579694166779518,-0.04012802988290787,-0.03319926932454109,-0.037433184683322906,-0.04044416546821594,-0.022546228021383286,-0.03153853490948677,-0.022143127396702766,-0.02516031078994274,-0.026340913027524948,-0.03962300717830658,-0.022569594904780388,-0.0014616410480812192,0.018181106075644493,0.035418905317783356,0.05557435378432274,0.06003309413790703,0.02376456931233406,-0.013406006619334221,-0.030852729454636574,-0.04124598205089569,-0.05104441940784454,-0.05698968470096588,-0.057781849056482315,-0.11361054331064224,-0.08005551993846893,-0.07034367322921753,-0.046315208077430725,-0.04140032082796097,-0.03400697931647301,-0.05876139551401138,-0.040926359593868256,-0.033613674342632294,-0.022645380347967148,-0.02698439173400402,-0.014240448363125324,-0.023489762097597122,-0.02037229761481285,-0.027663638815283775,-0.044275619089603424,-0.019910622388124466,-0.03232307732105255,-0.058238934725522995,-0.008943287655711174,-0.032016221433877945,-0.05832943320274353,0.04672380909323692,-0.01717882789671421,-0.10278771072626114,0.0031391095835715532,-0.011712104082107544,-0.022538382560014725,-0.013876854442059994,-0.03307443857192993,0.01557145081460476,-0.001364001538604498,-0.02648220956325531,0.008123273961246014,0.002827736549079418,-0.013068204745650291,-0.037526801228523254,0.028294730931520462,-0.025541532784700394,0.0007866924279369414,0.006007341668009758,-0.09623692184686661,0.016047021374106407,-0.056033939123153687,0.09134349972009659,-0.11314310133457184,0.002265607239678502,0.023088889196515083,0.04465768113732338,-0.061392124742269516,-0.0407225526869297,0.05503320321440697,-0.05504241958260536,0.2899298369884491,0.008753427304327488,0.04169320687651634,-0.2608524262905121,0.15315629541873932,0.051671214401721954,-0.11290813982486725,-0.0012838025577366352,0.27405327558517456,-0.2384081929922104,0.02723342552781105,-0.09602893888950348,0.1948123723268509,-0.10418705642223358,0.2220591902732849,-0.08592306077480316,0.016667649149894714,0.0038797855377197266,0.025154683738946915,-0.16650526225566864,0.2430541217327118,-0.33130496740341187,0.07985179871320724,0.03442588448524475,0.22418273985385895,-0.059332117438316345,-0.1801169216632843,-0.0734199807047844,0.008481008931994438,0.2007676213979721,-0.2271202653646469,0.313057005405426,-0.05509823560714722,0.05503511056303978,-0.009535585530102253,0.13549253344535828,-0.11372506618499756,0.09933468699455261,0.2713770270347595,-0.503929615020752,0.2395819127559662,0.11367849260568619,-0.13242940604686737,0.025355197489261627,-7.456836783603649e-07,-0.024407649412751198,-0.0004108376451767981,-2.412709136478952e-06,-9.838374808168737e-07,-2.5618524887249805e-05,-0.0007491444703191519,1.3769127130508423,-0.06319914013147354,0.028877276927232742,0.004037545528262854,-0.023864442482590675,0.03932368382811546,0.013454229570925236,0.01900421269237995,0.04707997292280197
385,-0.0014224940678104758,-0.005959534551948309,-0.01187757309526205,-0.015374800190329552,-0.01733556017279625,-0.013864526525139809,-0.009397599846124649,-0.008183682337403297,-0.008099671453237534,-0.008006813004612923,-0.006273298524320126,-0.005450512282550335,-0.007661886513233185,-0.00971958041191101,-0.01223005261272192,-0.014456251636147499,-0.016527675092220306,-0.014242192730307579,-0.021010903641581535,-0.026282446458935738,-0.0345737598836422,-0.04503988102078438,-0.03058745339512825,-0.03421759232878685,-0.03565679118037224,-0.019650042057037354,-0.027366023510694504,-0.019168322905898094,-0.023808376863598824,-0.029175076633691788,-0.052020732313394547,-0.047259584069252014,-0.04695777967572212,-0.044764336198568344,-0.05581630393862724,-0.08465655148029327,-0.1147570088505745,-0.10931986570358276,-0.08920896798372269,-0.054635919630527496,-0.055693455040454865,-0.0658387839794159,-0.08047309517860413,-0.09232190996408463,-0.166786327958107,-0.11986123770475388,-0.10928427428007126,-0.07768600434064865,-0.07616572827100754,-0.054420288652181625,-0.07722074538469315,-0.058610983192920685,-0.04541217163205147,-0.041321832686662674,-0.05581941455602646,-0.027494940906763077,-0.04848065599799156,-0.04070166498422623,-0.049103397876024246,-0.06782405823469162,-0.03345939517021179,-0.04548479989171028,-0.0719209685921669,-0.005315546877682209,-0.02984936721622944,-0.05634747073054314,0.03444066271185875,-0.02180221676826477,-0.07610775530338287,-0.004847791511565447,-0.026346219703555107,-0.024970291182398796,0.07889778167009354,0.17697153985500336,0.003633870743215084,-0.01289403811097145,0.026146072894334793,-0.058809224516153336,0.020505957305431366,0.1304192841053009,0.20159824192523956,-0.0970536395907402,0.1852882355451584,0.3089963495731354,0.3683649003505707,-0.17640630900859833,0.1458972543478012,-0.06129540875554085,0.20503078401088715,-0.059356287121772766,0.10329454392194748,0.07985039055347443,0.22345592081546783,0.012456408701837063,-0.08085818588733673,0.13560721278190613,-0.046530187129974365,0.30210357904434204,0.018625084310770035,-0.011489621363580227,-0.20422308146953583,0.08758591115474701,0.04994378238916397,-0.0755690410733223,-0.1258767992258072,0.3499926030635834,-0.15932296216487885,0.01451227068901062,-0.08914068341255188,0.07758168131113052,-0.06056205928325653,0.12656603753566742,0.03125971183180809,-0.21079127490520477,-0.0689287930727005,-0.21429096162319183,-0.043960683047771454,0.04006706550717354,-0.3613460958003998,-0.10088850557804108,0.24986426532268524,0.3692326247692108,0.09473855793476105,-0.5599657297134399,-0.3331299126148224,0.3156144917011261,0.21038135886192322,-0.4603365957736969,0.5437200665473938,-0.10709358751773834,-0.1539314240217209,0.1307714879512787,0.21414905786514282,-0.18586543202400208,0.17913198471069336,0.45452165603637695,-0.3663906753063202,0.04552960768342018,0.26267367601394653,-0.05025843530893326,0.07614802569150925,-2.336444566708451e-07,0.025205455720424652,1.9394832634134218e-05,1.7313727767032105e-06,-1.0113102462128154e-06,-1.070694543159334e-05,-0.00035707696224562824,0.13314737379550934,0.01984827034175396,0.010342661291360855,-0.014702643267810345,0.08515802770853043,-0.027463015168905258,0.006328776944428682,-0.027000848203897476,-0.01889466866850853
386,0.0002642393228597939,0.00227973866276443,0.005682135000824928,0.0041773756965994835,0.0029898022767156363,-0.001620935508981347,-0.0042272103019058704,-0.005319193005561829,-0.00578784616664052,-0.00729244202375412,-0.005643539596349001,-0.00513063557446003,-0.006035488564521074,-0.0058954982087016106,0.004030308220535517,0.028445066884160042,0.05843678116798401,0.07936955243349075,0.09929827600717545,0.09417978674173355,0.09219197183847427,0.09036511927843094,0.04384463280439377,0.04311099275946617,0.04657423868775368,0.02459915727376938,0.022051261737942696,0.003025311976671219,-0.010431828908622265,-0.020532455295324326,-0.04434933513402939,-0.03955669328570366,-0.028250951319932938,-0.02486463449895382,-0.0297958105802536,-0.04976912587881088,-0.06473448872566223,-0.03184890374541283,0.018603993579745293,0.053360093384981155,0.07627546787261963,0.09079281985759735,0.07900390774011612,0.08176936209201813,0.20391947031021118,0.18430128693580627,0.19712646305561066,0.16746973991394043,0.16429828107357025,0.09814964234828949,0.1310902088880539,0.08370085060596466,0.09767693281173706,0.0890868604183197,0.11817608773708344,0.05229712277650833,0.045551709830760956,0.02489483915269375,0.036385130137205124,0.06482935696840286,0.039788953959941864,0.06206054240465164,0.09753868728876114,-0.002918168669566512,-0.0011158724082633853,-0.005026237573474646,-0.010027483105659485,-0.008861676789820194,-0.020922109484672546,-0.012401525862514973,-0.011771607212722301,-0.02061259187757969,-0.008561947382986546,0.020470373332500458,0.04834458604454994,0.06377807259559631,-0.09891656786203384,0.13016006350517273,0.09629419445991516,-0.013299468904733658,-0.04881371557712555,0.05914919823408127,-0.03908601403236389,-0.11317705363035202,-0.10044724494218826,0.15230119228363037,-0.04959922656416893,0.036940816789865494,-0.05245785787701607,0.023883091285824776,-0.020523661747574806,-0.0004872409626841545,-0.08513770997524261,0.05525628849864006,0.0205671563744545,-0.07210094481706619,0.020588772371411324,-0.341137558221817,-0.03063247911632061,-0.14863000810146332,0.25758829712867737,-0.30493757128715515,-0.2151889055967331,0.16814744472503662,-0.14649459719657898,-0.5500292778015137,0.4223034679889679,-0.11432033032178879,-0.04693106189370155,-0.10650689899921417,0.16201817989349365,-0.06961596757173538,0.0415809229016304,0.0194034855812788,-0.07892397791147232,-0.12468082457780838,0.138651505112648,-0.4632759690284729,0.49463269114494324,-0.1734316349029541,0.05083265155553818,-0.6312707662582397,0.16085970401763916,0.15074196457862854,0.3275825083255768,0.1540340930223465,-0.32746168971061707,0.5859365463256836,-0.8985549211502075,-0.04588809981942177,0.04374166950583458,-0.011886396445333958,-0.2619122564792633,0.7553520798683167,-0.18268080055713654,-1.0529299974441528,0.8059152364730835,-0.27440834045410156,0.10629990696907043,0.03009258769452572,0.008132384158670902,1.6321237694683077e-07,-0.021446535363793373,-0.0002992202353198081,-2.932194774984964e-06,6.898853257553128e-07,-2.5705778170959093e-05,-0.0005891105975024402,-1.7131433486938477,0.23493191599845886,0.044858306646347046,-0.00473522674292326,-0.024084774777293205,0.031528033316135406,0.032207053154706955,0.05622953176498413,0.04556317254900932
387,-0.00100129924248904,-0.0046056401915848255,-0.010551556944847107,-0.010979140177369118,-0.012971547432243824,-0.005978121422231197,0.002000534674152732,0.008394847624003887,0.011863276362419128,0.009867704473435879,0.0029938931111246347,-0.0012691266601905227,-0.005127851851284504,-0.009912466630339622,-0.012719378806650639,-0.016599059104919434,-0.017303450033068657,-0.0164346806704998,-0.02160295471549034,-0.026381241157650948,-0.03540648892521858,-0.04738328233361244,-0.03172259405255318,-0.03501800447702408,-0.03715196251869202,-0.021256355568766594,-0.02649551071226597,-0.013534312136471272,0.0009316228097304702,0.0358751006424427,0.1662789285182953,0.2383219450712204,0.21985024213790894,0.14684543013572693,0.08188702166080475,0.013685890473425388,-0.07339154928922653,-0.10869249701499939,-0.11667512357234955,-0.08223285526037216,-0.07504992932081223,-0.05642186850309372,-0.01503078918904066,0.02694888599216938,0.06905896961688995,0.021615298464894295,-0.012997688725590706,-0.037088438868522644,-0.057362135499715805,-0.04976069554686546,-0.0801677405834198,-0.05328439548611641,-0.04476511478424072,-0.03444352746009827,-0.040296390652656555,-0.017867570742964745,-0.02985907346010208,-0.022000528872013092,-0.033932700753211975,-0.04694918170571327,-0.0054132165387272835,-0.030522644519805908,-0.061222247779369354,0.004689039662480354,-0.017135364934802055,0.0033826357685029507,-0.08099742978811264,-0.03612910583615303,0.10104259103536606,-0.05774429813027382,-0.01901906728744507,-0.019724026322364807,-0.01062429416924715,-0.1263924241065979,0.0048957704566419125,0.003990478347986937,0.06491375714540482,-0.024890080094337463,-0.01094868779182434,-0.01722152903676033,-0.05293193459510803,0.006944715511053801,-0.035238273441791534,-0.0007026752573437989,0.015452150255441666,-0.07045842707157135,0.07474417984485626,-0.04295146465301514,0.10848293453454971,-0.12680275738239288,0.012440105900168419,0.03938295319676399,0.10981886088848114,-0.04089954122900963,-0.06023036316037178,0.09443213790655136,-0.08251016587018967,0.30297961831092834,0.0030395726207643747,0.01593722030520439,-0.15018132328987122,-0.04427817091345787,-0.1786976158618927,0.14564967155456543,0.3217475414276123,-0.5689135193824768,0.07146506756544113,-0.07042032480239868,-0.13841980695724487,0.29168155789375305,-0.27130234241485596,0.2065189927816391,-0.1662585437297821,-0.025542661547660828,-0.022637929767370224,-0.007596958894282579,-0.06072153523564339,-0.2545316517353058,-0.12814021110534668,0.06162170693278313,0.027020275592803955,0.1285150945186615,-0.06143447384238243,-0.12463175505399704,-0.038469668477773666,-0.07363497465848923,0.19604673981666565,-0.2366897165775299,0.374782532453537,-0.0847659632563591,-0.09496784210205078,-0.022794362157583237,0.1730882078409195,-0.32771262526512146,0.10022427141666412,0.42589038610458374,-0.3872826397418976,0.17718267440795898,0.0849902406334877,-0.03883276507258415,0.060898300260305405,-1.643487479441319e-07,0.0033888418693095446,0.001157428720034659,3.6673526437880355e-07,-7.607321776958997e-07,0.000204721131012775,0.0015908892964944243,0.8847205638885498,-0.05863143503665924,-0.022888656705617905,-0.00044323308975435793,-0.00916564092040062,-0.021202130243182182,-0.04046477749943733,0.061483606696128845,-0.03410445898771286
388,0.0005695747095160186,0.003739656414836645,0.006546313874423504,0.004897871986031532,0.0005761015345342457,-0.004646284971386194,-0.006704298779368401,-0.0077464585192501545,-0.00767149543389678,-0.009014091454446316,-0.006538274232298136,-0.005324244499206543,-0.004549689590930939,0.0004316312843002379,0.015842735767364502,0.03783070296049118,0.045470401644706726,0.03253737837076187,0.01852579414844513,-0.0019376317504793406,-0.022123700007796288,-0.04160362109541893,-0.032813575118780136,-0.03632418438792229,-0.039179157465696335,-0.02113334834575653,-0.02681131660938263,-0.014033254235982895,-0.0053121168166399,0.007265443913638592,0.033014822751283646,0.0267263725399971,0.0032806096132844687,-0.021237432956695557,-0.04412080720067024,-0.07500872015953064,-0.09963958710432053,-0.08677514642477036,-0.07936646044254303,-0.0625612661242485,-0.07235848903656006,-0.07646515965461731,-0.0591556578874588,-0.02814328856766224,-0.003098407294601202,-0.00037615347537212074,-0.012647200375795364,-0.026693642139434814,-0.03929247334599495,-0.027761273086071014,-0.025964217260479927,-0.005214637611061335,-0.004161988850682974,-0.008335684426128864,-0.024668633937835693,-0.015342202968895435,-0.017394674941897392,-0.0047059617936611176,0.003479569684714079,0.012460780330002308,-0.008544753305613995,-0.01888485997915268,-0.04455694556236267,0.0010807410581037402,-0.021297087892889977,-0.03577570989727974,0.03607441857457161,0.0007661455310881138,-0.09110493212938309,0.011747680604457855,-0.003733240067958832,-0.02411624602973461,-0.013671372085809708,-0.03391192853450775,0.000728284299839288,-0.002738717244938016,0.04172445461153984,-0.023146357387304306,-0.0009646666003391147,-0.03375566005706787,-0.05071311071515083,0.025748148560523987,-0.02647881768643856,-0.01524402666836977,-0.016634024679660797,-0.03427104651927948,-0.009275148622691631,-0.015201744623482227,-0.009534944780170918,-0.10937397927045822,0.007510294672101736,0.029253710061311722,0.09945391118526459,-0.061965420842170715,-0.047118473798036575,0.06285577267408371,-0.04681622236967087,0.23310239613056183,0.0038743605837225914,-0.002316715195775032,-0.13012072443962097,0.015343747101724148,-0.031619779765605927,-0.09456386417150497,0.0027590461540967226,0.2408604770898819,-0.22694499790668488,0.014710210263729095,-0.09759122878313065,0.2345840036869049,-0.2837807536125183,0.22819915413856506,-0.15515251457691193,-0.007094708736985922,0.038314979523420334,0.03704076632857323,-0.14250202476978302,0.21009762585163116,-0.32739877700805664,0.07778574526309967,0.024016719311475754,0.13191364705562592,-0.04202115535736084,-0.07363295555114746,0.003661168972030282,-0.04063381627202034,0.15897950530052185,-0.1763453334569931,0.2059478908777237,-0.0420357808470726,0.09995409101247787,-0.01057666726410389,0.17046856880187988,-0.2399032562971115,0.1423383355140686,0.21036362648010254,-0.3079169988632202,0.07129475474357605,0.15003812313079834,-0.04199520871043205,0.060003023594617844,-2.893594626129925e-07,-0.029148835688829422,-4.0980630728881806e-05,-1.5246936868607008e-07,2.552676505729323e-07,-2.3536098524346016e-05,0.000517011561896652,0.971726655960083,-0.0812714472413063,0.015223768539726734,0.0075943623669445515,-0.02772168628871441,0.029558708891272545,0.014904137700796127,0.018696943297982216,0.03973717987537384
389,0.0012896921252831817,0.007985214702785015,0.016056707128882408,0.009657786227762699,0.008823731914162636,0.003190932096913457,0.0017718528397381306,0.003743408713489771,0.00908498466014862,0.02169400081038475,0.022812435403466225,0.029537787660956383,0.042266812175512314,0.0642043724656105,0.07240718603134155,0.052595943212509155,0.02793918550014496,0.012818004935979843,0.018963107839226723,0.036388568580150604,0.08376752585172653,0.16668757796287537,0.11996527016162872,0.1208692118525505,0.1116400882601738,0.04853478819131851,0.06406958401203156,0.044832151383161545,0.06221853569149971,0.06858611106872559,0.10831286758184433,0.07678385078907013,0.04360480234026909,0.025738563388586044,0.02077486924827099,0.01949651725590229,0.0054672881960868835,-0.011650227010250092,-0.021533792838454247,-0.020151957869529724,-0.013187224976718426,-1.5011669347586576e-05,0.02394017204642296,0.046312637627124786,0.0942525789141655,0.04413644224405289,0.013099955394864082,-0.006034578662365675,-0.007402016781270504,0.011725512333214283,0.06816773861646652,0.08873216807842255,0.13781137764453888,0.16313296556472778,0.24594491720199585,0.16394072771072388,0.1683688908815384,0.0859476700425148,0.08437232673168182,0.07928484678268433,0.053195927292108536,0.11021633446216583,0.2238454669713974,0.026899946853518486,0.13931109011173248,0.20691293478012085,-0.1616094708442688,-0.031561318784952164,0.19082540273666382,0.05830563232302666,0.18531639873981476,0.2710396647453308,0.11313483864068985,0.7196483016014099,0.33227914571762085,0.4470250904560089,-0.29610946774482727,0.4543516933917999,0.237086683511734,0.12341873347759247,-0.08125457912683487,0.20412828028202057,-0.0568905845284462,-0.02253587171435356,-0.11874499917030334,0.7103627324104309,-0.06936146318912506,0.1378040760755539,-0.2421567142009735,0.42543795704841614,-0.07774755358695984,0.07919422537088394,-0.08736275881528854,0.4717239439487457,0.33127066493034363,-0.21917667984962463,0.2861441969871521,-0.5496522188186646,0.04918668046593666,-0.03743761032819748,0.5230756998062134,-0.19476723670959473,-0.13130517303943634,0.17452757060527802,-0.16763943433761597,-0.6054306030273438,0.8372167944908142,0.2242961823940277,0.5340161323547363,-0.40868645906448364,0.5996204018592834,-0.47465842962265015,0.15050634741783142,0.20350445806980133,0.14972591400146484,-0.2137719690799713,1.7877256870269775,-1.1882001161575317,1.4328858852386475,0.0530744232237339,0.49886155128479004,-1.2976394891738892,-0.23703771829605103,0.223455011844635,0.6427773833274841,0.2637554705142975,-1.2104228734970093,1.7957364320755005,-4.755902290344238,1.0750808715820312,-0.011390472762286663,-0.2671833336353302,-1.6434844732284546,0.3965274691581726,-1.650148868560791,-2.0214316844940186,3.6676011085510254,-0.8045213222503662,0.17111866176128387,-1.3336336612701416,-0.40593141317367554,1.0789218407580847e-07,-0.016056571155786514,-0.0001292893139179796,-1.526382675365312e-06,2.8702436338789994e-07,-1.0089827810588758e-05,-0.0002251780970254913,-5.164488792419434,0.22569945454597473,0.03037327341735363,-0.003099660389125347,-0.010720174759626389,0.015287218615412712,0.028311025351285934,0.04026973247528076,0.027081016451120377
390,-0.0008482711855322123,-0.003933202940970659,-0.007557298522442579,-0.009373900480568409,-0.010874846018850803,-0.007211755029857159,-0.0024334171321243048,0.0020630706567317247,0.0068170297890901566,0.008435849100351334,0.005473119206726551,0.0018612396670505404,-0.0015820717671886086,-0.0056009418331086636,-0.009864521212875843,-0.011376851238310337,-0.013020716607570648,-0.011399373412132263,-0.01866469904780388,-0.020124677568674088,-0.02710583247244358,-0.035439591854810715,-0.02259146235883236,-0.026311857625842094,-0.028957096859812737,-0.015220720320940018,-0.02092820033431053,-0.013584060594439507,-0.013182280585169792,-0.010844537988305092,-0.011223855428397655,-0.011045967228710651,-0.01675960049033165,-0.024381034076213837,-0.03900378197431564,-0.06944960355758667,-0.09832823276519775,-0.09185844659805298,-0.08654101192951202,-0.06416838616132736,-0.06162724643945694,-0.07565973699092865,-0.07437696307897568,-0.08859077841043472,-0.15076316893100739,-0.08920557796955109,-0.0898926705121994,-0.06420186161994934,-0.06329529732465744,-0.04156889393925667,-0.058985136449337006,-0.04441891238093376,-0.034067973494529724,-0.041429005563259125,-0.04923362284898758,-0.02607380598783493,-0.032232385128736496,-0.020417390391230583,-0.026207460090517998,-0.03469262644648552,-0.012104852125048637,-0.012265813536942005,0.04285525530576706,0.0052655707113444805,0.16042600572109222,0.3565123379230499,-0.14235295355319977,-0.21146415174007416,0.6016419529914856,-0.1251750886440277,-0.17019206285476685,-0.08822814375162125,0.006555195432156324,-0.0399898923933506,0.011603806167840958,0.019760265946388245,0.11713927984237671,-0.10595813393592834,-0.049821846187114716,-0.04336591437458992,0.17992420494556427,-0.16081690788269043,0.26542121171951294,0.2567450702190399,0.1608026623725891,-0.047941211611032486,0.0928589403629303,0.0197451151907444,0.14778132736682892,-0.04643075540661812,0.09041635692119598,0.05539313703775406,0.16511715948581696,-0.026645837351679802,-0.016557442024350166,0.080428346991539,-0.06854792684316635,0.16253125667572021,0.005591960158199072,-0.028189953416585922,-0.05459858477115631,0.03828273341059685,-0.14966970682144165,0.28386396169662476,0.6680752038955688,-1.2134873867034912,0.17936351895332336,-0.28803297877311707,-0.057247698307037354,0.12281202524900436,-0.11557352542877197,0.2834137976169586,-0.1363709717988968,-0.05244169384241104,-0.03435802459716797,-0.006064769346266985,-0.1272062510251999,0.3847714066505432,-0.3469202220439911,0.03388700634241104,0.15867537260055542,0.14017465710639954,0.10353520512580872,-0.16866569221019745,0.024173622950911522,-0.013544115237891674,0.042921219021081924,-0.5714395642280579,1.1200993061065674,-0.20164835453033447,-0.3548975884914398,0.12946674227714539,0.06392727047204971,0.3756837248802185,-0.19147908687591553,-0.9105509519577026,0.8648378849029541,-0.519569456577301,-1.1564862728118896,-0.06824804842472076,-0.31738635897636414,7.638609744731184e-09,0.009742178954184055,0.00012519891606643796,2.7774021873483434e-06,-3.867929265766179e-08,-4.303928562876536e-06,0.00021829266916029155,0.8639963865280151,0.1842411756515503,0.0427214652299881,-0.0004043423687107861,-0.004739076364785433,0.03058837540447712,0.05927324295043945,0.04647598788142204,0.0591779500246048
391,-0.0003108284727204591,-4.923143205814995e-05,0.00279240682721138,0.006743974983692169,0.008039507083594799,0.0038932582829147577,-0.0014201465528458357,-0.005075143650174141,-0.00677879061549902,-0.007228758651763201,-0.0033369390293955803,0.0025816133711487055,0.015036679804325104,0.03918450325727463,0.0626005008816719,0.07683715224266052,0.059080809354782104,0.027947260066866875,0.022780710831284523,0.026920538395643234,0.033854980021715164,0.03495200723409653,0.009509940631687641,-0.010334469377994537,-0.026699334383010864,-0.018584536388516426,-0.02446862868964672,-0.01239355280995369,-0.0024973673280328512,0.013715441338717937,0.05245880037546158,0.05222626030445099,0.02979041077196598,0.0033531251829117537,-0.025921065360307693,-0.07172562181949615,-0.11881081014871597,-0.10630834847688675,-0.06196121871471405,0.002282924484461546,0.05524088069796562,0.10405781865119934,0.15322360396385193,0.12402815371751785,0.25628480315208435,0.16505271196365356,0.17940449714660645,0.12227589637041092,0.08352254331111908,0.04919978976249695,0.04731619358062744,0.024404462426900864,0.015272525139153004,0.020044900476932526,0.05097444728016853,0.0281855259090662,0.09399613738059998,0.03833318129181862,0.06919297575950623,0.08167191594839096,-0.024525422602891922,0.002325223060324788,0.01359066367149353,-0.022908233106136322,-0.0059736985713243484,-0.005645396653562784,0.0048305075615644455,-0.0078040240332484245,-0.030492346733808517,-0.03325527533888817,-0.03479950129985809,-0.02803773060441017,-0.019251400604844093,0.10091640055179596,-0.008384245447814465,-0.07644329965114594,-0.14771901071071625,-0.008161613717675209,0.02906005270779133,-0.04245974123477936,-0.055861350148916245,0.025583330541849136,-0.06067822501063347,-0.2238525003194809,-0.24290822446346283,0.13799509406089783,-0.19793832302093506,0.030944081023335457,-0.2859593331813812,0.013468337245285511,-0.09626272320747375,-0.03965716436505318,-0.08691427856683731,-0.04006039351224899,0.034916527569293976,-0.10689389705657959,0.050516992807388306,-0.23694178462028503,-0.1190078854560852,-0.017382796853780746,-0.1644502580165863,0.13932786881923676,0.0518939346075058,-0.07563063502311707,-0.00693972734734416,0.35835883021354675,-0.21167722344398499,0.11545273661613464,-0.05334462970495224,0.3872089684009552,-0.4095585346221924,0.14403662085533142,-0.24163278937339783,0.013905580155551434,0.26779162883758545,0.12442517280578613,-0.16786327958106995,0.5298442840576172,-0.43674424290657043,0.09452729672193527,-0.005854147020727396,0.17160017788410187,0.04184644669294357,-0.20017367601394653,-0.048784300684928894,0.020349929109215736,0.12651416659355164,-0.3874748945236206,0.5031194090843201,-0.12071027606725693,-0.045584116131067276,-0.06891590356826782,0.19197942316532135,-0.45164692401885986,0.18986549973487854,0.48579052090644836,-0.3297034204006195,0.19069218635559082,0.03521593287587166,0.1352151334285736,0.049560271203517914,-5.272849534776469e-07,-0.03762001544237137,-0.00024034550006035715,-1.6176016970348428e-06,-5.155900453246431e-07,-8.634087862446904e-06,-0.0002104967279592529,0.12483588606119156,-0.07916431128978729,-0.1456284075975418,-0.009127055294811726,-0.022972634062170982,-0.1770966500043869,-0.14617007970809937,-0.12388959527015686,-0.17602431774139404
392,-0.0012895689578726888,-0.0047857677564024925,-0.009413092397153378,-0.010210560634732246,-0.004892522003501654,0.003984149545431137,0.008035357110202312,0.008604676462709904,0.0065816352143883705,0.0006571657722815871,-0.002903860295191407,-0.004547765478491783,-0.006722963880747557,-0.009034647606313229,-0.01169098075479269,-0.013378279283642769,-0.015456389635801315,-0.013562752865254879,-0.02171315625309944,-0.024941517040133476,-0.03316140174865723,-0.04289388284087181,-0.029512403532862663,-0.03161659091711044,-0.03474612906575203,-0.0190434567630291,-0.02701672911643982,-0.017384808510541916,-0.02261018007993698,-0.027685796841979027,-0.04710071161389351,-0.04474719241261482,-0.04295870289206505,-0.043433114886283875,-0.05148056149482727,-0.0826990008354187,-0.1168333888053894,-0.11844108998775482,-0.11213206499814987,-0.07816512137651443,-0.08156377077102661,-0.0945519283413887,-0.09689999371767044,-0.10245877504348755,-0.1662808209657669,-0.11570263653993607,-0.10407848656177521,-0.07658626139163971,-0.07435163855552673,-0.04597744345664978,-0.06265480071306229,-0.04081721231341362,-0.023569099605083466,-0.022257672622799873,-0.03187541663646698,-0.020514387637376785,-0.041871439665555954,-0.03845571354031563,-0.04899592697620392,-0.06821706146001816,-0.04155600816011429,-0.041656818240880966,-0.0721147358417511,-0.0022929683327674866,-0.03516935929656029,-0.05691557005047798,0.018110910430550575,-0.014429972507059574,-0.10960523784160614,0.01600293628871441,0.008587314747273922,-0.010142113082110882,0.011318182572722435,0.15033511817455292,0.015405929647386074,-0.008116028271615505,-0.009093565866351128,-0.031788844615221024,-0.0034309409093111753,0.08194422721862793,0.15665391087532043,-0.08705952018499374,0.24426768720149994,0.2940146028995514,0.37339022755622864,-0.1640554666519165,0.1092415377497673,-0.029493944719433784,0.16500385105609894,-0.08693142235279083,0.06761793047189713,0.08901242166757584,0.23998527228832245,-0.015837034210562706,-0.04263896867632866,0.11340764909982681,-0.03307753801345825,0.2874021828174591,0.02329627424478531,-0.02464154362678528,-0.19783605635166168,0.08445262163877487,0.023172251880168915,-0.08562437444925308,-0.06041067838668823,0.12429580837488174,-0.19946976006031036,-0.12841185927391052,-0.08468114584684372,-0.2326790988445282,0.025235561653971672,0.06689963489770889,0.07817277312278748,-0.020796379074454308,0.014290587976574898,0.14562922716140747,-0.22126097977161407,0.7519730925559998,-0.542141854763031,-0.10415755957365036,0.16317152976989746,0.26098817586898804,-0.04543517902493477,-0.21698658168315887,-0.15765134990215302,0.25744202733039856,0.10773763805627823,-0.7740674018859863,0.9350204467773438,-0.17261482775211334,-0.3193514943122864,0.27178800106048584,0.37409961223602295,-0.17423497140407562,0.16140517592430115,0.35408681631088257,-0.3772604465484619,0.03938872367143631,0.20551037788391113,-0.056389220058918,0.029583711177110672,-4.142033844800608e-07,0.06694218516349792,0.0003511275863274932,3.1159763693722198e-06,1.5163995215061732e-07,1.6680678527336568e-05,0.00010672492498997599,0.014622712507843971,0.028340045362710953,0.02294151298701763,-0.00959576666355133,-0.013046198524534702,0.038202837109565735,0.0035009465645998716,0.02196786366403103,-0.010753528214991093
393,-0.0013550508301705122,-0.0057747019454836845,-0.0116973165422678,-0.015023027546703815,-0.017377741634845734,-0.013982752338051796,-0.009621059522032738,-0.008541632443666458,-0.007855699397623539,-0.00805287342518568,-0.006290826480835676,-0.005365848541259766,-0.0076538557186722755,-0.009648400358855724,-0.01224586833268404,-0.014628584496676922,-0.01657896675169468,-0.014380285516381264,-0.020749181509017944,-0.025994351133704185,-0.0345822274684906,-0.04420531913638115,-0.03048858791589737,-0.034334465861320496,-0.0353202186524868,-0.019780762493610382,-0.02767302840948105,-0.019745752215385437,-0.0239757988601923,-0.02957882173359394,-0.05263935402035713,-0.04655623063445091,-0.04311400651931763,-0.03572327643632889,-0.03883489593863487,-0.05168682709336281,-0.0731082335114479,-0.083314910531044,-0.09189308434724808,-0.07305832207202911,-0.08313490450382233,-0.09250295162200928,-0.10316192358732224,-0.10209012776613235,-0.17470517754554749,-0.11796527355909348,-0.10989255458116531,-0.07656657695770264,-0.07389755547046661,-0.05411383882164955,-0.07564787566661835,-0.05790802091360092,-0.046753909438848495,-0.042501285672187805,-0.057452425360679626,-0.02602456882596016,-0.04619450867176056,-0.041099436581134796,-0.04691788926720619,-0.0639868676662445,-0.02733553946018219,-0.04601602628827095,-0.06626074016094208,-0.003857983509078622,-0.03026336245238781,-0.04944172501564026,0.0435999296605587,-0.018905941396951675,-0.11519099771976471,0.025629984214901924,0.02917792648077011,0.0023720520548522472,-0.014016538858413696,-0.00252848444506526,0.005187350790947676,-0.11229792982339859,-0.13821831345558167,0.01969517022371292,0.004588795360177755,0.15527485311031342,0.2603861391544342,-0.052068255841732025,0.2561013996601105,0.3404083251953125,0.24604938924312592,-0.12425421178340912,0.06448646634817123,-0.036503102630376816,0.1481253057718277,-0.06726109981536865,0.10590831190347672,0.0673830658197403,0.21296276152133942,-0.0009325011633336544,-0.07225678861141205,0.13194631040096283,-0.04984743148088455,0.31750062108039856,0.0284696277230978,0.0023937092628329992,-0.21300816535949707,0.10995300114154816,0.08116758614778519,-0.0674305334687233,-0.10216633975505829,0.3666847348213196,-0.20316970348358154,0.030077364295721054,-0.06854590773582458,0.31250229477882385,-0.1050095483660698,0.22542938590049744,-0.07049664109945297,-0.10477600246667862,-0.16472689807415009,-0.33412182331085205,0.02046385407447815,0.03779928758740425,-0.4180423617362976,-0.023101529106497765,0.24732089042663574,0.3481239676475525,-0.0012218218762427568,-0.2842022776603699,-0.08494668453931808,0.16411282122135162,0.19001589715480804,-0.3356696665287018,0.46453407406806946,-0.11332608014345169,-0.12410711497068405,0.07524041086435318,0.21811382472515106,-0.19781652092933655,0.18593785166740417,0.4592382609844208,-0.3725138008594513,0.02685561031103134,0.25343772768974304,-0.032752279192209244,0.09728752076625824,-5.825182256558037e-07,0.04583033546805382,-8.072528726188466e-05,1.563516434543999e-06,-1.3498205362338922e-06,-2.0014287656522356e-05,-0.0006627509719692171,-0.09457758069038391,0.013218454085290432,-0.0006260754307731986,-0.014534220099449158,0.07192578166723251,-0.048984821885824203,0.007660764269530773,-0.04377405345439911,-0.02387923374772072
394,-0.00083108339458704,-0.005169422831386328,-0.010371457785367966,-0.010973510332405567,-0.013591552153229713,-0.01172917801886797,-0.008594835177063942,-0.007439231965690851,-0.007026845123618841,-0.007624644786119461,-0.005839018151164055,-0.005583961959928274,-0.007053792476654053,-0.010225449688732624,-0.012855705805122852,-0.015633616596460342,-0.017214419320225716,-0.016722526401281357,-0.024307802319526672,-0.027149023488163948,-0.035463470965623856,-0.04565058648586273,-0.030616387724876404,-0.03198623284697533,-0.028430204838514328,-0.009201585315167904,0.0035488808061927557,0.016382766887545586,0.03374132141470909,0.042498428374528885,0.07749009877443314,0.053911834955215454,0.02962510474026203,0.012839785777032375,0.012353286147117615,0.04414784908294678,0.12797850370407104,0.16027747094631195,0.15412497520446777,0.07270695269107819,0.030833138152956963,-0.015568082220852375,-0.050854478031396866,-0.07454529404640198,-0.16323228180408478,-0.11437108367681503,-0.10375615209341049,-0.07988109439611435,-0.08144083619117737,-0.057702790945768356,-0.08317513018846512,-0.05307379364967346,-0.05196322500705719,-0.04556409269571304,-0.06271512806415558,-0.030930425971746445,-0.05005164444446564,-0.02983713336288929,-0.02669604867696762,-0.01831926964223385,-0.00209396006539464,-0.0005688928067684174,-0.005353264976292849,-0.004446420352905989,-0.010117918252944946,-0.015471438877284527,-0.0017520481487736106,-0.011682499200105667,-0.02093256264925003,-0.010849593207240105,-0.008218125440180302,0.009685631841421127,0.02982647716999054,0.1337554156780243,0.06344671547412872,0.07495925575494766,-0.0552382692694664,0.08116352558135986,0.003799074562266469,0.005899307783693075,-0.005896769464015961,0.0037565797101706266,-0.028415517881512642,-0.029584214091300964,-0.03646373003721237,-0.028585141524672508,0.01965968683362007,-0.03797156363725662,0.18845419585704803,-0.11688153445720673,0.07887303829193115,0.08514540642499924,0.25827574729919434,-0.08412275463342667,-0.0884362980723381,0.04740019887685776,-0.03310777246952057,-0.023218778893351555,-0.05982289835810661,-0.04714184254407883,-0.06049497798085213,0.008997760713100433,-0.02507689781486988,-0.04684659466147423,-0.00885404646396637,-0.07462954521179199,0.06260723620653152,-0.09475953131914139,-0.025565829128026962,-0.030439186841249466,0.03430446609854698,0.15571537613868713,-0.10874021798372269,-0.006778059061616659,-0.011301646009087563,-0.034957405179739,0.2203851044178009,-0.38627734780311584,0.3646452724933624,0.02526569738984108,0.040245432406663895,0.13270774483680725,-0.05106480419635773,-0.19627521932125092,-0.054238367825746536,0.0018514966359362006,0.10481634736061096,-0.040505167096853256,0.06193401664495468,-0.07331015914678574,0.07308828830718994,-0.008423791266977787,0.11384954303503036,-0.011689472943544388,0.09545743465423584,0.08806180208921432,-0.06323288381099701,-0.13850058615207672,0.08616234362125397,0.08928103744983673,0.013771275989711285,-3.355494371248824e-08,-0.009424177929759026,-0.0003296713111922145,-2.1140012904652394e-06,3.302885147604684e-07,-2.3087806766852736e-05,-0.0005672984989359975,-0.5560278296470642,0.11180169135332108,0.029869263991713524,-0.004110670182853937,0.04609775170683861,0.03619645535945892,0.017279615625739098,0.03768099099397659,0.02628312259912491
395,-0.0005012087640352547,-0.0005009640008211136,0.002383920131251216,0.005739715415984392,0.007715750485658646,0.003926020115613937,-0.0007840449688956141,-0.004025880713015795,-0.006182634271681309,-0.007068532053381205,-0.005889913532882929,-0.004904742818325758,-0.0071048252284526825,-0.008962875232100487,-0.011366973631083965,-0.013331087306141853,-0.015431948937475681,-0.012817243114113808,-0.018584949895739555,-0.024883553385734558,-0.03313090279698372,-0.041002415120601654,-0.02884531207382679,-0.03379359096288681,-0.03355861082673073,-0.018526414409279823,-0.026113418862223625,-0.017866477370262146,-0.021934041753411293,-0.027181314304471016,-0.05045893415808678,-0.043542180210351944,-0.043134115636348724,-0.03969646990299225,-0.05459531769156456,-0.08180224895477295,-0.12052324414253235,-0.12066155672073364,-0.11306224018335342,-0.07942839711904526,-0.08594381809234619,-0.08784034103155136,-0.10190802812576294,-0.09438078105449677,-0.14796656370162964,-0.08448479324579239,-0.07165233790874481,-0.041595540940761566,-0.0420985221862793,-0.03744176775217056,-0.06045128405094147,-0.05228414386510849,-0.041694220155477524,-0.04004721716046333,-0.05613109841942787,-0.026021888479590416,-0.04396441951394081,-0.03631066903471947,-0.04449048638343811,-0.05835961923003197,-0.026628950610756874,-0.04494946822524071,-0.07170849293470383,-0.009169717319309711,-0.038976218551397324,-0.0545210987329483,0.03529440984129906,-0.02914287894964218,-0.1016082912683487,0.04988367110490799,0.02118501625955105,0.009451551362872124,-0.005901768803596497,0.05274362862110138,0.015899112448096275,-0.09332782030105591,-0.11940634250640869,0.05050010234117508,0.030712181702256203,0.24564270675182343,0.3861905634403229,0.06997620314359665,0.18640944361686707,0.3380161225795746,0.14000162482261658,-0.08920694142580032,0.05621194839477539,-0.011989599093794823,0.16869141161441803,-0.034680191427469254,0.106129489839077,0.08004146069288254,0.20996049046516418,0.009867638349533081,-0.072655089199543,0.14372380077838898,-0.04931340366601944,0.3171137571334839,0.043828777968883514,0.02167300507426262,-0.1957983821630478,0.11317165195941925,0.0699492022395134,-0.08507601171731949,-0.134224534034729,0.36649689078330994,-0.2068992406129837,0.03679128736257553,-0.08720029145479202,0.3154684603214264,-0.09958801418542862,0.2014378011226654,-0.02469394914805889,0.007285278756171465,-0.24275927245616913,-0.16908560693264008,-0.019890138879418373,-0.050597622990608215,-0.24784022569656372,0.008639446459710598,0.27608761191368103,0.2882429361343384,-0.031974393874406815,-0.5834507942199707,-0.3713148534297943,0.47973892092704773,0.22838789224624634,-0.4777182936668396,0.4464219808578491,-0.14631229639053345,-0.11582757532596588,0.11991247534751892,0.2545790374279022,-0.1653793901205063,0.21164630353450775,0.40899062156677246,-0.4077824056148529,-0.022641750052571297,0.25425925850868225,-0.01841953583061695,0.09747887402772903,-6.800066785217496e-07,0.05844775587320328,0.00014519109390676022,1.1991676274192287e-06,-1.0959487326545059e-06,-1.2199640877952334e-05,-0.0006277955835685134,-0.4899177849292755,0.0840936228632927,0.01628187485039234,-0.012671848759055138,-0.020722603425383568,0.009100915864109993,0.01894170604646206,-0.042352303862571716,-0.01549229584634304
396,-0.0002607775677461177,0.0008992351940833032,0.00852924957871437,0.016573717817664146,0.042874474078416824,0.055369384586811066,0.048923179507255554,0.042325668036937714,0.029896225780248642,0.0201362743973732,0.004536919295787811,-0.0011950687039643526,-0.004386900924146175,-0.008104194886982441,-0.008844607509672642,-0.009800128638744354,-0.005547114182263613,0.004164006095379591,0.022241590544581413,0.05175304040312767,0.1048344075679779,0.19350256025791168,0.1695101112127304,0.17219579219818115,0.1261693835258484,0.039402443915605545,0.013421430252492428,-0.005701757967472076,-0.011556162498891354,-0.01072823628783226,-0.005918723996728659,0.011262028478085995,0.029811663553118706,0.06157134473323822,0.12104150652885437,0.18530623614788055,0.24956099689006805,0.14073219895362854,0.07002085447311401,0.004813223145902157,-0.022067155689001083,-0.037765778601169586,-0.046492066234350204,-0.04793890193104744,-0.059414904564619064,0.012009874917566776,0.09323399513959885,0.15707439184188843,0.2541757822036743,0.21273662149906158,0.4241170585155487,0.2582680284976959,0.26315754652023315,0.1950410157442093,0.2311098575592041,0.0779937282204628,0.04381711781024933,0.0016735862009227276,-0.0062121059745550156,0.0007345991907641292,0.004843862261623144,0.020902233198285103,0.05850033462047577,0.019339188933372498,0.05305381491780281,0.10688520222902298,-0.11940405517816544,0.06785499304533005,0.23612257838249207,2.8270975235500373e-05,0.06504508852958679,0.0668661966919899,0.012825769372284412,-0.025314614176750183,0.00198159902356565,0.003336624475196004,-0.013994558714330196,0.08430538326501846,0.08816102892160416,0.015365306288003922,-0.025452636182308197,0.15635526180267334,-0.06823092699050903,-0.19513662159442902,-0.10005183517932892,0.4705773591995239,-0.1322173774242401,0.019361983984708786,-0.09903869032859802,-0.007047165650874376,0.009735587984323502,-0.04086443409323692,-0.18256674706935883,0.12594038248062134,0.3121618628501892,-0.2327326089143753,0.13084107637405396,-1.033492088317871,0.1843653917312622,-0.13045699894428253,0.49830928444862366,-0.30057287216186523,-0.08511049300432205,0.04542251303792,-0.07814091444015503,-0.23497852683067322,0.16640961170196533,-0.08061347901821136,-0.03090953454375267,-0.3610634505748749,0.6882199048995972,-0.8735931515693665,0.3674948215484619,0.023572184145450592,-0.0971040278673172,-0.3464632034301758,0.6530718207359314,-0.8313307166099548,0.3840262293815613,-0.2953777611255646,-0.22598007321357727,-0.28068745136260986,-0.038121700286865234,0.6519250273704529,0.22904399037361145,0.023985503241419792,-0.5298483967781067,1.2755507230758667,-1.7131863832473755,0.32926100492477417,-0.24584747850894928,0.24021390080451965,-0.8427495360374451,0.6751450300216675,-0.2105473428964615,-0.4970160126686096,0.4889310896396637,-0.5091200470924377,-0.3962862193584442,0.18671299517154694,-0.13097509741783142,1.8771415000173874e-07,-0.02100256271660328,-0.00027339294319972396,-3.159946345476783e-06,7.962507879710756e-07,-2.4135610146913677e-05,-0.0005958533729426563,-2.7677249908447266,0.29309189319610596,0.04287717491388321,-0.004723927937448025,-0.0157381109893322,0.029359973967075348,0.03962603956460953,0.05697892606258392,0.028853844851255417
397,-0.0015389943728223443,-0.006450530607253313,-0.011423568241298199,-0.011917953379452229,-0.006690943613648415,0.0037594411987811327,0.01002777460962534,0.011562258936464787,0.007975967600941658,0.002149272011592984,-0.0029401679057627916,-0.004742661491036415,-0.0064070397056639194,-0.00625499477609992,-0.00031188628054223955,0.00807077158242464,0.013468196615576744,0.008281304500997066,-0.0006544419447891414,-0.014130126684904099,-0.029865752905607224,-0.045631300657987595,-0.035000644624233246,-0.03788156807422638,-0.0406842902302742,-0.02295326068997383,-0.0321008637547493,-0.022935666143894196,-0.02670147456228733,-0.029951155185699463,-0.050623971968889236,-0.037042535841464996,-0.01281731016933918,0.014462617225944996,0.0410202331840992,0.0729878842830658,0.08025956898927689,0.03490592539310455,-0.008873173035681248,-0.029212040826678276,-0.0395381785929203,-0.04861582815647125,-0.05539565905928612,-0.059519294649362564,-0.12860634922981262,-0.10332676768302917,-0.10477367043495178,-0.08311161398887634,-0.08021573722362518,-0.05538162589073181,-0.06691505014896393,-0.026996102184057236,-0.00895035732537508,0.003446705872192979,0.0037694848142564297,-0.004650404676795006,-0.01673516444861889,-0.02307220920920372,-0.03521370142698288,-0.06416285037994385,-0.02984868548810482,-0.03977159783244133,-0.06304221600294113,-0.008222715929150581,-0.03314080089330673,-0.05711028724908829,0.03971724212169647,-0.018758360296487808,-0.10891358554363251,-0.0030726094264537096,-0.01563260145485401,-0.01878521777689457,-0.0011067839805036783,-0.011738384142518044,0.016718419268727303,0.00022869104577694088,0.0029462010134011507,-0.020404307171702385,-0.005751250311732292,-0.0006883462774567306,-0.030356409028172493,0.029397079721093178,-0.028440067544579506,-0.009080521762371063,-0.007215472403913736,-0.09013387560844421,0.01590685546398163,-0.05482090637087822,0.08039935678243637,-0.11258657276630402,-0.009331289678812027,0.014989919029176235,0.03463951125741005,-0.057512640953063965,-0.04546646028757095,0.06706185638904572,-0.06407687813043594,0.31353041529655457,-0.011729443445801735,0.02721281349658966,-0.2544158101081848,0.14736446738243103,0.037632159888744354,-0.10703498125076294,0.0028419713489711285,0.3192824125289917,-0.22959767282009125,0.03205995634198189,-0.09293761849403381,0.1632738709449768,-0.049246083945035934,0.21733345091342926,-0.07396359741687775,0.023022964596748352,0.02027728222310543,0.05128124728798866,-0.2033463418483734,0.31905677914619446,-0.37272119522094727,0.08434882760047913,0.034719210118055344,0.19587698578834534,-0.054894909262657166,-0.16731320321559906,-0.060617174953222275,0.008516225032508373,0.1855609118938446,-0.2138194739818573,0.2626407742500305,-0.06874817609786987,0.09133659303188324,-0.027080537751317024,0.14312352240085602,-0.16916102170944214,0.0890355035662651,0.35959526896476746,-0.5441232323646545,0.24207589030265808,0.15018710494041443,-0.10214012861251831,0.04603070393204689,-7.171440756792435e-07,-0.01601390168070793,-0.00022915434965398163,-1.5539516198259662e-06,-8.744520414438739e-07,-5.085960765427444e-06,-0.00022759073181077838,1.3466224670410156,-0.05661565810441971,0.032586876302957535,0.004626993555575609,-0.015323923900723457,0.04574235901236534,0.013328858651220798,0.016529908403754234,0.05409565940499306
398,-0.0014115258818492293,-0.006253644824028015,-0.012878324836492538,-0.0166095532476902,-0.018509861081838608,-0.014758298173546791,-0.010116619989275932,-0.008914899080991745,-0.008297324180603027,-0.008506687358021736,-0.006677585653960705,-0.005868918728083372,-0.008073918521404266,-0.01039410661906004,-0.013105381280183792,-0.015637099742889404,-0.017683209851384163,-0.015979932621121407,-0.02283046580851078,-0.02798467129468918,-0.03680260106921196,-0.04769109562039375,-0.03246014937758446,-0.035782262682914734,-0.03712654486298561,-0.020785298198461533,-0.028963014483451843,-0.02056688629090786,-0.02492545172572136,-0.030154604464769363,-0.05330221354961395,-0.045946285128593445,-0.03913272172212601,-0.03202379122376442,-0.033388711512088776,-0.05071195587515831,-0.08234819024801254,-0.10087955743074417,-0.10937429964542389,-0.08378865569829941,-0.09374553710222244,-0.10371984541416168,-0.11162497848272324,-0.10935195535421371,-0.18808525800704956,-0.13044019043445587,-0.11756449192762375,-0.08428602665662766,-0.0816911980509758,-0.05979996174573898,-0.08309885114431381,-0.06036809831857681,-0.04943988099694252,-0.043957050889730453,-0.06009456887841225,-0.029350630939006805,-0.05155268684029579,-0.04503334313631058,-0.05271809548139572,-0.07276123017072678,-0.03183891996741295,-0.04609904810786247,-0.07274903357028961,-0.007635170128196478,-0.03045886754989624,-0.05485089123249054,0.04440692439675331,-0.021400365978479385,-0.11938504874706268,0.025542475283145905,0.02200830914080143,-0.001733738579787314,-0.01879970170557499,-0.04032467305660248,0.011630360037088394,-0.022468257695436478,-0.052042338997125626,-0.005624046549201012,0.005746910814195871,0.07899418473243713,0.13867463171482086,-0.04454755410552025,0.19653385877609253,0.2569003105163574,0.25522568821907043,-0.1782476007938385,0.06349322199821472,-0.044947415590286255,0.15417085587978363,-0.08365975320339203,0.0871429517865181,0.07487520575523376,0.20515622198581696,-0.01535252295434475,-0.08128059655427933,0.13507619500160217,-0.028546057641506195,0.3219425678253174,0.021037012338638306,-0.0016666838200762868,-0.2222365438938141,0.12288688123226166,0.0804070234298706,-0.07178869843482971,-0.09570904821157455,0.37351176142692566,-0.19092100858688354,0.060968756675720215,-0.10408538579940796,0.29767677187919617,-0.12886102497577667,0.2437092363834381,-0.09581691026687622,-0.01945030875504017,-0.04179738461971283,-0.14152956008911133,-0.04712628945708275,0.03209765627980232,-0.2694063186645508,0.050871510058641434,0.11159394681453705,0.2801654040813446,-0.02922903560101986,-0.2606983184814453,-0.12279727309942245,0.1491795927286148,0.20959854125976562,-0.33640503883361816,0.4721417725086212,-0.11021806299686432,-0.13305462896823883,0.09458127617835999,0.2377135008573532,-0.19911716878414154,0.15333877503871918,0.46604251861572266,-0.3921054005622864,0.05143621191382408,0.2519248127937317,-0.042279064655303955,0.09023326635360718,-7.701348749833414e-07,0.04834195598959923,-0.00020892689644824713,2.1394214400061173e-06,-1.7544721231388394e-06,-2.8301878046477214e-05,-0.0008067130111157894,0.3542165756225586,-0.040094949305057526,0.008134693838655949,-0.016061630100011826,0.07504065334796906,-0.048898108303546906,0.015005400404334068,-0.03758155554533005,-0.02384340949356556
399,0.0024505904875695705,0.005028512328863144,0.0008757790201343596,-0.006243302021175623,-0.012976967729628086,-0.013167842291295528,-0.009999416768550873,-0.009087656624615192,-0.00860657636076212,-0.009343803860247135,-0.0071204956620931625,-0.006199021358042955,-0.007604248821735382,-0.010558796115219593,-0.010751686990261078,-0.008001543581485748,0.004690960049629211,0.02110348455607891,0.05179249122738838,0.09020531177520752,0.1299138069152832,0.1465366780757904,0.07160752266645432,0.030320340767502785,-0.008008814416825771,-0.015771232545375824,-0.02798524498939514,-0.019657017663121223,-0.02391738072037697,-0.028468990698456764,-0.05463443323969841,-0.053982242941856384,-0.05130551755428314,-0.0540313683450222,-0.05991768464446068,-0.07032854110002518,-0.03848912939429283,0.06632637977600098,0.21099835634231567,0.23356205224990845,0.2652355134487152,0.24232883751392365,0.1576130986213684,0.04058809205889702,-0.06472451239824295,-0.08792297542095184,-0.10399941354990005,-0.07399437576532364,-0.0659702941775322,-0.046851009130477905,-0.08550012111663818,-0.054153360426425934,-0.043666016310453415,-0.03741493448615074,-0.04566191881895065,-0.011965627782046795,0.007707924582064152,0.024640599265694618,0.0633949562907219,0.1475302278995514,0.014983476139605045,0.06633411347866058,0.05980108678340912,-0.013129204511642456,-0.019608473405241966,-0.05909229815006256,0.03502349928021431,-0.005405931733548641,-0.08330290764570236,0.03863973915576935,0.001312715234234929,-0.025805404409766197,-0.03379512205719948,-0.17650380730628967,0.0026473840698599815,0.005304680205881596,-0.059383779764175415,0.0324406735599041,0.09732381999492645,-0.29986754059791565,-0.317554771900177,-0.0003140497428830713,-0.13623806834220886,-0.1744982898235321,-0.06148354336619377,-0.04956638813018799,0.03899513557553291,-0.03984912857413292,0.15655702352523804,-0.152474507689476,0.012296286411583424,0.06905660778284073,0.17884428799152374,-0.0688823014497757,-0.05358128622174263,0.05447323992848396,-0.012914336286485195,-0.37519973516464233,-0.23483790457248688,-0.049333829432725906,0.34390008449554443,-0.01319175772368908,0.015296111814677715,-0.08118663728237152,0.0034243243280798197,0.3330663740634918,-0.21989072859287262,0.13802988827228546,-0.06032115966081619,0.3154420852661133,-0.4412510097026825,0.2394038736820221,-0.24104881286621094,-0.048341892659664154,0.20550286769866943,0.11111624538898468,-0.10640634596347809,0.5575124025344849,-0.38141918182373047,0.09841252118349075,0.015418152324855328,0.24596652388572693,0.021031668409705162,-0.1703491061925888,-0.08458758890628815,-0.026992132887244225,0.14255762100219727,-0.39036545157432556,0.5216464400291443,-0.04946006089448929,-0.10585150867700577,-0.1686263382434845,0.2691323161125183,-0.4399174749851227,0.22439797222614288,0.43886038661003113,-0.46234962344169617,0.2566800117492676,0.04488702863454819,0.02436681091785431,0.05403096228837967,-6.012729159010632e-07,-0.012129973620176315,-0.00031884043710306287,6.390692419699917e-07,-1.6145419579061127e-07,-2.8135033062426373e-05,-0.0008139052661135793,0.7482839226722717,-0.1275026649236679,-0.12960892915725708,-0.004968487191945314,-0.03183746710419655,-0.16914810240268707,-0.15503302216529846,-0.131866455078125,-0.12815499305725098
400,-0.0011696212459355593,-0.003867480205371976,-0.004549587145447731,-1.5059658835525624e-05,0.007338275667279959,0.009884508326649666,0.005942090414464474,0.0015656956238672137,-0.00291917915455997,-0.006120632402598858,-0.005919468589127064,-0.005476835183799267,-0.0075483121909201145,-0.009730403311550617,-0.01227415818721056,-0.014515968970954418,-0.016462726518511772,-0.014282967895269394,-0.020948471501469612,-0.026852402836084366,-0.03518298640847206,-0.04419535771012306,-0.030634455382823944,-0.035013347864151,-0.035632312297821045,-0.01955917663872242,-0.027321791276335716,-0.01834636926651001,-0.022776851430535316,-0.027759285643696785,-0.05192003771662712,-0.046767398715019226,-0.046289753168821335,-0.045230261981487274,-0.05721866339445114,-0.08904354274272919,-0.12810887396335602,-0.13189354538917542,-0.12180788815021515,-0.08506015688180923,-0.09424068033695221,-0.09931681305170059,-0.11021007597446442,-0.1057930514216423,-0.17895954847335815,-0.11494923382997513,-0.10281579196453094,-0.06259293109178543,-0.04957615211606026,-0.029361095279455185,-0.041677165776491165,-0.03689221292734146,-0.035844799131155014,-0.03713715821504593,-0.05568649247288704,-0.02810002490878105,-0.0486324168741703,-0.0384749099612236,-0.05077540874481201,-0.0656757727265358,-0.028794506564736366,-0.04572029039263725,-0.07189210504293442,-0.012492453679442406,-0.034805137664079666,-0.05929521843791008,0.03609387204051018,-0.028396211564540863,-0.10138523578643799,0.04821505770087242,0.02667604386806488,0.012776901945471764,-0.01687340997159481,-0.02637132629752159,0.009769298136234283,-0.02006751298904419,-0.057332638651132584,-0.012494845315814018,0.010555068962275982,0.11193150281906128,0.19276082515716553,0.050975702702999115,0.16592174768447876,0.31097379326820374,0.19624628126621246,-0.127644881606102,0.06185033917427063,-0.03986962139606476,0.18303260207176208,-0.05942803621292114,0.0956505760550499,0.09367800503969193,0.2024243324995041,-0.011265447363257408,-0.07213294506072998,0.12926127016544342,-0.030203547328710556,0.3099834620952606,0.031885284930467606,0.014704982750117779,-0.21649251878261566,0.11714449524879456,0.07677595317363739,-0.0955977588891983,-0.11811993271112442,0.3603138029575348,-0.17967943847179413,0.07979115843772888,-0.1522812694311142,0.28507789969444275,-0.1557576060295105,0.2358238250017166,-0.06524877995252609,-0.015860119834542274,-0.045451391488313675,-0.09448287636041641,-0.08859776705503464,-0.010982120409607887,-0.1690036654472351,0.06266237795352936,0.1038355678319931,0.22015909850597382,-0.03277193754911423,-0.3201299011707306,-0.3388655483722687,0.2985399663448334,0.21119599044322968,-0.6956133842468262,0.6735724806785583,-0.17022398114204407,-0.23108944296836853,0.12722553312778473,0.25847598910331726,-0.18218261003494263,0.2155863493680954,0.45310690999031067,-0.43545517325401306,0.01175120659172535,0.22657769918441772,-0.04435250535607338,0.08687478303909302,-8.567187705921242e-07,0.06822562217712402,-0.00010491476859897375,1.7520796973258257e-06,-1.8331245428271359e-06,-2.7524540200829506e-05,-0.0005894784117117524,0.18632501363754272,-0.00545910932123661,0.022534700110554695,-0.012582603842020035,-0.018696025013923645,0.037068042904138565,0.023428209125995636,-0.03293710574507713,-0.010863815434277058
401,-0.0012591350823640823,-0.005170444026589394,-0.011290714144706726,-0.014055892825126648,-0.016546854749321938,-0.013412771746516228,-0.008698801510035992,-0.007733338046818972,-0.007735921069979668,-0.0076984805054962635,-0.006005740258842707,-0.005448868498206139,-0.007125274743884802,-0.009402568452060223,-0.012216807343065739,-0.013863515108823776,-0.015721049159765244,-0.014322493225336075,-0.021321240812540054,-0.024523772299289703,-0.03325224667787552,-0.04345160350203514,-0.029142238199710846,-0.03214521333575249,-0.034506265074014664,-0.01976706273853779,-0.027026552706956863,-0.01965337060391903,-0.02329923026263714,-0.028031866997480392,-0.05024389550089836,-0.04565780237317085,-0.04410490766167641,-0.042271215468645096,-0.052118007093667984,-0.08162923902273178,-0.1123407706618309,-0.10076691210269928,-0.08486068248748779,-0.05301347002387047,-0.0516493022441864,-0.06566134095191956,-0.0772814229130745,-0.09279186278581619,-0.16526146233081818,-0.10975117236375809,-0.10575743764638901,-0.07474993914365768,-0.07366954535245895,-0.04967900738120079,-0.07396132498979568,-0.054027535021305084,-0.04112783446907997,-0.04512512683868408,-0.054231368005275726,-0.030911725014448166,-0.04977523162961006,-0.039654988795518875,-0.04505450278520584,-0.06077603995800018,-0.0317518375813961,-0.03738465905189514,-0.0500827319920063,-0.006988114211708307,0.022662721574306488,0.10325904190540314,-0.052719201892614365,-0.007299589458853006,0.10409089922904968,-0.010255514644086361,0.01087893545627594,0.005575330462306738,-0.012597106397151947,-0.08403313159942627,0.006050046067684889,0.003157663391903043,0.03332137316465378,-0.05784575268626213,-0.0017501460388302803,0.12202037870883942,0.1464279145002365,-0.06180567666888237,0.1752435564994812,0.24069994688034058,0.21961867809295654,-0.12090393155813217,0.10630105435848236,-0.0030996904242783785,0.22797031700611115,-0.05312855914235115,0.15658624470233917,0.0833909884095192,0.2916627824306488,-0.001768982969224453,-0.06649830937385559,0.11609424650669098,-0.08464054018259048,0.3050215542316437,0.0076500722207129,-0.019343409687280655,-0.15797871351242065,0.04980058595538139,-0.0405195914208889,-0.030840538442134857,0.24295984208583832,-0.42225006222724915,-0.22359728813171387,-0.19883772730827332,-0.091559499502182,0.06986011564731598,-0.09734179079532623,0.19572308659553528,-0.10465092211961746,-0.02163224294781685,-0.0035293223336338997,0.02668481133878231,-0.1384105086326599,0.39672067761421204,-0.5057358741760254,0.016421545296907425,0.3559744358062744,0.4970170259475708,0.06697721779346466,-0.2951846718788147,-0.07040300965309143,0.11244393140077591,0.1813191920518875,-0.358399897813797,0.5140283703804016,-0.1293005496263504,-0.12330938875675201,0.05794981122016907,0.15696798264980316,-0.08006519824266434,0.10702493786811829,0.2334914654493332,-0.35345205664634705,0.06747715175151825,0.20558586716651917,-0.06936516612768173,0.022621722891926765,1.654333061651414e-07,0.011089214123785496,0.0003457222774159163,1.8227362943434855e-06,-5.0210989144261475e-08,3.9804283005651087e-05,0.00047585758147761226,0.18683907389640808,0.01054522953927517,0.0007309687789529562,-0.007422700524330139,0.08194919675588608,0.03706073388457298,-0.026866743341088295,-0.04239986091852188,-0.01186730619519949
402,-0.00022064507356844842,0.0007378923473879695,0.00723947724327445,0.01420065201818943,0.02929757907986641,0.03164750710129738,0.031966712325811386,0.033492300659418106,0.03899361193180084,0.050909727811813354,0.037070468068122864,0.025959856808185577,0.02106466144323349,0.014604877680540085,0.004402587190270424,-0.0045623257756233215,-0.009752199985086918,-0.010952670127153397,-0.015617343597114086,-0.016854124143719673,-0.022532319650053978,-0.02962164208292961,-0.018330540508031845,-0.011814764700829983,0.009924705140292645,0.03181843459606171,0.0991610735654831,0.10835471749305725,0.14164625108242035,0.13735324144363403,0.16303656995296478,0.07075553387403488,0.024904731661081314,0.017911290749907494,0.021846212446689606,0.022169021889567375,0.0025959284976124763,-0.0245489701628685,-0.036938901990652084,-0.020898228511214256,0.00806561391800642,0.05243603512644768,0.09240143746137619,0.10023441165685654,0.17155621945858002,0.11263236403465271,0.11941450089216232,0.12473590672016144,0.15147317945957184,0.11037711799144745,0.18160367012023926,0.12627775967121124,0.16756665706634521,0.16922934353351593,0.25622332096099854,0.1461789608001709,0.17804470658302307,0.11459504812955856,0.13574855029582977,0.13753601908683777,0.05651625618338585,0.05479346960783005,0.04619421437382698,0.0048545910976827145,0.015385404229164124,0.02727711759507656,-0.05606551468372345,0.015035416930913925,0.12226022779941559,-0.028068913146853447,0.1282666027545929,0.2064637541770935,0.1006108820438385,0.5049725770950317,0.12258471548557281,0.15893803536891937,-0.16986559331417084,0.29574206471443176,0.10337558388710022,-0.015489009208977222,-0.011930916458368301,0.010770590044558048,-0.02109391614794731,-0.020697282627224922,-0.02994156815111637,0.15453891456127167,-0.07298921048641205,0.018664594739675522,-0.08701560646295547,0.08456013351678848,-0.0006423630402423441,-0.08605213463306427,-0.24578499794006348,0.15776659548282623,0.2978312373161316,-0.46982720494270325,0.014886541292071342,-1.0293511152267456,-0.012304302304983139,-0.15283618867397308,0.6109187602996826,-0.37301307916641235,-0.21942639350891113,0.21862615644931793,-0.13235600292682648,-0.23628370463848114,0.1486603021621704,-0.11058074235916138,0.15160392224788666,-0.2774273753166199,0.7098024487495422,-0.5777407884597778,0.35366010665893555,0.3126727044582367,-0.17550413310527802,-0.5943612456321716,1.165115475654602,-1.4118175506591797,1.1771292686462402,-0.3524787127971649,-0.3228915333747864,-1.0349823236465454,0.45407766103744507,0.7447317242622375,0.7078679203987122,-0.048945844173431396,-0.3761705160140991,0.7482650876045227,-0.6013110280036926,-0.03383514657616615,0.05614170432090759,0.014112436212599277,-0.5069320201873779,0.8088438510894775,-0.09855970740318298,-1.4120064973831177,1.6310697793960571,-0.27566683292388916,-0.3362829387187958,0.1425274759531021,-0.33526933193206787,2.3312018981869187e-07,-0.011086931452155113,-0.00023052121105138212,-2.317080088687362e-06,5.386623342928942e-07,-1.8722997992881574e-05,-0.0004868780670221895,-4.711535453796387,0.26886647939682007,0.036596979945898056,-0.004847787786275148,-0.012431801296770573,0.024158278480172157,0.026568522676825523,0.05119379982352257,0.031009458005428314
403,-0.0013723045121878386,-0.006057349964976311,-0.01178873423486948,-0.015474885702133179,-0.016716772690415382,-0.014046256430447102,-0.009803278371691704,-0.007961612194776535,-0.007814854383468628,-0.008321457542479038,-0.006756308488547802,-0.006206125486642122,-0.00807630643248558,-0.010519715026021004,-0.01314679067581892,-0.015449714846909046,-0.01767726242542267,-0.016164571046829224,-0.024022269994020462,-0.028618115931749344,-0.0364861860871315,-0.047990068793296814,-0.033576205372810364,-0.03528750687837601,-0.038109198212623596,-0.021583911031484604,-0.02967488206923008,-0.02063380368053913,-0.023502415046095848,-0.025009745731949806,-0.03473317623138428,-0.023648321628570557,-0.017880933359265327,-0.02100476808845997,-0.03555167838931084,-0.07186067849397659,-0.11732833832502365,-0.12506169080734253,-0.12233629822731018,-0.08444127440452576,-0.08809943497180939,-0.10170339792966843,-0.10947555303573608,-0.10673518478870392,-0.18243929743766785,-0.12658342719078064,-0.11410935968160629,-0.08628023415803909,-0.08315248787403107,-0.056478701531887054,-0.08604886382818222,-0.059615325182676315,-0.04753061383962631,-0.045435719192028046,-0.05942608416080475,-0.035550735890865326,-0.05536235123872757,-0.05227329954504967,-0.059693343937397,-0.0789974182844162,-0.040225010365247726,-0.04672408849000931,-0.08126518875360489,-0.007897178642451763,-0.03876262903213501,-0.0651644840836525,0.023350914940238,-0.01768750324845314,-0.12210351973772049,0.020460397005081177,0.010697202757000923,0.0059164538979530334,0.029605913907289505,0.0595790259540081,0.020071815699338913,-0.0012867319164797664,0.052858199924230576,-0.060711488127708435,-0.004758378490805626,0.08861774951219559,0.13459275662899017,0.0002445914433337748,0.15124495327472687,0.20120693743228912,0.23978881537914276,-0.1738862246274948,0.04979391396045685,-0.03691196069121361,0.0656181126832962,-0.1148851290345192,0.03528235852718353,0.0776917040348053,0.19048000872135162,-0.040793150663375854,-0.0673370510339737,0.10650110989809036,-0.022005757316946983,0.33342042565345764,-0.009351120330393314,0.005469284951686859,-0.24523383378982544,0.13710252940654755,0.046071309596300125,-0.07913117110729218,-0.03118799813091755,0.30082929134368896,-0.14442503452301025,0.04573223367333412,-0.08453919738531113,0.20193873345851898,-0.13423925638198853,0.27533742785453796,-0.21987804770469666,-0.008946562185883522,0.016980288550257683,0.12297111749649048,-0.22034381330013275,0.39498215913772583,-0.3271573781967163,0.07883017510175705,0.03561914712190628,0.04598069563508034,-0.07435886561870575,-0.08716724812984467,-0.012450383976101875,0.0318182073533535,0.1459551304578781,-0.31602761149406433,0.46524477005004883,-0.13684771955013275,-0.10550026595592499,0.12471038103103638,0.2682746946811676,-0.19837208092212677,0.1884126216173172,0.3400735855102539,-0.3837791383266449,-9.284707630285993e-05,0.2809620201587677,-0.03885161504149437,0.08270370960235596,-4.0900857811720925e-07,0.042211778461933136,0.00031729586771689355,3.042199750780128e-06,9.085024288424393e-08,2.363774910918437e-05,-3.6560562875820324e-05,0.5931868553161621,-0.04304089397192001,0.007415457628667355,-0.014319010078907013,0.06712595373392105,-0.0430467389523983,0.020377110689878464,-0.029316984117031097,-0.013005128130316734
404,-0.0008766656974330544,-0.004221858456730843,-0.009017126634716988,-0.008492262102663517,-0.00567033002153039,0.005321810021996498,0.013655196875333786,0.021471738815307617,0.025621820241212845,0.018641890957951546,0.0070953369140625,0.0005624241894111037,-0.0036268425174057484,-0.007493305020034313,-0.010962201282382011,-0.012940977700054646,-0.013988888822495937,-0.013230477459728718,-0.020459990948438644,-0.023275014013051987,-0.030131230130791664,-0.03906271979212761,-0.025717681273818016,-0.02882985770702362,-0.031200556084513664,-0.01748030260205269,-0.024231446906924248,-0.01710839755833149,-0.020904002711176872,-0.02473786659538746,-0.04507065564393997,-0.041495323181152344,-0.04100979492068291,-0.04052135720849037,-0.049102623015642166,-0.07568740099668503,-0.10925889015197754,-0.10220729559659958,-0.09567143768072128,-0.06776532530784607,-0.07453790307044983,-0.08783049136400223,-0.08560705929994583,-0.09810008108615875,-0.16069146990776062,-0.09717559069395065,-0.09358598291873932,-0.06976521760225296,-0.06663928180932999,-0.0445672869682312,-0.06497862190008163,-0.04205305129289627,-0.022244900465011597,-0.009755962528288364,0.007447771728038788,0.007222615648061037,0.011396678164601326,0.0042575085535645485,0.02079002372920513,0.09391174465417862,0.12440340220928192,0.22263003885746002,0.49873876571655273,0.07793480902910233,0.18535639345645905,0.237923264503479,-0.03205778822302818,0.0347084105014801,0.12178052961826324,-0.06804652512073517,-0.11735919862985611,-0.08987826108932495,0.04953485727310181,0.10837481170892715,-0.010733196511864662,-0.0027745829429477453,0.036026909947395325,-0.13723306357860565,-0.03958248347043991,0.002449614927172661,0.11657058447599411,-0.1732395887374878,0.12330217659473419,0.17838804423809052,0.08317913860082626,-0.07626720517873764,0.10374227911233902,0.004481491167098284,0.279380202293396,-0.05114547163248062,0.15044575929641724,0.09948406368494034,0.22947314381599426,-0.016256362199783325,-0.039721984416246414,0.032169438898563385,-0.03599759563803673,0.0992002934217453,-0.013435249216854572,-0.012028910219669342,-0.1140020489692688,0.011426759883761406,-0.09814845770597458,0.13957485556602478,0.4046398401260376,-0.9073969721794128,0.18793462216854095,-0.2681163549423218,-0.0017165490426123142,-0.2194693684577942,0.12717188894748688,-0.24871064722537994,0.008190469816327095,-0.012511033564805984,-0.0498039685189724,-0.07143424451351166,-0.04240662232041359,-0.06467930227518082,-0.019757166504859924,0.059328343719244,0.05856715887784958,0.0910494476556778,0.03252541646361351,-0.1992659866809845,-0.06016436964273453,0.18332351744174957,0.258196085691452,-1.2368409633636475,1.512622594833374,-0.14247648417949677,-0.13817855715751648,-0.08345396816730499,-0.15964198112487793,0.4056994616985321,-0.08295197039842606,-0.45183640718460083,0.35609889030456543,-0.3025605380535126,-0.21836058795452118,0.11689568310976028,-0.13988450169563293,-1.2395798876241315e-07,0.060260239988565445,0.00012607408280018717,4.842540874960832e-06,-1.7871911950351205e-07,2.413568836345803e-06,0.00013648721505887806,-0.37653642892837524,0.18266066908836365,0.03762975335121155,-0.0022346002515405416,-0.00845539290457964,0.03410748764872551,0.023666564375162125,0.05139777436852455,0.054339706897735596
405,-0.0012556312140077353,-0.006104950327426195,-0.01320816483348608,-0.016871217638254166,-0.018796922639012337,-0.014433620497584343,-0.010172796435654163,-0.008834868669509888,-0.008269515819847584,-0.008012139238417149,-0.006817012559622526,-0.006270542740821838,-0.008095159195363522,-0.010639995336532593,-0.013014720752835274,-0.015703924000263214,-0.017461290583014488,-0.01613558456301689,-0.023874934762716293,-0.02910832315683365,-0.03723718598484993,-0.048466332256793976,-0.0330028310418129,-0.03615538030862808,-0.03728939965367317,-0.020715150982141495,-0.029029544442892075,-0.020145505666732788,-0.024073176085948944,-0.028265612199902534,-0.05062542483210564,-0.04078057035803795,-0.03214257210493088,-0.026662858203053474,-0.03025295026600361,-0.054224710911512375,-0.0970475822687149,-0.11566867679357529,-0.12003161758184433,-0.08912607282400131,-0.09781492501497269,-0.10720840841531754,-0.11701881140470505,-0.11157193779945374,-0.1961529701948166,-0.1342218518257141,-0.11776622384786606,-0.08574188500642776,-0.08459112048149109,-0.06407778710126877,-0.08608787506818771,-0.060745324939489365,-0.0513836145401001,-0.04422962665557861,-0.060652345418930054,-0.033421874046325684,-0.05816250294446945,-0.046543702483177185,-0.058098867535591125,-0.0741032212972641,-0.030671438202261925,-0.04841247573494911,-0.08453365415334702,-0.017094258219003677,-0.034328997135162354,-0.05845612660050392,0.03910386562347412,-0.02482072077691555,-0.10133442282676697,0.04974694922566414,0.01445494033396244,0.002981698838993907,-0.02118249423801899,-0.06778426468372345,0.00467681372538209,0.003258699784055352,-0.014186257496476173,-0.02430843375623226,0.048376381397247314,0.12031968683004379,0.18010634183883667,0.025323130190372467,0.15940332412719727,0.15902096033096313,0.11747657507658005,-0.1299414336681366,0.0427621491253376,-0.05239911749958992,0.15834924578666687,-0.08695796877145767,0.08645559102296829,0.09859693795442581,0.19712990522384644,-0.03883042186498642,-0.11215183883905411,0.12833228707313538,-0.00019184243865311146,0.31151485443115234,0.004645123146474361,0.04419572651386261,-0.21842250227928162,0.1554284542798996,0.06826747208833694,-0.08285057544708252,-0.09616226702928543,0.34699568152427673,-0.19895578920841217,0.09344720095396042,-0.17463548481464386,0.2804509699344635,-0.18263286352157593,0.2603057026863098,-0.12645511329174042,-0.005128052551299334,0.0004852688289247453,-0.032164763659238815,-0.06904401630163193,-0.1935708373785019,0.11098460108041763,0.12184944748878479,-0.012192772701382637,0.16668958961963654,-0.015689827501773834,-0.4182687997817993,-0.2428775280714035,0.2089114785194397,0.2940807044506073,-0.3745732605457306,0.4624902606010437,-0.10248667746782303,-0.1377674788236618,0.14759458601474762,0.27100372314453125,-0.22858187556266785,0.19545570015907288,0.43290093541145325,-0.4326978325843811,0.02584877423942089,0.23712947964668274,-0.05677279084920883,0.13112609088420868,-7.215804771476542e-07,0.04795006290078163,-9.839478479989339e-06,3.341044703120133e-06,-1.360842020403652e-06,-2.720052179938648e-05,-0.000572862452827394,0.8224453330039978,-0.05950460955500603,0.022754065692424774,-0.01589318737387657,0.07279152423143387,-0.049470026046037674,0.02767421118915081,-0.037509217858314514,-0.015106117352843285
406,-0.001172932330518961,-0.006094121374189854,-0.012518205679953098,-0.016015667468309402,-0.01771550625562668,-0.014511559158563614,-0.010141677223145962,-0.008544734679162502,-0.008215530775487423,-0.008824705146253109,-0.0071218605153262615,-0.006330990232527256,-0.008355551399290562,-0.011187244206666946,-0.013881667517125607,-0.016825616359710693,-0.018646763637661934,-0.017511462792754173,-0.024852033704519272,-0.02977980114519596,-0.037965912371873856,-0.05023396015167236,-0.03451414033770561,-0.03668611869215965,-0.03915975242853165,-0.02224584110081196,-0.030592521652579308,-0.021544961258769035,-0.025180483236908913,-0.029095210134983063,-0.046665292233228683,-0.035782020539045334,-0.025740480050444603,-0.022570721805095673,-0.031049735844135284,-0.06294259428977966,-0.10916578024625778,-0.12369370460510254,-0.12452337145805359,-0.09099994599819183,-0.09624725580215454,-0.1070132628083229,-0.1126326248049736,-0.11024608463048935,-0.19280484318733215,-0.13285216689109802,-0.11981449276208878,-0.08905834704637527,-0.08382267504930496,-0.06143343821167946,-0.0897708609700203,-0.06025039032101631,-0.050911467522382736,-0.045603640377521515,-0.061696987599134445,-0.034172654151916504,-0.055574025958776474,-0.05038946121931076,-0.058409105986356735,-0.07821463793516159,-0.030921783298254013,-0.0460546538233757,-0.08049995452165604,-0.009930570609867573,-0.034375280141830444,-0.05975300818681717,0.03851257637143135,-0.020653530955314636,-0.12196908891201019,0.03007981926202774,0.012905535288155079,-0.01654927432537079,-0.02695520408451557,-0.13025790452957153,-0.017181942239403725,-0.003238752018660307,0.0604279525578022,-0.04567258059978485,0.007184695452451706,0.0698762983083725,0.09636633843183517,-0.0011359117925167084,0.062116511166095734,0.12147506326436996,0.10684659332036972,-0.14624187350273132,0.04051477834582329,-0.051206015050411224,0.13802412152290344,-0.1207805797457695,0.05400918424129486,0.08616724610328674,0.19064785540103912,-0.05241132527589798,-0.0868510901927948,0.10748795419931412,-0.0248687993735075,0.3490900993347168,0.014309764839708805,0.022701958194375038,-0.2471904158592224,0.15426887571811676,0.08180659264326096,-0.06499374657869339,-0.04833897203207016,0.3506031930446625,-0.16936270892620087,0.10494372993707657,-0.1042461097240448,0.2898474931716919,-0.2224583625793457,0.30240052938461304,-0.20529133081436157,-0.018614886328577995,0.015503497794270515,0.06025895103812218,-0.1726839691400528,0.23763638734817505,-0.2785840928554535,0.10267797857522964,0.05056804418563843,0.052029483020305634,-0.06672580540180206,-0.09811336547136307,-0.03697400912642479,0.055907078087329865,0.17232872545719147,-0.33043041825294495,0.5099520087242126,-0.11179257929325104,-0.10248912870883942,0.09492422640323639,0.2559319734573364,-0.2357015311717987,0.153061643242836,0.4272156059741974,-0.4044206142425537,0.02612351067364216,0.2709047496318817,-0.034892283380031586,0.10658681392669678,-7.36894435249269e-07,0.046770162880420685,-8.847314165905118e-05,2.85932242150011e-06,-1.621767069082125e-06,-3.182654472766444e-05,-0.000512599537614733,1.461480736732483,-0.15192922949790955,0.017919735983014107,-0.014147785492241383,0.07261360436677933,-0.056952815502882004,0.023614782840013504,-0.036410246044397354,-0.00394529290497303
407,0.000575248384848237,0.0033254248555749655,0.006367826834321022,0.0033827980514615774,0.0004768185317516327,-0.0037960289046168327,-0.005490634590387344,-0.005877221003174782,-0.005893969442695379,-0.007623679470270872,-0.005668238271027803,-0.005352291744202375,-0.006558574270457029,-0.00783514603972435,-0.002986183622851968,0.011255864053964615,0.03309423476457596,0.05636122450232506,0.09227964282035828,0.11071589589118958,0.15185756981372833,0.20512691140174866,0.11147715151309967,0.0815763995051384,0.03800645098090172,0.00020669586956501007,-0.016798680648207664,-0.017693262547254562,-0.02207188680768013,-0.022312255576252937,-0.033489376306533813,-0.022372011095285416,-0.013296687044203281,-0.010816050693392754,-0.011863105930387974,-0.015948431566357613,-0.010508356615900993,0.003577683586627245,0.018778646364808083,0.02812059223651886,0.04249006509780884,0.06041596457362175,0.06005897372961044,0.05097213387489319,0.08037810772657394,0.06591225415468216,0.09632520377635956,0.12830771505832672,0.21228402853012085,0.19536137580871582,0.35046425461769104,0.21570463478565216,0.18922437727451324,0.11860603839159012,0.08774662017822266,0.016303805634379387,0.00393502926453948,0.009878993965685368,0.04000755026936531,0.08644999563694,0.058540068566799164,0.08597806096076965,0.1239539086818695,0.007393359672278166,0.02288367599248886,-0.0005058845272287726,0.00227583316154778,-0.01068431418389082,-0.044382382184267044,-0.010110440663993359,-0.009945048950612545,-0.01040506362915039,0.0028587125707417727,-0.004314007703214884,0.014672812074422836,0.023959660902619362,-0.047445956617593765,0.1318075805902481,0.1456303745508194,0.030151978135108948,-0.09644749760627747,0.15644994378089905,-0.04556390270590782,-0.08500861376523972,-0.08863413333892822,0.09872058033943176,-0.01806461066007614,0.006257945671677589,-0.043454281985759735,0.0006030001095496118,-0.013410608284175396,-0.015180801972746849,-0.13801880180835724,0.1463356912136078,0.06056332215666771,-0.10068640112876892,0.048127077519893646,-0.23648975789546967,-0.035318877547979355,-0.14193421602249146,0.3671973943710327,-0.3081422448158264,-0.17424075305461884,0.12214916199445724,-0.11955373734235764,-0.32822173833847046,0.2799113094806671,-0.06329348683357239,0.007920541800558567,-0.3731269836425781,0.45633071660995483,-0.29645177721977234,0.10663212090730667,0.059778910130262375,0.05926016718149185,-0.07679954916238785,0.13566374778747559,-0.3393881320953369,0.43622487783432007,-0.09377282112836838,0.062366172671318054,-0.8468665480613708,0.10010477155447006,0.27404671907424927,0.4036979079246521,0.10559111833572388,-0.196149080991745,0.43459388613700867,-0.9483417868614197,-0.017423776909708977,0.1017291396856308,0.028372853994369507,-0.3351882994174957,0.8171666264533997,-0.17624326050281525,-0.9107571840286255,0.9448285102844238,-0.6431878805160522,-0.1886112242937088,0.22422614693641663,-0.08618820458650589,1.3437296786378283e-07,-0.02167912945151329,-0.00030660093761980534,-2.9856635137548437e-06,5.465279855343397e-07,-2.33058599405922e-05,-0.000542445108294487,-2.8025972843170166,0.25762370228767395,0.05311998724937439,-0.004588339477777481,-0.025294287130236626,0.035482194274663925,0.04137488827109337,0.06872393190860748,0.051842257380485535
408,-0.0011453833431005478,-0.003731342265382409,-0.004286231938749552,0.0002791437436826527,0.007469238713383675,0.009694220498204231,0.005664965603500605,0.0013098912313580513,-0.003066042670980096,-0.006122550927102566,-0.005889260675758123,-0.0054067037999629974,-0.00746502261608839,-0.009624889120459557,-0.012142962776124477,-0.014328557066619396,-0.01631239429116249,-0.014108575880527496,-0.020673945546150208,-0.02664254792034626,-0.03494531661272049,-0.043627504259347916,-0.030392421409487724,-0.034882646054029465,-0.03542425483465195,-0.019455093890428543,-0.027201155200600624,-0.018330145627260208,-0.022662008181214333,-0.027626849710941315,-0.05182284861803055,-0.04655170813202858,-0.046009231358766556,-0.04478779435157776,-0.05705700442194939,-0.08809816837310791,-0.12701916694641113,-0.13060952723026276,-0.12089778482913971,-0.08444926887750626,-0.09331724047660828,-0.09812211245298386,-0.10972076654434204,-0.10545369237661362,-0.17716999351978302,-0.11308703571557999,-0.10172682255506516,-0.06109848991036415,-0.04872019216418266,-0.02891511470079422,-0.04176463931798935,-0.03766743093729019,-0.03621712699532509,-0.03747180476784706,-0.05574415624141693,-0.02819049172103405,-0.04835806414484978,-0.03834015130996704,-0.05062008276581764,-0.06526476889848709,-0.029313821345567703,-0.04624279960989952,-0.07265377789735794,-0.013383393175899982,-0.03562653809785843,-0.06023886427283287,0.03491712734103203,-0.03048168309032917,-0.10224206745624542,0.049006372690200806,0.02493348717689514,0.011832392774522305,-0.01697073131799698,-0.027058660984039307,0.010609793476760387,-0.01837046444416046,-0.05689322575926781,-0.00932167936116457,0.01045338623225689,0.11171520501375198,0.2008444219827652,0.06429801881313324,0.1657821238040924,0.3208187520503998,0.19250665605068207,-0.12484640628099442,0.05939153954386711,-0.03678262606263161,0.1814294308423996,-0.05675516650080681,0.09673184901475906,0.09368521720170975,0.2049660086631775,-0.009605828672647476,-0.07128645479679108,0.12978503108024597,-0.03145590052008629,0.31061169505119324,0.03161640465259552,0.014782218262553215,-0.21504169702529907,0.11542762815952301,0.07480230182409286,-0.09608326852321625,-0.11809874325990677,0.36323902010917664,-0.18247166275978088,0.0777975544333458,-0.14751379191875458,0.28841614723205566,-0.15013250708580017,0.237827867269516,-0.06673766672611237,-0.012859893031418324,-0.047102224081754684,-0.09844794869422913,-0.08524608612060547,-0.02374383993446827,-0.15675054490566254,0.06422362476587296,0.11399614065885544,0.22771000862121582,-0.03295041248202324,-0.33244073390960693,-0.3382183313369751,0.3078801929950714,0.2125825583934784,-0.6770331263542175,0.6511159539222717,-0.16523103415966034,-0.21938978135585785,0.1268157809972763,0.26576587557792664,-0.18439961969852448,0.21816590428352356,0.4459308385848999,-0.433627188205719,0.0022791465744376183,0.22684133052825928,-0.042088817805051804,0.0854761153459549,-8.241955242738186e-07,0.06700204312801361,-0.0001822338526835665,1.5820015732970205e-06,-1.8418886611470953e-06,-2.65724793280242e-05,-0.0007020587800070643,0.09566807746887207,0.008930929936468601,0.026270372793078423,-0.013509453274309635,-0.018633579835295677,0.0355052575469017,0.023928722366690636,0.017862163484096527,-0.010842505842447281
409,-0.0003220433136448264,-0.0022251971531659365,-0.004587826784700155,-0.002896855818107724,-0.004416660405695438,-0.0026399691123515368,0.0006128306267783046,0.006172420457005501,0.013317402452230453,0.02626405842602253,0.021316982805728912,0.015509047545492649,0.014414569362998009,0.011874686926603317,0.011905019171535969,0.022644802927970886,0.0556364431977272,0.09358496963977814,0.1888241320848465,0.19238679111003876,0.26495039463043213,0.28380632400512695,0.1669628620147705,0.11437168717384338,0.07727845758199692,0.022121712565422058,0.030598849058151245,0.031368136405944824,0.053192634135484695,0.07010295242071152,0.11497999727725983,0.07118344306945801,0.028201498091220856,5.127843178343028e-05,-0.021067937836050987,-0.04018627852201462,-0.05052483081817627,-0.03460349515080452,-0.019649626687169075,-0.004478555638343096,0.000830824370495975,-0.005181473214179277,-0.019441815093159676,-0.03467756137251854,-0.0826948806643486,-0.05342867225408554,-0.05546548590064049,-0.036428626626729965,-0.03828653693199158,-0.0214943066239357,-0.037423208355903625,-0.02766106091439724,-0.02504495531320572,-0.024974998086690903,-0.026888860389590263,-0.013821064494550228,-0.009548519738018513,0.0042198775336146355,0.024742107838392258,0.04096855968236923,0.0233561173081398,0.025196628645062447,0.01139299850910902,7.291630026884377e-05,0.0008839034126140177,0.016805827617645264,-0.03128732740879059,-0.03139815106987953,0.22469957172870636,0.010089831426739693,0.22201482951641083,0.1495564728975296,0.08641795814037323,0.5369382500648499,0.14506126940250397,0.19096305966377258,-0.32588130235671997,0.9127721190452576,0.36829543113708496,0.24188117682933807,0.005042625591158867,0.3792419731616974,0.02968512661755085,-0.20216228067874908,-0.09423413872718811,0.4685273766517639,0.208613783121109,-0.14157035946846008,-0.7173653841018677,0.9438202381134033,-0.19420096278190613,0.05220843851566315,-0.01833796687424183,0.16151002049446106,0.07630565017461777,-0.03316139429807663,0.08039762079715729,-0.3050311505794525,0.08269853889942169,-0.060699544847011566,0.5453855991363525,-0.00323473266325891,-0.12791313230991364,0.04400075599551201,-0.04570499435067177,-0.14480920135974884,0.07600577920675278,-0.06667855381965637,0.100599005818367,-0.0356486439704895,-0.03577081859111786,0.045715928077697754,-0.07431761175394058,-0.01127791590988636,-0.021964222192764282,-0.04298259690403938,0.22354218363761902,-0.6305864453315735,0.10649903863668442,-0.09002930670976639,-0.04730168730020523,-0.500519871711731,-0.20134367048740387,0.1320071667432785,0.08462786674499512,-0.26601892709732056,-0.12671299278736115,1.6676219701766968,-3.201134204864502,0.43388816714286804,0.30602318048477173,0.7311180233955383,-2.3854353427886963,0.9351595640182495,-2.1774840354919434,-1.701298713684082,4.475774765014648,0.46107661724090576,-1.612724781036377,-1.3483351469039917,-1.57889986038208,1.2725627129839268e-07,-0.0040718019008636475,-0.0001813370909076184,-2.283879894093843e-06,3.6339253028927487e-07,-1.3513727026293054e-05,-0.0003575278096832335,-0.37372642755508423,0.2292589247226715,0.03725563734769821,-0.002911217976361513,-0.0017730254912748933,0.015974802896380424,0.03528406471014023,0.055633921176195145,0.031721241772174835
410,-0.0013712630607187748,-0.006235402077436447,-0.012994782067835331,-0.016721483319997787,-0.018567226827144623,-0.014884455129504204,-0.01021594274789095,-0.009039554744958878,-0.00837579183280468,-0.008648928254842758,-0.00675897067412734,-0.005925489589571953,-0.008155819959938526,-0.010562187992036343,-0.013309241272509098,-0.015990180894732475,-0.017965169623494148,-0.01628456450998783,-0.023171424865722656,-0.028297606855630875,-0.03727694973349571,-0.048436131328344345,-0.03296193107962608,-0.03619281202554703,-0.037635438144207,-0.02109507843852043,-0.029218805953860283,-0.020680833607912064,-0.025091227144002914,-0.030203498899936676,-0.05341922119259834,-0.04595571756362915,-0.038800302892923355,-0.031763844192028046,-0.03308720886707306,-0.051082976162433624,-0.08372915536165237,-0.10285000503063202,-0.11096055805683136,-0.0848354920744896,-0.09466025233268738,-0.10488933324813843,-0.11256641149520874,-0.10995858162641525,-0.19003066420555115,-0.13218088448047638,-0.11816047132015228,-0.0852913111448288,-0.08248120546340942,-0.06083853915333748,-0.08445975184440613,-0.06095593422651291,-0.04963817074894905,-0.04371997341513634,-0.0602961890399456,-0.029085760936141014,-0.0520225428044796,-0.04511190205812454,-0.05354985594749451,-0.07334695011377335,-0.03048730082809925,-0.04514150694012642,-0.07295530289411545,-0.004736506845802069,-0.02837439253926277,-0.053901221603155136,0.04771527275443077,-0.019909994676709175,-0.11809391528367996,0.027468295767903328,0.024296021088957787,-0.00010349962394684553,-0.01800086908042431,-0.040292464196681976,0.011239825747907162,-0.02259758487343788,-0.049311574548482895,-0.009111125953495502,0.004504678305238485,0.07019899785518646,0.12689584493637085,-0.06539261341094971,0.182301327586174,0.24344898760318756,0.25428444147109985,-0.1790187656879425,0.0647028312087059,-0.05039507523179054,0.15559807419776917,-0.08821812272071838,0.08585988730192184,0.07620764523744583,0.20285041630268097,-0.01881309412419796,-0.0829896628856659,0.13525943458080292,-0.027780788019299507,0.3231378495693207,0.024180646985769272,0.0001426224916940555,-0.22429825365543365,0.12858930230140686,0.08593173325061798,-0.07459282130002975,-0.0951923206448555,0.3740391433238983,-0.18740983307361603,0.06875963509082794,-0.10624994337558746,0.2998122274875641,-0.13562989234924316,0.24434147775173187,-0.09865698963403702,-0.020594967529177666,-0.0377483107149601,-0.12625466287136078,-0.05983346700668335,0.06890591979026794,-0.293140709400177,0.049644507467746735,0.10141129046678543,0.2651386857032776,-0.0365423858165741,-0.2430482655763626,-0.1163482591509819,0.13860183954238892,0.208070307970047,-0.34192097187042236,0.4781063199043274,-0.11421094834804535,-0.13342629373073578,0.09520763158798218,0.232731431722641,-0.20279385149478912,0.1438024938106537,0.4779972732067108,-0.39345380663871765,0.0668528750538826,0.25531572103500366,-0.047200847417116165,0.0903850793838501,-7.392613383672142e-07,0.04903760552406311,7.822312909411266e-05,2.936930513897096e-06,-1.0907031082751928e-06,-2.654058698681183e-05,-0.0005510602495633066,0.5218684673309326,-0.06087006255984306,0.003383415285497904,-0.015798110514879227,0.07585663348436356,-0.053911663591861725,0.016873501241207123,-0.03632417321205139,-0.02335827238857746
411,0.0032341922633349895,0.011138033121824265,0.01628601737320423,0.01480866875499487,0.010171585716307163,0.002232274506241083,-0.0032497127540409565,-0.0061448062770068645,-0.006839316338300705,-0.006280377507209778,-0.0016825860366225243,0.0038759098388254642,0.014164915308356285,0.032129064202308655,0.04840087890625,0.06265079230070114,0.055678486824035645,0.031060200184583664,0.02802959829568863,0.029229041188955307,0.03174256905913353,0.030918780714273453,0.00966455414891243,-0.007808491121977568,-0.023348987102508545,-0.016813306137919426,-0.02110007405281067,-0.009283876046538353,0.0007941470248624682,0.014275144785642624,0.04476626217365265,0.04177441447973251,0.02321750484406948,0.001423866138793528,-0.023959919810295105,-0.06548816710710526,-0.10800760239362717,-0.08925309032201767,-0.04205036163330078,0.017113300040364265,0.06295166164636612,0.10939677059650421,0.17276853322982788,0.15337926149368286,0.31563302874565125,0.18423286080360413,0.17551006376743317,0.1070854663848877,0.07872907817363739,0.05101160705089569,0.06828414648771286,0.04667925462126732,0.04025755450129509,0.05150124058127403,0.114531010389328,0.05599186196923256,0.1421932876110077,0.04175776615738869,0.07662376016378403,0.09429480880498886,-0.04062396287918091,0.010654624551534653,0.037993174046278,-0.025454549118876457,-0.003120234003290534,-0.0017222663154825568,0.003886077320203185,-0.005410440266132355,-0.02245258167386055,-0.0314449667930603,-0.03728928789496422,-0.021062806248664856,-0.01240386813879013,0.1336430162191391,-0.006410869304090738,-0.06334792822599411,-0.14060992002487183,-0.007553322706371546,0.05510357767343521,-0.08665506541728973,-0.08330949395895004,0.04156477004289627,-0.09894596040248871,-0.3550134599208832,-0.3089301586151123,0.16522035002708435,-0.2584269046783447,0.0387466661632061,-0.3722638785839081,0.06548356264829636,-0.10453390330076218,-0.05890018865466118,-0.13694581389427185,-0.031255852431058884,0.08032222092151642,-0.1522553712129593,0.10348332673311234,-0.5680935382843018,-0.3179836869239807,-0.09176096320152283,0.06535635143518448,0.019624551758170128,0.019458197057247162,-0.07456362247467041,0.0020351263228803873,0.3417198657989502,-0.20609667897224426,0.11299756914377213,-0.05257083475589752,0.3919614851474762,-0.41890037059783936,0.14961974322795868,-0.2552017867565155,0.03563876822590828,0.29048052430152893,0.1268511861562729,-0.13873979449272156,0.5244836211204529,-0.4148537516593933,0.08790046721696854,0.018183056265115738,0.14252285659313202,0.06981952488422394,-0.22430939972400665,-0.04221468046307564,-0.015282153151929379,0.13778658211231232,-0.3996976315975189,0.49519243836402893,-0.11418184638023376,-0.0478370226919651,-0.10268579423427582,0.18588753044605255,-0.44983160495758057,0.20740608870983124,0.4820128381252289,-0.2941708564758301,0.207487553358078,0.008998405188322067,0.13042934238910675,0.045884717255830765,-6.185057941365812e-07,-0.03861899673938751,-0.00040086888475343585,-2.237992248410592e-06,-5.995664764668618e-07,-2.7490314096212387e-05,-0.0005544849555008113,-0.043815888464450836,-0.02057296223938465,-0.12851044535636902,-0.009037642739713192,-0.0313711054623127,-0.17029760777950287,-0.13794806599617004,-0.09890083968639374,-0.1561909317970276
412,-0.0013708416372537613,-0.005778023041784763,-0.011769503355026245,-0.015090977773070335,-0.017429927363991737,-0.013884590938687325,-0.009568990208208561,-0.008483503945171833,-0.007863502018153667,-0.007950710132718086,-0.006235719192773104,-0.005412542726844549,-0.007610880304127932,-0.009607902728021145,-0.012179045006632805,-0.014504636637866497,-0.01650366000831127,-0.014382869005203247,-0.02072089910507202,-0.02616114914417267,-0.03464465215802193,-0.04422333464026451,-0.03040541708469391,-0.0343286395072937,-0.03516042232513428,-0.019593380391597748,-0.027635464444756508,-0.019629964604973793,-0.023941371589899063,-0.0294049009680748,-0.05257563665509224,-0.04662061482667923,-0.04266388714313507,-0.035233739763498306,-0.037665482610464096,-0.05064650624990463,-0.07390690594911575,-0.0856705978512764,-0.09456285834312439,-0.07431990653276443,-0.08476568013429642,-0.0936385989189148,-0.10446081310510635,-0.10289307683706284,-0.1756478250026703,-0.1194751188158989,-0.11065598577260971,-0.07731380313634872,-0.07494615018367767,-0.05502194166183472,-0.07599368691444397,-0.058262091130018234,-0.04696904867887497,-0.042815789580345154,-0.05811861529946327,-0.02694898098707199,-0.04726516455411911,-0.04076969996094704,-0.04717810079455376,-0.06504686176776886,-0.029233962297439575,-0.04678183048963547,-0.06797800213098526,-0.008624432608485222,-0.03158983588218689,-0.05165274441242218,0.0390983484685421,-0.02214924246072769,-0.11744685471057892,0.02507779560983181,0.024672210216522217,-0.0013012009439989924,-0.017046049237251282,-0.012050359509885311,0.0115713095292449,-0.07172027230262756,-0.09913428872823715,0.018643442541360855,0.007289918139576912,0.14535453915596008,0.2588408887386322,0.007114278618246317,0.25955042243003845,0.34136301279067993,0.24153569340705872,-0.1371028870344162,0.059471260756254196,-0.030752649530768394,0.14651253819465637,-0.0652814507484436,0.10763729363679886,0.07113921642303467,0.2143649160861969,0.00027658676845021546,-0.08006194978952408,0.13313597440719604,-0.03966074436903,0.31508052349090576,0.024341342970728874,0.003960769157856703,-0.20962092280387878,0.10563302040100098,0.07673212885856628,-0.06275162845849991,-0.09957418590784073,0.3703272044658661,-0.21353167295455933,0.02082623355090618,-0.0801481083035469,0.3116370737552643,-0.10112954676151276,0.22689464688301086,-0.0804905816912651,-0.07425040006637573,-0.1449527144432068,-0.31452926993370056,0.04115262255072594,-0.1327487975358963,-0.25798946619033813,0.009315617382526398,0.23544669151306152,0.35801878571510315,0.03464636206626892,-0.35779839754104614,-0.12649844586849213,0.19449132680892944,0.20451225340366364,-0.3311392664909363,0.44565311074256897,-0.0997200682759285,-0.11964164674282074,0.0875808447599411,0.22280266880989075,-0.20165899395942688,0.18534761667251587,0.4358702301979065,-0.3819941580295563,0.01524672843515873,0.24659663438796997,-0.03591284900903702,0.10157424956560135,-6.067652975616511e-07,0.04560849443078041,-0.00010120286606252193,1.7065292468032567e-06,-1.2393879842420574e-06,-2.4336470232810825e-05,-0.0007260636775754392,-0.11997533589601517,0.02601982280611992,0.013259039260447025,-0.015873737633228302,0.07129532843828201,-0.04599820077419281,0.016937237232923508,-0.03581671416759491,-0.023206371814012527
413,-0.0013340302975848317,-0.004752409644424915,-0.005164525471627712,-0.0017428991850465536,0.005572482943534851,0.010504589416086674,0.007769521791487932,0.003284779144451022,-0.0014986083842813969,-0.006015620194375515,-0.0066629075445234776,-0.006146717816591263,-0.008376832120120525,-0.011491229757666588,-0.012761352583765984,-0.012556585483253002,-0.005664091557264328,0.008261437527835369,0.029205702245235443,0.05138189345598221,0.07368254661560059,0.08973953872919083,0.03434149920940399,0.00234496733173728,-0.022213203832507133,-0.01980735920369625,-0.0306721068918705,-0.022846730425953865,-0.02632788196206093,-0.030167046934366226,-0.051750872284173965,-0.040486715734004974,-0.01951109990477562,0.0030016242526471615,0.022129826247692108,0.0360405296087265,0.0162697434425354,-0.03707865625619888,-0.08413603901863098,-0.08116349577903748,-0.09542796015739441,-0.10951166599988937,-0.11167886853218079,-0.10092364996671677,-0.19133833050727844,-0.1203204020857811,-0.075391486287117,-0.0039660753682255745,0.07829952985048294,0.11272118985652924,0.22270163893699646,0.11413051933050156,0.056408487260341644,0.003692719852551818,-0.03541473299264908,-0.03162471950054169,-0.05583370476961136,-0.049668796360492706,-0.049973223358392715,-0.0733262300491333,-0.02929726056754589,-0.03669322282075882,-0.0378139428794384,-0.009535221382975578,-0.01211547665297985,-0.00010120068327523768,-0.0018601171905174851,-0.008016408421099186,-0.09677448868751526,-0.008228734135627747,-0.04410368576645851,-0.07282048463821411,-0.05850053206086159,-0.19952890276908875,-0.015250734984874725,-0.010565883480012417,0.04343953728675842,-0.013152449391782284,0.02123764343559742,-0.11383163183927536,-0.18773826956748962,0.0236874520778656,-0.08188359439373016,-0.025852015241980553,-0.007401891518384218,-0.09688688814640045,0.0281266737729311,-0.08245877176523209,0.08903514593839645,-0.14525362849235535,0.008182104676961899,0.02970299869775772,0.07602592557668686,-0.04339639097452164,-0.02485818602144718,-0.046462561935186386,-0.037920914590358734,0.010470804758369923,-0.018575519323349,-0.003524226136505604,-0.28669828176498413,0.14349517226219177,0.023318102583289146,-0.10304733365774155,0.031098149716854095,0.33277708292007446,-0.19396720826625824,-0.0079883374273777,-0.10918505489826202,-0.015865296125411987,0.08419742435216904,0.11951654404401779,-0.04225015267729759,0.03699956089258194,0.1127481758594513,0.15739746391773224,-0.2008560299873352,0.5044578313827515,-0.44570377469062805,0.046214088797569275,-0.023548543453216553,0.21496076881885529,-0.032893020659685135,0.07136411964893341,0.17076361179351807,-0.27823296189308167,0.039138711988925934,-0.07210876792669296,0.34414952993392944,-0.08811958134174347,0.0031522917561233044,-0.08730096369981766,0.11102133989334106,-0.32637473940849304,0.1970154047012329,0.38363030552864075,-0.4570085406303406,0.22431007027626038,0.07880840450525284,0.014842117205262184,0.05945972725749016,7.681259376113303e-06,-0.026520175859332085,0.0013366417260840535,-4.6180903154890984e-06,2.940997546829749e-06,0.0002718919131439179,0.0022839864250272512,1.2089349031448364,-0.10430937260389328,-0.01838446967303753,0.004450248554348946,-0.02007000707089901,-0.039467860013246536,-0.01295484695583582,-0.04871557652950287,0.015616400167346
414,-0.0007843112689442933,-0.004804543685168028,-0.010230752639472485,-0.010164178907871246,-0.012699911370873451,-0.01067191269248724,-0.008432317525148392,-0.0070851584896445274,-0.007251469884067774,-0.0075841620564460754,-0.005813156254589558,-0.005237237084656954,-0.006806712131947279,-0.009822413325309753,-0.012588473968207836,-0.015123792923986912,-0.01658656820654869,-0.015734514221549034,-0.023305978626012802,-0.02534579485654831,-0.03384853154420853,-0.04329740256071091,-0.028400184586644173,-0.03197690099477768,-0.031532928347587585,-0.013094929978251457,-0.005670882761478424,0.007906029000878334,0.028403908014297485,0.040463946759700775,0.06901142001152039,0.03499574959278107,0.011351216584444046,0.004663893952965736,0.019969284534454346,0.06635323166847229,0.1621251106262207,0.19625385105609894,0.18191702663898468,0.09694132208824158,0.033132873475551605,-0.029729481786489487,-0.06996674090623856,-0.09250544756650925,-0.17624127864837646,-0.11103381961584091,-0.1047959178686142,-0.07732551544904709,-0.07483574748039246,-0.052956849336624146,-0.07804939895868301,-0.04967803508043289,-0.04847064986824989,-0.0476706400513649,-0.06221016123890877,-0.028256796300411224,-0.04494129866361618,-0.027141055092215538,-0.027199316769838333,-0.024066941812634468,-0.004741231445223093,-0.003118715947493911,0.0010164299746975303,-0.003976097330451012,0.0032860676292330027,0.01512660551816225,-0.033123500645160675,0.006999551318585873,0.029974985867738724,-0.02994670160114765,-0.011806718073785305,0.0027808374725282192,0.045630499720573425,0.17273463308811188,0.026962848380208015,0.03473924100399017,-0.023421533405780792,0.02276146225631237,-0.006230086553841829,0.009688863530755043,-0.016362911090254784,0.011288941837847233,-0.03359690308570862,-0.012444988824427128,-0.0042639560997486115,-0.11055511236190796,0.0949399322271347,-0.035438355058431625,0.3679485023021698,-0.048015475273132324,0.06687821447849274,0.0943637564778328,0.17862650752067566,-0.055190395563840866,-0.049539439380168915,0.0668778121471405,-0.02790629304945469,0.0710541158914566,-0.03815138339996338,-0.035340502858161926,-0.0659928172826767,0.006439410150051117,-0.06597001850605011,-0.027231942862272263,0.0030396373476833105,-0.21483413875102997,0.09940936416387558,-0.13782818615436554,-0.024154825136065483,0.052620962262153625,0.0015763340052217245,-0.01988809183239937,-0.01573362946510315,0.23388075828552246,-0.1004265546798706,-0.07966658473014832,0.07071059942245483,-0.013514071702957153,-0.01741213910281658,0.07214045524597168,0.01719065010547638,-0.12543879449367523,0.03324608504772186,-0.12636370956897736,-0.10390613228082657,0.06223820894956589,0.1916528195142746,-0.23575635254383087,0.29176706075668335,-0.08619706332683563,0.005368766374886036,0.011539440602064133,0.1637869030237198,-0.02856520004570484,0.09861220419406891,-0.03519313037395477,0.13933159410953522,-0.25436463952064514,-0.0976167768239975,0.18087179958820343,-0.02624909020960331,-1.3409240828821112e-08,-0.0018297707429155707,-0.00040833023376762867,-2.2833289676782442e-06,2.8984280220356595e-07,-2.737087015702855e-05,-0.0006638417835347354,-0.8108001947402954,0.13388881087303162,0.03430291637778282,-0.004394284915179014,0.0454498715698719,0.03530987724661827,0.013939008116722107,0.05489505082368851,0.029630975797772408
415,-0.0008748843101784587,-0.004189266823232174,-0.008294658735394478,-0.009444600902497768,-0.01023161318153143,-0.004590711556375027,0.0014170859940350056,0.006007342133671045,0.009151935577392578,0.0070481328293681145,0.0022821282036602497,-0.0011483937269076705,-0.004303188994526863,-0.007519967388361692,-0.0110551118850708,-0.012848889455199242,-0.013980122283101082,-0.013245291076600552,-0.01956082321703434,-0.022183341905474663,-0.029153328388929367,-0.038133393973112106,-0.02573639713227749,-0.028111418709158897,-0.030644260346889496,-0.016823921352624893,-0.02374798245728016,-0.015865711495280266,-0.01676778495311737,-0.015394380316138268,-0.017653217539191246,-0.012682240456342697,-0.014911994338035583,-0.022325940430164337,-0.03686903044581413,-0.06788288801908493,-0.10359039157629013,-0.09577535092830658,-0.09248907119035721,-0.06488552689552307,-0.0700792670249939,-0.08253409713506699,-0.08293113857507706,-0.09586737304925919,-0.15809641778469086,-0.0925731286406517,-0.09376103430986404,-0.06762292236089706,-0.06868784129619598,-0.04190594330430031,-0.06538005918264389,-0.048876866698265076,-0.03327377140522003,-0.03726256266236305,-0.03887713700532913,-0.017750799655914307,-0.02615838125348091,-0.021588709205389023,-0.024702884256839752,-0.02546588145196438,0.005871270317584276,0.08329616487026215,0.27229130268096924,0.05594809353351593,0.2186674177646637,0.2732972204685211,-0.06443779915571213,-0.0084013557061553,0.3074340522289276,-0.07387679070234299,-0.1795566976070404,-0.0890243723988533,0.025002237409353256,0.012620258145034313,-0.0001769316877471283,0.0034430462401360273,0.06802693009376526,-0.11295206099748611,-0.06312715262174606,-0.004817203618586063,0.1120915487408638,-0.21252937614917755,0.13645513355731964,0.2385893166065216,0.2433532476425171,-0.1121973842382431,0.2145930379629135,0.04624300077557564,0.23384886980056763,-0.049899835139513016,0.06910578161478043,0.029725968837738037,0.15798330307006836,-0.03457082808017731,-0.034902289509773254,0.08692625910043716,-0.07513565570116043,0.23719488084316254,0.013029326684772968,-0.027051929384469986,-0.03533430024981499,0.020983468741178513,-0.16035638749599457,0.16141976416110992,0.3053366243839264,-0.402743935585022,0.0737224593758583,-0.23192709684371948,-0.07773139327764511,-0.2649875581264496,0.018784405663609505,-0.14352265000343323,-0.03575386106967926,-0.01587538979947567,-0.037703998386859894,0.03310343995690346,-0.17365644872188568,0.38065242767333984,-0.38804247975349426,0.08166848123073578,0.1611480563879013,0.25743308663368225,0.058375485241413116,-0.2886103093624115,-0.023481616750359535,0.09129544347524643,-0.03850090503692627,-0.6088730096817017,0.7302098870277405,-0.08753515034914017,-0.043403029441833496,-0.012460678815841675,0.004187089391052723,0.26048746705055237,-0.02186148427426815,-0.6510074138641357,0.6795392036437988,-0.5124059915542603,-0.2486400455236435,-0.023631911724805832,-0.002288312651216984,-2.3748892630237606e-08,0.004240811336785555,-0.0001754652039380744,1.9203530143840908e-07,-2.520290287577609e-08,-2.2288075342657976e-05,-0.00014188392378855497,0.17054134607315063,0.1551305204629898,0.029961368069052696,-0.002158817835152149,-0.007418257649987936,0.022166268900036812,0.017291387543082237,0.043218839913606644,0.05648333206772804
416,-0.0007889833650551736,-0.004912322852760553,-0.009214432910084724,-0.009809484705328941,-0.012969858013093472,-0.011118349619209766,-0.008337459526956081,-0.007026355247944593,-0.006906926166266203,-0.0076340907253324986,-0.005701425485312939,-0.005350343883037567,-0.006980485748499632,-0.009785282425582409,-0.012914838269352913,-0.015273576602339745,-0.01684790477156639,-0.016549114137887955,-0.023418640717864037,-0.02609178237617016,-0.03386736288666725,-0.043962642550468445,-0.028637070208787918,-0.027702361345291138,-0.018047703430056572,0.003707263618707657,0.03544961288571358,0.04986757040023804,0.07172378152608871,0.06642496585845947,0.06264203041791916,0.005587701685726643,-0.019354049116373062,-0.016064168885350227,0.00967699196189642,0.06694301217794418,0.15813051164150238,0.1518937647342682,0.12044394016265869,0.034410521388053894,-0.005368747748434544,-0.0373506173491478,-0.058381155133247375,-0.07651599496603012,-0.15653012692928314,-0.10612758994102478,-0.10412506759166718,-0.07663198560476303,-0.07591251283884048,-0.052785251289606094,-0.07911698520183563,-0.05159170925617218,-0.05027928948402405,-0.04477643966674805,-0.05527983233332634,-0.024057336151599884,-0.0309571772813797,-0.016890034079551697,-0.017870528623461723,-0.01903953030705452,-0.006418203003704548,-0.006031261757016182,-0.009021291509270668,-0.0028986986726522446,-0.005552778020501137,0.007596275769174099,-0.02836402878165245,-0.007436513435095549,0.09207190573215485,-0.025805780664086342,-0.0130801722407341,-0.0013455623993650079,0.0036395792849361897,0.03737664595246315,0.02556425705552101,0.007718137931078672,-0.11233233660459518,0.17773841321468353,0.028888266533613205,0.00334005244076252,-0.01046675257384777,-0.0009417083347216249,-0.01920180581510067,0.017130400985479355,0.010871139355003834,-0.09327978640794754,0.056740496307611465,0.01695035584270954,0.2311859279870987,-0.11140400916337967,0.08108659833669662,0.04522929713129997,0.18108989298343658,-0.03725363686680794,-0.028378700837492943,-0.010933361947536469,-0.0023423274978995323,-0.08305061608552933,-0.04378510266542435,-0.032918088138103485,-0.10629197210073471,0.03175736963748932,-0.06625325232744217,-0.03548001870512962,0.03027942217886448,-0.35393187403678894,0.17199073731899261,-0.0921226292848587,-0.07816306501626968,0.15874896943569183,-0.164104163646698,0.2603054940700531,-0.10876734554767609,-0.0042345295660197735,-0.06419233232736588,-0.1602570116519928,0.30199289321899414,-0.5272521376609802,0.09734991937875748,0.08116208761930466,0.09288150072097778,0.2181948870420456,-0.010004107840359211,-0.023232603445649147,0.015606648288667202,-0.03924005478620529,0.06433973461389542,-0.04782877862453461,0.2708556354045868,-0.06494960933923721,-0.006040322128683329,0.02487071417272091,0.12676210701465607,0.08615026623010635,0.09930352121591568,-0.5082665085792542,0.38547462224960327,-0.35918548703193665,-0.11247029900550842,0.0667518600821495,-0.11832258850336075,9.017129798394308e-08,-0.018112581223249435,-0.00025430149980820715,-1.941455820997362e-06,4.4965167944610585e-07,-2.6669704311643727e-05,-0.0004054556193295866,-0.12507431209087372,0.15104734897613525,0.04233001545071602,-0.0030881038401275873,0.04454371705651283,0.03338543698191643,0.014724424108862877,0.05646372213959694,0.0591125451028347
417,0.0006423560553230345,0.0039520044811069965,0.006626688875257969,0.0048555638641119,0.001475811586715281,-0.000812453159596771,0.0011477359803393483,0.006043600384145975,0.010686352849006653,0.013399392366409302,0.00688152713701129,0.002098881872370839,-0.0012137927114963531,-0.00246770610101521,0.002705476712435484,0.011211642995476723,0.0135110504925251,0.006924735382199287,-0.0032636397518217564,-0.014116655103862286,-0.02351451851427555,-0.025563590228557587,-0.008439980447292328,0.0014296298613771796,0.002596725942566991,-0.0030602505430579185,-0.011190713383257389,-0.010734984651207924,-0.010029476135969162,-0.007280043791979551,-0.009027978405356407,-0.016864709556102753,-0.028609950095415115,-0.04114057868719101,-0.055626727640628815,-0.08190196752548218,-0.10323818773031235,-0.08760838210582733,-0.07858895510435104,-0.06126978248357773,-0.07038283348083496,-0.0742134377360344,-0.05722057819366455,-0.02792946994304657,-0.0058386437594890594,-0.0021298108622431755,-0.012175147421658039,-0.021807704120874405,-0.026990558952093124,-0.009555763565003872,0.012219678610563278,0.021379031240940094,0.015473295003175735,0.0052532716654241085,-0.010784126818180084,-0.011281710118055344,-0.011014681309461594,-0.00315147265791893,0.0016937688924372196,0.005803690291941166,-0.008952808566391468,-0.018822496756911278,-0.03846409544348717,-0.003871168475598097,-0.01903664879500866,-0.024068642407655716,0.012288420461118221,-0.006196468137204647,-0.0830671563744545,0.007037066854536533,-0.004123020451515913,-0.02621000073850155,-0.017801325768232346,-0.07155591994524002,-0.005684486590325832,-0.001809335662983358,0.0459621399641037,-0.0205933079123497,0.008665425702929497,-0.042670730501413345,-0.05674414336681366,0.028415672481060028,-0.026031292974948883,-0.01978086307644844,-0.018956534564495087,-0.03665221482515335,-0.0037779526319354773,-0.019191594794392586,0.009690632112324238,-0.11214859038591385,0.005171741358935833,0.026742257177829742,0.07016312330961227,-0.06075500324368477,-0.04302848502993584,0.037820521742105484,-0.04589090868830681,0.19633111357688904,-0.005355679430067539,-0.005544532556086779,-0.13555043935775757,0.03195061534643173,-0.012871859595179558,-0.09275727719068527,0.005287302657961845,0.21185186505317688,-0.2084333300590515,-0.010261842980980873,-0.10444378852844238,0.20777364075183868,-0.24750743806362152,0.23423318564891815,-0.15205812454223633,-0.005375594832003117,0.039985235780477524,0.045155562460422516,-0.15128332376480103,0.23200386762619019,-0.3204154372215271,0.07470012456178665,0.031423866748809814,0.09772591292858124,-0.03963642939925194,-0.06485608220100403,0.015503987669944763,-0.03557534143328667,0.16578780114650726,-0.17229972779750824,0.23200534284114838,-0.04551953449845314,0.08306276053190231,-0.007601166144013405,0.1753101497888565,-0.19312350451946259,0.14235281944274902,0.12256558984518051,-0.23607958853244781,0.02782728709280491,0.1498774290084839,-0.03916178271174431,0.05801045894622803,-1.9588010502502584e-07,-0.04995206370949745,-0.00015776291547808796,-1.3999415386933833e-06,2.4899412665035925e-07,-1.3689997103938367e-05,0.0002919846447184682,0.875445544719696,-0.060819610953330994,0.016362205147743225,0.0075394390150904655,-0.02754257433116436,0.02818126603960991,0.015203199349343777,0.01805557869374752,0.04114312678575516
418,0.0030165361240506172,0.011269723996520042,0.01619129255414009,0.009095964953303337,0.006408400367945433,-0.0005071919877082109,-0.00395637471228838,-0.005259704776108265,-0.005656641907989979,-0.00719211483374238,-0.00553226750344038,-0.005128527991473675,-0.0059979576617479324,-0.005726106930524111,0.004079849924892187,0.02837362512946129,0.05793127790093422,0.07898518443107605,0.09994187206029892,0.09502767771482468,0.09218171238899231,0.09150227159261703,0.04405589774250984,0.04312419146299362,0.046733178198337555,0.02488739602267742,0.022620810195803642,0.0034140192437916994,-0.009971327148377895,-0.02004214935004711,-0.0431232675909996,-0.03823704645037651,-0.02728309854865074,-0.02360512688755989,-0.02855483628809452,-0.04883193597197533,-0.0657617375254631,-0.03493058308959007,0.015383037738502026,0.055980972945690155,0.09022297710180283,0.12461662292480469,0.12329648435115814,0.1272687017917633,0.2712266445159912,0.21134933829307556,0.20895250141620636,0.1711442619562149,0.16602496802806854,0.09830736368894577,0.13264134526252747,0.08381188660860062,0.09905227273702621,0.09245376288890839,0.13313043117523193,0.0724894106388092,0.09220785647630692,0.07418061047792435,0.10836870223283768,0.140011727809906,0.06396976858377457,0.09243863075971603,0.1321098804473877,0.0004788523947354406,0.006137839984148741,0.004838546738028526,-0.027471166104078293,-0.007240694481879473,-0.0092643853276968,-0.01082884706556797,-0.01053609699010849,-0.016519688069820404,-0.0038459200877696276,0.041666287928819656,0.05943983048200607,0.07301652431488037,-0.11743119359016418,0.13368910551071167,0.11311473697423935,-0.021020149812102318,-0.06463952362537384,0.0699148029088974,-0.05265921354293823,-0.12890474498271942,-0.11990003287792206,0.231366366147995,-0.0867987647652626,0.09328349679708481,-0.08173602819442749,0.07474721223115921,-0.018665067851543427,0.008366652764379978,-0.13284435868263245,0.09426981955766678,0.031565506011247635,-0.11333467066287994,0.024106239899992943,-0.38460642099380493,-0.024572599679231644,-0.17979058623313904,0.42339324951171875,-0.40799927711486816,-0.27736443281173706,0.2087029218673706,-0.18501964211463928,-0.5831218361854553,0.5057920217514038,-0.11825600266456604,-0.013558397069573402,-0.17186909914016724,0.24992786347866058,-0.11750512570142746,0.08627963066101074,-0.028415482491254807,-0.07964753359556198,-0.21196556091308594,0.27897778153419495,-0.6468232870101929,0.7119476795196533,-0.18964408338069916,0.04756829887628555,-0.7082606554031372,0.11382990330457687,0.1520443707704544,0.3887338638305664,0.2778353989124298,-0.46789735555648804,0.7568462491035461,-1.2321648597717285,-0.04327161982655525,0.0869227796792984,-0.03367634490132332,-0.3026048541069031,0.949325680732727,-0.38837847113609314,-1.3624203205108643,0.9829370975494385,-0.46870940923690796,0.1387386918067932,0.06816945970058441,-0.04652245715260506,1.7982739564104122e-07,-0.02139073796570301,-0.0003292897599749267,-3.1400807074533077e-06,8.051393933783402e-07,-2.6665718905860558e-05,-0.0006258734501898289,-2.273606777191162,0.26621174812316895,0.04691985622048378,-0.004740098491311073,-0.030382031574845314,0.03553583472967148,0.03896980732679367,0.057911887764930725,0.045649729669094086
419,-0.0014017380308359861,-0.0060341814532876015,-0.012296265922486782,-0.015708791092038155,-0.017926650121808052,-0.014383377507328987,-0.009859024547040462,-0.008652564138174057,-0.008049966767430305,-0.008271532133221626,-0.00647785933688283,-0.005616591311991215,-0.007851713337004185,-0.00997206848114729,-0.012579627335071564,-0.014983727596700191,-0.01703520305454731,-0.015103107318282127,-0.021816436201334,-0.026997072622179985,-0.03554543852806091,-0.04573122039437294,-0.031405288726091385,-0.03491659462451935,-0.036154527217149734,-0.02031286060810089,-0.0282959695905447,-0.020227689296007156,-0.024469366297125816,-0.029982423409819603,-0.05302777886390686,-0.04623117297887802,-0.04106491059064865,-0.033748067915439606,-0.035681042820215225,-0.050392333418130875,-0.07666442543268204,-0.09144429862499237,-0.10091636329889297,-0.07867085933685303,-0.08790529519319534,-0.09783311933279037,-0.10716105997562408,-0.10600261390209198,-0.1806427240371704,-0.12337799370288849,-0.11379740387201309,-0.08022645115852356,-0.07781009376049042,-0.05598367005586624,-0.07925381511449814,-0.059315528720617294,-0.04771070182323456,-0.04321352019906044,-0.05878971144556999,-0.027946194633841515,-0.04898293688893318,-0.043549079447984695,-0.050333525985479355,-0.06860898435115814,-0.030688170343637466,-0.045857541263103485,-0.06990280747413635,-0.006569585297256708,-0.032372500747442245,-0.054108865559101105,0.04164936766028404,-0.021552789956331253,-0.11938580870628357,0.023545222356915474,0.02528172917664051,-0.0010889642871916294,-0.013886567205190659,-0.013768356293439865,0.011058075353503227,-0.06396419554948807,-0.08972089737653732,0.005735541693866253,0.0054089403711259365,0.10897626727819443,0.18779580295085907,-0.06465799361467361,0.230404794216156,0.3100249171257019,0.2547494173049927,-0.14834830164909363,0.06441937386989594,-0.03815881907939911,0.14783109724521637,-0.07803311198949814,0.09157827496528625,0.06974940747022629,0.20987451076507568,-0.008964329957962036,-0.07580069452524185,0.13336296379566193,-0.04315778613090515,0.3167513608932495,0.019347313791513443,-0.005368496757000685,-0.2197255939245224,0.11344087868928909,0.07571574300527573,-0.06916515529155731,-0.0983252003788948,0.37040644884109497,-0.1920234113931656,0.04682792350649834,-0.0849509984254837,0.29923129081726074,-0.11332418024539948,0.233749657869339,-0.07598845660686493,-0.054982494562864304,-0.07502879202365875,-0.19957631826400757,-0.04291205480694771,0.09868136048316956,-0.36978620290756226,0.01342749036848545,0.16362322866916656,0.2882184088230133,-0.019074326381087303,-0.2534235715866089,-0.09545136243104935,0.14912313222885132,0.19750571250915527,-0.3355543613433838,0.4698498547077179,-0.11298001557588577,-0.12831257283687592,0.08303491771221161,0.23308295011520386,-0.19127030670642853,0.17784357070922852,0.4569048285484314,-0.37621062994003296,0.03534185141324997,0.2564106285572052,-0.036897167563438416,0.0890861302614212,-6.650864747825835e-07,0.04672728106379509,-0.00015189690748229623,1.895015543595946e-06,-1.6984430430966313e-06,-2.8212609322508797e-05,-0.0006129410467110574,0.06077175587415695,-0.009245913475751877,0.004199051298201084,-0.01527633797377348,0.07322260737419128,-0.05183624103665352,0.015448197722434998,-0.044509656727313995,-0.0241522416472435
420,-0.0006554739084094763,-0.004438871517777443,-0.009026424959301949,-0.009376484900712967,-0.011465352959930897,-0.010934488847851753,-0.007850893773138523,-0.006324167363345623,-0.006067130248993635,-0.006418182048946619,-0.004012470133602619,-0.0016702815191820264,0.0017181006260216236,0.006219328381121159,0.011844423599541187,0.011070452630519867,0.005642468575388193,0.0005054390639998019,-0.0012863990850746632,0.0005906389560550451,0.0015746182762086391,-0.003553130431100726,-0.01043556910008192,-0.020788606256246567,-0.02849007584154606,-0.018477629870176315,-0.02594665065407753,-0.019444240257143974,-0.022968636825680733,-0.027883728966116905,-0.04986982047557831,-0.045483920723199844,-0.039172206073999405,-0.02945966273546219,-0.010439623147249222,0.040425896644592285,0.16393212974071503,0.2002878487110138,0.2009328156709671,0.0933060422539711,0.03558109700679779,-0.02552705444395542,-0.06858915835618973,-0.08761154115200043,-0.15818265080451965,-0.10436742007732391,-0.09923739731311798,-0.07048548758029938,-0.06856657564640045,-0.035750146955251694,-0.03979643061757088,-0.012036293745040894,-0.003894938388839364,-0.00421553710475564,-0.019789114594459534,-0.01932164840400219,-0.04113870859146118,-0.042963650077581406,-0.0411490835249424,-0.04910149425268173,-0.008619965985417366,0.03408987447619438,0.16909998655319214,0.028355035930871964,0.146186962723732,0.16805508732795715,-0.0706264078617096,0.023969408124685287,0.026679756119847298,-0.004062134772539139,-0.006342131644487381,0.03497797250747681,0.09897606074810028,0.2716897428035736,0.10641030222177505,-0.07184980064630508,-0.08916608989238739,0.04721600562334061,-0.05453521013259888,0.10770121961832047,0.2547624409198761,-0.19046756625175476,0.15783138573169708,0.2155020833015442,0.13310584425926208,-0.08467831462621689,0.02611505798995495,-0.014671951532363892,-0.055594541132450104,-0.0759936273097992,-0.08146584033966064,-0.0519961453974247,-0.005679446272552013,-0.04171373322606087,-0.06892520189285278,0.12205366045236588,-0.037479106336832047,0.15050838887691498,-0.030972322449088097,-0.022319795563817024,-0.1111670732498169,0.055830009281635284,0.011088879778981209,-0.047862112522125244,-0.005022737663239241,0.08993331342935562,-0.10851524025201797,-0.04317253828048706,-0.1405462622642517,-0.34488582611083984,0.026227330788969994,-0.20101048052310944,-0.05157214403152466,0.00300855515524745,-0.27923256158828735,-0.3396663963794708,0.2957172691822052,-0.33376169204711914,-0.12724655866622925,0.04571058973670006,0.14660942554473877,0.10059773921966553,0.022205527871847153,0.22278130054473877,0.05247354507446289,-0.2773023843765259,-0.03530549630522728,0.352784663438797,-0.4516197144985199,0.007202415261417627,0.22174294292926788,-0.020312968641519547,-0.004477949813008308,0.07915721088647842,0.11396906524896622,-0.017534414306282997,-0.0765019953250885,0.011905125342309475,0.12754224240779877,-0.042384978383779526,0.07070397585630417,-1.3208268967446202e-07,-0.012394494377076626,-0.00018994882702827454,2.2353246720285824e-07,-9.909234677252243e-08,-1.918035741255153e-05,-0.0004026280657853931,-0.39581549167633057,0.21153177320957184,0.034418702125549316,-0.0037717679515480995,0.007570721209049225,0.03041324019432068,0.01033623144030571,0.025537647306919098,0.03704005479812622
421,-0.0010436270385980606,-0.0023868277203291655,0.001837299088947475,0.015560726635158062,0.0346379391849041,0.039544060826301575,0.02793237194418907,0.016715463250875473,0.004663366358727217,-0.003690485842525959,-0.006247491110116243,-0.0063927071169018745,-0.00859298836439848,-0.011939630843698978,-0.014431829564273357,-0.017687126994132996,-0.019437169656157494,-0.017720522359013557,-0.024392515420913696,-0.02943691611289978,-0.038194071501493454,-0.050313737243413925,-0.03543902561068535,-0.03773800656199455,-0.04076029732823372,-0.02266167849302292,-0.03145740553736687,-0.02129044383764267,-0.025354955345392227,-0.028525738045573235,-0.05206498131155968,-0.044076111167669296,-0.02986126020550728,-0.016737038269639015,-0.008807108737528324,-0.012036752887070179,-0.04220801219344139,-0.08120448142290115,-0.11027919501066208,-0.09142190217971802,-0.10149404406547546,-0.11238650232553482,-0.11718156933784485,-0.10640290379524231,-0.20233160257339478,-0.1270982027053833,-0.096641406416893,-0.047194767743349075,-0.009148450568318367,0.020866265520453453,0.041563987731933594,0.013977643102407455,-0.012955991551280022,-0.025141606107354164,-0.050057101994752884,-0.02663666009902954,-0.05335274338722229,-0.03966675326228142,-0.0530172660946846,-0.07925320416688919,-0.025519143790006638,-0.04157855734229088,-0.07259392738342285,0.00806216336786747,-0.02687954157590866,-0.062000371515750885,0.05331636592745781,-0.005495648831129074,-0.091284841299057,0.018871337175369263,-0.00010529071732889861,-0.017494231462478638,-0.005274394527077675,-0.012377643957734108,0.0036461004056036472,-0.008220035582780838,0.04741453006863594,-0.020862309262156487,-0.004361260216683149,0.006908869836479425,-0.025726456195116043,0.04158077389001846,-0.012383909896016121,0.022775080054998398,0.030467860400676727,-0.10158956795930862,0.04256266728043556,-0.0696360245347023,0.153498575091362,-0.13003157079219818,0.0356317013502121,0.05198493227362633,0.15764977037906647,-0.06595274060964584,-0.06850062310695648,0.08625709265470505,-0.04688592627644539,0.29193639755249023,0.03521229326725006,0.04848465695977211,-0.26549598574638367,0.1587837040424347,0.0667966827750206,-0.11974198371171951,-0.03807995095849037,0.3836795687675476,-0.1611243486404419,0.09471158683300018,-0.09747527539730072,0.21654126048088074,-0.12122298032045364,0.24741452932357788,-0.15813662111759186,-0.00510804820805788,0.08175737410783768,0.1249290183186531,-0.19866974651813507,0.43306007981300354,-0.4199746549129486,0.08184124529361725,-0.0007465235539712012,0.29871615767478943,-0.03137517720460892,-0.20737814903259277,-0.12955352663993835,0.07688385248184204,0.20348471403121948,-0.36881566047668457,0.619135320186615,-0.06948146969079971,-0.15548667311668396,0.01831510290503502,0.21700318157672882,-0.36339274048805237,0.12870222330093384,0.4418547749519348,-0.45214760303497314,0.23077379167079926,0.19004739820957184,-0.04927663505077362,0.0720350593328476,-1.1197076901225955e-06,0.024353988468647003,5.004093691240996e-05,3.1597533052263316e-06,-2.2532410639541922e-06,-2.70426335191587e-05,0.00045030590263195336,2.771801710128784,-0.32427963614463806,-0.054677896201610565,0.013210237957537174,-0.022040821611881256,0.045533787459135056,-0.016363969072699547,-0.08901356160640717,-0.07360905408859253
422,-0.0009227877017110586,-0.005343603901565075,-0.00907969195395708,-0.011221581138670444,-0.012988992035388947,-0.011742591857910156,-0.00838139932602644,-0.007043527439236641,-0.006657219026237726,-0.00735135655850172,-0.005975591018795967,-0.0032526713330298662,0.00024642914650030434,0.010676173493266106,0.027500731870532036,0.042072393000125885,0.03974699601531029,0.019346680492162704,0.004005344584584236,-0.006943473592400551,-0.0006355428486131132,0.0542631596326828,0.10553517192602158,0.17796801030635834,0.2356877326965332,0.1251567155122757,0.11884021013975143,0.0468980073928833,0.022202443331480026,0.007680531125515699,-0.008456242270767689,-0.02891063690185547,-0.037619274109601974,-0.050667598843574524,-0.06455819308757782,-0.09970838576555252,-0.13797098398208618,-0.13592293858528137,-0.12618191540241241,-0.09115878492593765,-0.09027235209941864,-0.10160797834396362,-0.10600099712610245,-0.09888435900211334,-0.18380232155323029,-0.12981963157653809,-0.11148007959127426,-0.08560110628604889,-0.07614485919475555,-0.05114851891994476,-0.07756532728672028,-0.038078345358371735,-0.00085797457722947,0.06534722447395325,0.22310011088848114,0.23837877810001373,0.3960343897342682,0.3321407735347748,0.22149917483329773,0.09608350694179535,0.002542900387197733,-0.029071573168039322,-0.06418287009000778,-0.0072969538159668446,-0.022010937333106995,-0.04227997362613678,0.036649830639362335,-0.014800501056015491,-0.10630661994218826,0.01444269623607397,-0.05050636827945709,-0.05999648571014404,-0.03480935096740723,-0.18498793244361877,-0.03296981006860733,-0.05754819139838219,0.051653798669576645,-0.03270644322037697,-0.017878441140055656,0.0027765100821852684,-0.013356839306652546,0.003515352262184024,-0.01512966863811016,-0.0035516468342393637,-0.03538677096366882,0.1206108033657074,-0.11229288578033447,0.25086286664009094,-0.3282034695148468,0.44124484062194824,-0.07999084889888763,-0.2742302417755127,-0.031239625066518784,0.08612959831953049,0.03889821469783783,0.012535503134131432,-0.03679614141583443,0.2159021943807602,-0.005544330459088087,0.03533439338207245,-0.28483498096466064,0.2050110250711441,0.052568431943655014,-0.09721647202968597,0.05424361303448677,0.37313511967658997,-0.2695031464099884,0.20196594297885895,-0.09555982798337936,0.23437905311584473,-0.2968901991844177,0.404928982257843,-0.37422335147857666,0.03311605751514435,0.11076486110687256,0.098460353910923,-0.17548809945583344,-0.3193943202495575,0.868321418762207,-0.24997760355472565,0.08709874004125595,-1.2783268690109253,0.11900341510772705,0.7778966426849365,0.46996426582336426,-0.05349414423108101,-0.03924824297428131,0.10257244110107422,0.16633574664592743,-0.06991970539093018,-0.019543655216693878,-0.01881573535501957,0.29212111234664917,-0.38319164514541626,0.216750830411911,0.38882577419281006,-0.44157150387763977,0.06305190175771713,0.07216403633356094,0.04435424879193306,0.12194070965051651,-3.3155066603285377e-07,0.009698504582047462,-0.00010238445247523487,5.469732400342764e-07,-4.189963362932758e-07,-1.6808746295282617e-05,-8.617584535386413e-05,-0.3267301619052887,0.09843744337558746,0.018014894798398018,-0.002749477047473192,0.011754601262509823,0.019332194700837135,0.03585975989699364,-0.008995765820145607,-0.007994436658918858
423,-0.0007153398473747075,-0.0029095790814608335,-0.006976860575377941,-0.0053972844034433365,-0.009255734272301197,-0.0075619956478476524,-0.005912830587476492,-0.004983000922948122,-0.004623372573405504,-0.0050519914366304874,-0.0040004439651966095,-0.0038876445032656193,-0.005051462445408106,-0.007490966003388166,-0.009723195806145668,-0.011773413978517056,-0.012311468832194805,-0.012154821306467056,-0.016920678317546844,-0.019266832619905472,-0.02564791589975357,-0.03394566476345062,-0.021138995885849,-0.02013145387172699,-0.007512030191719532,0.021336369216442108,0.09877624362707138,0.16269709169864655,0.30222177505493164,0.416281521320343,0.622098445892334,0.4141404330730438,0.22174039483070374,0.16025963425636292,0.2057347595691681,0.3261667490005493,0.4043278992176056,0.24723799526691437,0.13498826324939728,0.03627707436680794,0.011955327354371548,0.010193202644586563,0.010360334999859333,-0.0003733083722181618,-0.03364104405045509,-0.027161195874214172,-0.002016919432207942,0.04032023251056671,0.09025607258081436,0.07956553995609283,0.10396900027990341,0.027887307107448578,0.004720266908407211,-0.004843030124902725,-0.005884468089789152,-0.0036233984865248203,-0.009551754221320152,-0.013288815505802631,-0.02955227717757225,-0.03514380007982254,-0.0042473990470170975,-0.026562390848994255,-0.03502575680613518,-0.002525913529098034,-0.0080115906894207,0.011007511056959629,-0.03202261030673981,-5.029095700592734e-05,0.05008620768785477,-0.00373732578009367,0.000980094657279551,-0.020740142092108727,-0.010816418565809727,-0.08771887421607971,-0.021410442888736725,-0.01576533168554306,0.03462453931570053,-0.06155706197023392,-0.01607058197259903,-0.026210885494947433,0.02068614959716797,-0.03822797164320946,0.00871309544891119,0.028863731771707535,-0.03001810982823372,0.016621867194771767,-0.056079138070344925,-0.03254048526287079,-0.018435386940836906,-0.05705617368221283,0.004863265436142683,0.020450163632631302,0.0444980226457119,-0.01650502346456051,-0.00476172985509038,-0.2236650437116623,0.5510759353637695,-1.9737334251403809,0.6777780652046204,0.4519768953323364,1.8103306293487549,-0.7549799084663391,-0.6779320240020752,0.8278603553771973,-0.002787164179608226,-1.8657042980194092,2.5849950313568115,-0.17748144268989563,0.39130231738090515,-0.7003434896469116,0.59206223487854,-1.007704496383667,0.49065330624580383,0.10220696777105331,-0.05111616104841232,-0.18140271306037903,0.29427438974380493,-1.3239147663116455,1.0715380907058716,-0.2783597409725189,-0.29982492327690125,-0.2337569296360016,-0.02967468462884426,0.38002848625183105,0.19955319166183472,-0.08807075768709183,-0.16000896692276,0.26114800572395325,-0.04497244209051132,0.02249891497194767,0.004044500645250082,0.10047321021556854,0.01032286137342453,0.17772532999515533,-0.17246000468730927,-0.8277132511138916,1.5090460777282715,-0.24470365047454834,-0.5486876368522644,0.4094963073730469,-0.21763363480567932,9.379647991636375e-08,-0.019581859931349754,3.1314844818552956e-05,-9.669919336374733e-07,-9.72580778579868e-07,-1.6328422134392895e-05,0.0002899377141147852,-2.7422826290130615,0.2447998970746994,0.029016658663749695,-0.005692219361662865,0.0359552763402462,0.01991194114089012,-0.005009847693145275,0.04324088618159294,0.02989823929965496
424,-0.000927782035432756,-0.005289601162075996,-0.009023332968354225,-0.011170101352036,-0.012914476916193962,-0.011666710488498211,-0.008278082124888897,-0.006845383904874325,-0.006534838117659092,-0.007094681262969971,-0.0051695541478693485,-0.001975265797227621,0.0033839773386716843,0.01661447063088417,0.031817544251680374,0.042043790221214294,0.03489474207162857,0.012655604630708694,-0.0022506180685013533,-0.009404860436916351,0.0011047557927668095,0.06160131096839905,0.1134047582745552,0.18531067669391632,0.2324185073375702,0.11961261183023453,0.10867279767990112,0.04174821823835373,0.019025396555662155,0.00612290995195508,-0.009302780963480473,-0.028813207522034645,-0.037095844745635986,-0.05054054409265518,-0.0641743466258049,-0.09895037859678268,-0.13755083084106445,-0.13308796286582947,-0.12291262298822403,-0.09052278101444244,-0.0900263860821724,-0.10022013634443283,-0.10595911741256714,-0.09769116342067719,-0.18255095183849335,-0.1297515481710434,-0.11043409258127213,-0.08468636870384216,-0.07555847615003586,-0.051715701818466187,-0.07607760280370712,-0.034468721598386765,0.0049823978915810585,0.06808283179998398,0.2270907461643219,0.23218125104904175,0.38686835765838623,0.29842090606689453,0.2000887542963028,0.0927877128124237,0.0032193707302212715,-0.024568280205130577,-0.06143923103809357,-0.005907033104449511,-0.020922834053635597,-0.04072919115424156,0.03683725371956825,-0.014182955026626587,-0.09585810452699661,0.009811158291995525,-0.04702968895435333,-0.06245613470673561,-0.03592662885785103,-0.19988882541656494,-0.030505163595080376,-0.05143418535590172,0.03267039731144905,-0.019938986748456955,-0.0059508271515369415,-0.0020670010708272457,-0.01148279756307602,0.002683378756046295,-0.01795315369963646,-0.004991128109395504,-0.03170233964920044,0.1530119925737381,-0.1056368350982666,0.23235346376895905,-0.3591602146625519,0.3580741286277771,-0.04633937403559685,-0.25430208444595337,-0.036142461001873016,0.08578904718160629,0.028776083141565323,0.016173362731933594,-0.036691922694444656,0.21057380735874176,-0.008787785656750202,0.03574041649699211,-0.26983124017715454,0.2090994268655777,0.05592024698853493,-0.09339039772748947,0.05167631059885025,0.3704741597175598,-0.25152507424354553,0.16792960464954376,-0.09617900103330612,0.2172488421201706,-0.2646495997905731,0.3638124465942383,-0.39136990904808044,0.041832275688648224,0.15733560919761658,0.10277432948350906,-0.16496771574020386,-0.40458744764328003,0.9271395802497864,-0.31045228242874146,-0.050591640174388885,-0.9937989115715027,0.16024798154830933,0.70464688539505,0.3354560434818268,-0.0702882632613182,-0.04751317948102951,0.1373811960220337,0.18389786779880524,-0.07324599474668503,-0.012455261312425137,-0.007238902151584625,0.29789814352989197,-0.3721851408481598,0.18870162963867188,0.40746694803237915,-0.42434370517730713,0.06110573187470436,0.08737200498580933,0.03501063585281372,0.0964897945523262,-1.6524192858469178e-07,0.009550490416586399,-0.000156123423948884,-2.897526201195433e-07,-2.8052150469193293e-07,-1.455845995224081e-05,-0.0005714325816370547,-0.48922431468963623,0.11282996088266373,0.02022966742515564,-0.0029875151813030243,0.010106132365763187,0.03245364874601364,0.03258863836526871,-0.007224199362099171,-0.007485791575163603
425,-0.001441655564121902,-0.005127389449626207,-0.007448563352227211,-0.00378955970518291,0.005105990916490555,0.011561726219952106,0.009813682176172733,0.005431083962321281,-0.000350136891938746,-0.005629988387227058,-0.006687253247946501,-0.0065087550319731236,-0.008594315499067307,-0.012018132023513317,-0.014383838512003422,-0.01761522702872753,-0.019557993859052658,-0.018039073795080185,-0.025352569296956062,-0.02989528514444828,-0.038586653769016266,-0.05064745247364044,-0.03582916781306267,-0.03756812959909439,-0.04088053107261658,-0.02315138466656208,-0.03191780298948288,-0.021927500143647194,-0.02551848255097866,-0.028729148209095,-0.05072367563843727,-0.040380366146564484,-0.02104300819337368,0.0006601124769076705,0.0182378850877285,0.03527116775512695,0.018648117780685425,-0.03391483798623085,-0.08424322307109833,-0.0850006639957428,-0.10024245828390121,-0.11349201947450638,-0.11860499531030655,-0.10962442308664322,-0.2068013697862625,-0.13845084607601166,-0.11731550097465515,-0.08091326802968979,-0.06530412286520004,-0.0379369743168354,-0.047379594296216965,-0.03379696607589722,-0.03357313573360443,-0.035145316272974014,-0.05607593059539795,-0.03122597560286522,-0.05750185251235962,-0.04640091583132744,-0.05836072936654091,-0.08683086931705475,-0.03491600230336189,-0.045455530285835266,-0.07885538786649704,0.002110306639224291,-0.035277944058179855,-0.06923660635948181,0.042089831084012985,-0.015138464979827404,-0.10517588257789612,0.009028935804963112,-0.0031724143773317337,-0.013349293731153011,0.0038626373279839754,-0.008214650675654411,0.007284287828952074,-0.008702216669917107,0.04048239812254906,-0.02946503460407257,-0.007382113952189684,0.014811060391366482,-0.017479734495282173,0.03595162555575371,-0.018661485984921455,0.015432434156537056,0.023005716502666473,-0.11221981793642044,0.03514818847179413,-0.07703346759080887,0.13348627090454102,-0.14551693201065063,0.02949761599302292,0.04720870032906532,0.1792680323123932,-0.08607283234596252,-0.09979198127985,0.10724402219057083,-0.0682237297296524,0.3082534670829773,0.015111720189452171,0.029796112328767776,-0.2610573172569275,0.14629925787448883,0.04713945835828781,-0.12578034400939941,-0.0363411046564579,0.3942607045173645,-0.15758855640888214,0.08337526768445969,-0.09611432254314423,0.18421992659568787,-0.08543594926595688,0.2540857791900635,-0.12834331393241882,-0.002633520169183612,0.04624422267079353,0.14209657907485962,-0.26177629828453064,0.5574432611465454,-0.5992269515991211,0.012153144925832748,-0.017979303374886513,0.31303533911705017,-0.03469100967049599,-0.2068527638912201,-0.13580958545207977,0.07091180980205536,0.2006630301475525,-0.3692864179611206,0.6038079261779785,-0.06229386851191521,-0.13804984092712402,0.03275196999311447,0.24420391023159027,-0.3520549535751343,0.10206976532936096,0.43124014139175415,-0.40741947293281555,0.2501693665981293,0.18236485123634338,-0.05924666300415993,0.07190363854169846,-9.287313673667086e-07,0.024234933778643608,0.00041567161679267883,4.638367045117775e-06,-1.7866198049887316e-06,-1.540238008601591e-05,0.0018538747681304812,3.094864845275879,-0.3246658444404602,-0.041269879788160324,0.003979790490120649,-0.020502004772424698,-0.03592482581734657,-0.017053700983524323,-0.07721004635095596,-0.06815372407436371
426,-0.0007245069718919694,-0.0030430560000240803,-0.002646351931616664,0.001109336270019412,0.007431819103658199,0.010581276379525661,0.009742377325892448,0.010050425305962563,0.011154988780617714,0.01467729639261961,0.010137144476175308,0.00850391574203968,0.010337639600038528,0.015314113348722458,0.018836351111531258,0.018497809767723083,0.01487721223384142,0.012957022525370121,0.01521400734782219,0.016483932733535767,0.026749134063720703,0.05084589868783951,0.042852770537137985,0.04532831907272339,0.03652513027191162,0.013879327103495598,0.014358365908265114,0.00879436545073986,0.011257181875407696,0.016100268810987473,0.04102569445967674,0.03700576350092888,0.021463308483362198,0.010169142857193947,0.006143262609839439,0.003414149396121502,0.00031979248160496354,-0.007313485257327557,-0.010655111633241177,-0.011312904767692089,-0.015841960906982422,-0.022800428792834282,-0.02006797306239605,-0.006733047775924206,0.023865438997745514,0.02561371587216854,0.03256431967020035,0.04586051031947136,0.07744181156158447,0.07389426976442337,0.12366626411676407,0.07354774326086044,0.069907046854496,0.055834244936704636,0.06861232221126556,0.02570243552327156,0.039567504078149796,0.03043418750166893,0.034135524183511734,0.03601621091365814,0.005649534985423088,0.0073825460858643055,0.004932463634759188,-0.008001800626516342,-0.008760662749409676,-0.01045004278421402,-0.010530331172049046,-0.016662370413541794,-0.030208352953195572,-0.014053837396204472,-0.008583562448620796,-0.014241952449083328,-0.006151404231786728,-0.02060842514038086,0.007294278126209974,0.0010462607024237514,-0.034372713416814804,0.03692055493593216,0.05967901274561882,-0.008490899577736855,-0.03611254319548607,0.05571902170777321,-0.02626834437251091,-0.05470176786184311,-0.07992349565029144,0.04701758176088333,-0.03283081203699112,0.010922649875283241,-0.049810703843832016,-0.025750568136572838,-0.02631225623190403,0.01691771298646927,-0.05955600365996361,-0.010173020884394646,-0.00995541550219059,-0.06722243875265121,-0.04150658845901489,-0.14503994584083557,-0.0825381875038147,-0.08812963962554932,0.07343821972608566,-0.12053795903921127,-0.111085444688797,-0.017465095967054367,-0.01782711036503315,-0.09593052417039871,0.030516471713781357,-0.08242291212081909,-0.09652957320213318,0.015571832656860352,0.04111321642994881,0.08339525759220123,-0.030607180669903755,0.0012051769299432635,-0.07700064778327942,-0.10318518429994583,0.06129811704158783,-0.25619304180145264,0.14336702227592468,-0.01506811659783125,0.0242544487118721,-0.2328285276889801,-6.043699977453798e-05,0.04533529654145241,0.17365753650665283,0.014880470000207424,0.059904396533966064,0.1636839210987091,-0.29237982630729675,-0.08537230640649796,0.13724946975708008,0.05148308724164963,0.07929784059524536,0.3588326871395111,0.05823085829615593,-0.3437438905239105,0.2760125696659088,-0.26205483078956604,0.13886864483356476,0.005142558366060257,0.03447235748171806,-2.072961358123848e-09,-0.052228618413209915,-0.00020791530550923198,-3.0851253995933803e-06,5.693097477887932e-07,-1.151010837929789e-05,-0.00013173373008612543,-0.06395009905099869,0.1440427005290985,0.037679508328437805,-0.00022366319899447262,-0.01883961632847786,0.03365519270300865,0.03170346841216087,0.047020912170410156,0.05090809613466263
427,-0.0010830276878550649,-0.005726213101297617,-0.012124533765017986,-0.01457230094820261,-0.017771810293197632,-0.014952469617128372,-0.010629227384924889,-0.00931964349001646,-0.008631723001599312,-0.00952130276709795,-0.007464919704943895,-0.006471032276749611,-0.008428134955465794,-0.011647846549749374,-0.013404298573732376,-0.013293474912643433,-0.006005142815411091,0.008042832836508751,0.03211936354637146,0.05691199377179146,0.07896488904953003,0.08773732930421829,0.033332422375679016,0.0023859769571572542,-0.023287756368517876,-0.019819164648652077,-0.031079882755875587,-0.022188611328601837,-0.02628365531563759,-0.03066778928041458,-0.05905887112021446,-0.058277785778045654,-0.05432165414094925,-0.056091200560331345,-0.06782969832420349,-0.0986124649643898,-0.1302497386932373,-0.10524643212556839,-0.07197319716215134,-0.03288257122039795,-0.025310834869742393,-0.03920011967420578,-0.06529629230499268,-0.08558277040719986,-0.18109101057052612,-0.11825316399335861,-0.0938858687877655,-0.03829725459218025,0.009795961901545525,0.043634749948978424,0.09370908886194229,0.04355467110872269,0.006249931175261736,-0.018685046583414078,-0.04777519404888153,-0.02812417410314083,-0.05229064077138901,-0.034721437841653824,-0.03978927806019783,-0.05319613218307495,-0.018722841516137123,-0.03291759639978409,-0.06529726088047028,-0.0010366907808929682,-0.0386296808719635,-0.06655170023441315,0.038768328726291656,-0.015429595485329628,-0.09116359800100327,-0.0008026098366826773,-0.008638202212750912,-0.027348127216100693,-0.03480752557516098,-0.17043960094451904,-0.03134498745203018,-0.022191403433680534,0.0573984794318676,-0.02289387211203575,0.003131772391498089,-0.05155310779809952,-0.07844837009906769,0.027208060026168823,-0.050514984875917435,-0.01553848385810852,0.015122216194868088,-0.09173355251550674,0.038376335054636,-0.04222683608531952,0.11746335029602051,-0.13951866328716278,0.011246996931731701,0.03721713647246361,0.14966419339179993,-0.09440860897302628,-0.09984322637319565,0.10322683304548264,-0.07028034329414368,0.18808504939079285,-0.04360223934054375,-0.020093966275453568,0.0038685782346874475,0.03008878603577614,0.012041633017361164,-0.10640200972557068,-0.01250767707824707,0.3379698395729065,-0.2654648423194885,0.08401697874069214,-0.10829852521419525,0.29506635665893555,-0.2544526755809784,0.2543581426143646,-0.1991354078054428,0.006133598275482655,0.08254522830247879,0.11795185506343842,-0.1626112312078476,0.45248496532440186,-0.3471817374229431,0.11956244707107544,0.058637287467718124,0.19482795894145966,-0.04329957813024521,-0.1816629022359848,-0.09318960458040237,-0.010721647180616856,0.196480855345726,-0.18567286431789398,0.21536777913570404,-0.11002899706363678,0.2012627124786377,-0.028827406466007233,0.09345917403697968,-0.20323975384235382,0.1317710429430008,0.36840125918388367,-0.46834325790405273,0.220603808760643,0.1710367649793625,-0.0671783983707428,0.06398703157901764,3.4393617625028128e-06,-0.009891041554510593,0.0010510081192478538,-1.0627567235133029e-06,4.243782569801624e-08,0.00017436061170883477,0.0013339472934603691,2.0402872562408447,-0.18171045184135437,0.009000635705888271,0.007713008671998978,0.028296353295445442,-0.011885724030435085,-0.013496299274265766,0.047645729035139084,0.044982537627220154
428,-0.0009254392934963107,-0.0029256241396069527,-0.0015478479908779263,0.00695944344624877,0.021538134664297104,0.030203577131032944,0.02727004699409008,0.022862132638692856,0.013288985006511211,0.0041229138150811195,-0.002612996380776167,-0.005045722238719463,-0.007955384440720081,-0.011632483452558517,-0.014250211417675018,-0.017629308626055717,-0.01902599260210991,-0.017350109294056892,-0.02382250875234604,-0.028758753091096878,-0.03719467297196388,-0.049228735268116,-0.03472192957997322,-0.03705286607146263,-0.03983568772673607,-0.021995289251208305,-0.029756061732769012,-0.01866636425256729,-0.017909303307533264,-0.014367491006851196,-0.016023460775613785,-0.015603096224367619,-0.0225541889667511,-0.03565840795636177,-0.05402594059705734,-0.09499546140432358,-0.13584035634994507,-0.13041292130947113,-0.10752976685762405,-0.06568004190921783,-0.06326993554830551,-0.07475720345973969,-0.08945353329181671,-0.0939682126045227,-0.18876376748085022,-0.12069886177778244,-0.09887176007032394,-0.0574379600584507,-0.03432279825210571,-0.009714024141430855,-0.0011430776212364435,0.002199089853093028,-0.005543750245124102,-0.009890606626868248,-0.02541712298989296,-0.01877870224416256,-0.04255572333931923,-0.034808386117219925,-0.04880985617637634,-0.0725463330745697,-0.020452231168746948,-0.04002973809838295,-0.07079597562551498,0.007670068647712469,-0.025265837088227272,-0.050260771065950394,0.0361894890666008,-0.008129674941301346,-0.07896384596824646,0.0015580791514366865,-0.0009061552700586617,-0.01477519329637289,-0.019942045211791992,-0.11354895681142807,-0.008636056445538998,-0.0013404383789747953,0.04901549965143204,-0.021806705743074417,-0.008379810489714146,0.004769646096974611,-0.025324279442429543,0.031426455825567245,-0.015402772463858128,0.0216105617582798,0.024032190442085266,-0.0889483317732811,0.03958330675959587,-0.050368085503578186,0.13475972414016724,-0.1302371472120285,0.03370722755789757,0.053415507078170776,0.15845796465873718,-0.06503374874591827,-0.0768938809633255,0.10060960054397583,-0.05641954392194748,0.2862812876701355,0.01653936132788658,0.03911815956234932,-0.23500600457191467,0.12903974950313568,0.05519019067287445,-0.10478956997394562,-0.0289246067404747,0.27801617980003357,-0.19372011721134186,0.08030921965837479,-0.11255740374326706,0.2910103499889374,-0.2656938433647156,0.216006800532341,-0.1818380057811737,-0.01668631285429001,0.0775173157453537,0.10663910955190659,-0.20234158635139465,0.4507097899913788,-0.4281086027622223,0.08814015984535217,0.01456636842340231,0.26296281814575195,-0.030481886118650436,-0.18525032699108124,-0.10909350216388702,0.04760747775435448,0.1886049062013626,-0.37710803747177124,0.5967384576797485,-0.08129824697971344,-0.14498211443424225,0.02325577661395073,0.22430302202701569,-0.35256168246269226,0.12336642295122147,0.431564062833786,-0.4240260422229767,0.2049284726381302,0.16283880174160004,-0.0411885529756546,0.06407931447029114,-1.1703415339070489e-06,0.005725691094994545,-0.00010194954666076228,2.4490464056725614e-07,-1.0042440408142284e-06,1.0312771337339655e-05,-0.0004366713692434132,2.2883474826812744,-0.3140665590763092,-0.051022980362176895,0.013147586956620216,-0.022498060017824173,0.03422227501869202,-0.04415906220674515,-0.08138398081064224,-0.04924826696515083
429,-0.0013580594677478075,-0.004456141497939825,-0.005162977613508701,-0.0001495771575719118,0.008136128075420856,0.01126969326287508,0.007295258343219757,0.002089532557874918,-0.0028936569578945637,-0.007144480012357235,-0.007012281101197004,-0.0066072712652385235,-0.008501783013343811,-0.012047361582517624,-0.014455494470894337,-0.017606986686587334,-0.01948884315788746,-0.018186109140515327,-0.025808725506067276,-0.02975623495876789,-0.039021119475364685,-0.05128248780965805,-0.03574691340327263,-0.03783964738249779,-0.04089151695370674,-0.02287452295422554,-0.03167123720049858,-0.021432671695947647,-0.023541385307908058,-0.02229340560734272,-0.026849020272493362,-0.008124328218400478,0.009398089721798897,0.024486146867275238,0.0285562202334404,0.03657625615596771,0.02274734154343605,-0.01447791513055563,-0.05500001832842827,-0.06663171947002411,-0.08834647387266159,-0.10956522077322006,-0.11714411526918411,-0.11319257318973541,-0.20838654041290283,-0.13905413448810577,-0.11271321773529053,-0.07270339876413345,-0.05631077289581299,-0.03211050108075142,-0.04708526283502579,-0.039496567100286484,-0.04116394743323326,-0.04029069095849991,-0.06000305339694023,-0.03298581764101982,-0.0594630166888237,-0.04670507460832596,-0.058425430208444595,-0.0853743702173233,-0.03814209625124931,-0.04543058201670647,-0.07599444687366486,-0.003295533126220107,-0.02745688147842884,-0.049478963017463684,0.028743024915456772,-0.013883382081985474,-0.08837274461984634,0.003563099540770054,-0.0014967509778216481,-0.018338745459914207,-0.026637008413672447,-0.1279255449771881,-0.017567940056324005,-0.019121265038847923,0.04550681635737419,-0.03409545123577118,-0.012254667468369007,0.011933734640479088,-0.02263493463397026,0.02064540795981884,-0.019044755026698112,0.015956848859786987,0.03197536990046501,-0.1326647847890854,0.0302946288138628,-0.08360178768634796,0.12849070131778717,-0.14557184278964996,0.02653675340116024,0.04771231859922409,0.17422305047512054,-0.079112708568573,-0.09589982777833939,0.10593592375516891,-0.0619763545691967,0.3074788749217987,0.014684024266898632,0.02708619274199009,-0.2527076005935669,0.14067648351192474,0.04397241771221161,-0.1270933598279953,-0.03263101726770401,0.202189102768898,-0.2159603238105774,-0.05700831115245819,-0.10540306568145752,0.11495254933834076,-0.0701938048005104,0.24253015220165253,-0.09064619988203049,0.0057673403061926365,0.029597116634249687,0.1000218316912651,-0.22441276907920837,0.43304377794265747,-0.5088313221931458,0.028251316398382187,-0.002490584272891283,0.3120676279067993,-0.04055967926979065,-0.20163005590438843,-0.1477515995502472,0.055718835443258286,0.20458422601222992,-0.3596319258213043,0.5759050846099854,-0.04851697012782097,-0.14819611608982086,0.05680644512176514,0.24021653831005096,-0.33563220500946045,0.04846976697444916,0.3840066194534302,-0.4155212640762329,0.23938053846359253,0.18341761827468872,-0.09103354811668396,0.057762108743190765,-9.46139664392831e-07,0.017399564385414124,-0.00013550026051234454,1.4146022522254498e-06,-1.6784201761765871e-06,-1.536884519737214e-05,-0.0003542661725077778,2.6985831260681152,-0.25932058691978455,-0.028516137972474098,0.0020955123472958803,-0.022086704149842262,0.043210338801145554,-0.015987517312169075,-0.05102051794528961,-0.06109693646430969
430,-0.0006074854754842818,-0.00476433988660574,-0.008984759449958801,-0.009779120795428753,-0.012367535382509232,-0.010545346885919571,-0.008056126534938812,-0.007064126897603273,-0.006550089921802282,-0.007603174075484276,-0.005557669326663017,-0.00510112289339304,-0.007336896378546953,-0.010401580482721329,-0.013791680335998535,-0.01634061150252819,-0.01766877807676792,-0.016550151631236076,-0.019839921966195107,-0.017658257856965065,-0.013521159999072552,-0.004193893168121576,0.001585149671882391,-0.002389358589425683,-0.0138827133923769,-0.013644950464367867,-0.023138627409934998,-0.01645866595208645,-0.014872506260871887,-0.011270000599324703,-0.012098129838705063,-0.014252398163080215,-0.022732380777597427,-0.03485393896698952,-0.05192947760224342,-0.0873924195766449,-0.12434912472963333,-0.11504240334033966,-0.10976967215538025,-0.08136240392923355,-0.07988692075014114,-0.08527301251888275,-0.07566811889410019,-0.06858419626951218,-0.12192997336387634,-0.08550319075584412,-0.08122316002845764,-0.047369908541440964,0.008886206895112991,0.08989877998828888,0.28986310958862305,0.2977902293205261,0.3333481252193451,0.2715004086494446,0.21628262102603912,0.04864449426531792,-0.001734248362481594,-0.02555120177567005,-0.045622602105140686,-0.057401809841394424,-0.018578503280878067,-0.01684456318616867,0.016253581270575523,-0.000910926319193095,0.0037456639111042023,0.053536854684352875,-0.08473225682973862,-0.02180091105401516,-0.045719876885414124,0.008312706835567951,-0.002582543296739459,-0.040727246552705765,-0.022888775914907455,-0.13345012068748474,-0.03427566960453987,-0.005599255673587322,0.07091528922319412,-0.061440709978342056,-0.05392440780997276,0.033113326877355576,0.03177551180124283,-0.05901726707816124,-0.00985716748982668,0.013854539953172207,0.013752895407378674,-0.0776771605014801,0.03030453622341156,-0.024894267320632935,0.08115233480930328,-0.10531776398420334,0.03178214281797409,0.0392993688583374,0.1809810847043991,-0.05884619057178497,-0.09921319782733917,0.16692249476909637,-0.03937594220042229,0.39422670006752014,0.045615002512931824,0.02877112478017807,-0.253019243478775,0.11828747391700745,0.07043518871068954,-0.07419069111347198,-0.011193535290658474,0.046351704746484756,-0.10820623487234116,-0.03657325729727745,-0.09730327129364014,0.19514545798301697,-0.19135801494121552,0.27288392186164856,-0.06873828917741776,0.013572230003774166,-0.021210316568613052,-0.10714580863714218,0.03624677658081055,0.057063523679971695,-0.19416256248950958,0.0847066268324852,0.051393963396549225,-0.02255375124514103,0.048932034522295,0.077326200902462,0.08806730061769485,-0.13100303709506989,0.04644113779067993,0.09480009227991104,-0.09260451048612595,-0.04120544716715813,0.026611749082803726,0.053278613835573196,0.15653520822525024,0.07124284654855728,0.11472335457801819,-0.4260011911392212,0.20137746632099152,-0.21147345006465912,-0.03179072588682175,-0.0074194688349962234,0.0582168847322464,6.00117289195623e-08,-0.024075550958514214,-0.00014254183042794466,-9.934782383425045e-07,3.6748471643477387e-07,-1.6543399397050962e-05,-0.0003750524774659425,-0.05147980898618698,0.07372232526540756,0.03563538193702698,-0.0006181439966894686,0.03006906248629093,0.022754555568099022,0.04089025408029556,0.013376258313655853,0.04062281548976898
431,-0.0012054935796186328,-0.0031036220025271177,0.00012291430903133005,0.013177338056266308,0.03287237882614136,0.040057916194200516,0.029949676245450974,0.019015755504369736,0.006408004555851221,-0.0026806038804352283,-0.005954706575721502,-0.0063528805039823055,-0.008630452677607536,-0.011997239664196968,-0.014429834671318531,-0.017625950276851654,-0.01955173723399639,-0.017798911780118942,-0.024795325472950935,-0.029695626348257065,-0.03863675147294998,-0.05064532905817032,-0.03574834018945694,-0.038010142743587494,-0.040999189019203186,-0.022902745753526688,-0.03181582689285278,-0.021559225395321846,-0.025593912228941917,-0.029184993356466293,-0.05315946787595749,-0.045920826494693756,-0.03220506012439728,-0.01962195336818695,-0.011367558501660824,-0.01283546444028616,-0.038835249841213226,-0.07522818446159363,-0.10542922466993332,-0.09027081727981567,-0.10194841772317886,-0.11367541551589966,-0.1197957694530487,-0.10953433811664581,-0.20493853092193604,-0.13294272124767303,-0.10492653399705887,-0.05648048222064972,-0.019084185361862183,0.015584105625748634,0.0440080501139164,0.021949654445052147,-0.006398728117346764,-0.02170022763311863,-0.048024408519268036,-0.02858438342809677,-0.05570295825600624,-0.043204717338085175,-0.05500073358416557,-0.08189446479082108,-0.0300533976405859,-0.04465389624238014,-0.07775557041168213,0.0015215490711852908,-0.033698275685310364,-0.068364717066288,0.045139916241168976,-0.011309691704809666,-0.09844247996807098,0.016354842111468315,-0.0023377249017357826,-0.015939973294734955,-0.0014433121541514993,-0.007248895708471537,0.007439095061272383,-0.009686236269772053,0.04104825481772423,-0.026917561888694763,-0.004465153440833092,0.007667882833629847,-0.027422677725553513,0.03851664438843727,-0.017794139683246613,0.016309648752212524,0.022740688174962997,-0.10862182080745697,0.03260241821408272,-0.07216066867113113,0.14572787284851074,-0.1336396187543869,0.03127935528755188,0.05645545944571495,0.1637197732925415,-0.07202965766191483,-0.0747852697968483,0.08224044740200043,-0.05103207007050514,0.27319076657295227,0.017498426139354706,0.0372079573571682,-0.2640562057495117,0.15633608400821686,0.05933121219277382,-0.12212250381708145,-0.03280216455459595,0.39312100410461426,-0.16847097873687744,0.09366756677627563,-0.09739398956298828,0.22626431286334991,-0.11883118003606796,0.25522899627685547,-0.1495545655488968,-0.013499048538506031,0.070002980530262,0.10640963912010193,-0.2109719216823578,0.4316447079181671,-0.4249987006187439,0.08583496510982513,0.007701654452830553,0.2823936343193054,-0.042197681963443756,-0.22444960474967957,-0.14542321860790253,0.07855711132287979,0.20721684396266937,-0.3865789473056793,0.5914221405982971,-0.07047231495380402,-0.15653561055660248,0.02982301637530327,0.25117847323417664,-0.3714352548122406,0.11665841192007065,0.4193335771560669,-0.44401222467422485,0.2212037891149521,0.17458993196487427,-0.059532925486564636,0.06644044816493988,-1.2985112789465347e-06,0.02409306913614273,-0.00024384373682551086,2.0085003598069306e-06,-2.2703125068801455e-06,-3.0210689146770164e-05,-0.0008977499674074352,2.9429099559783936,-0.25699344277381897,-0.029353441670536995,0.00740579841658473,-0.021438172087073326,0.04694855958223343,-0.013419266790151596,-0.05232962593436241,-0.02657484821975231
432,-0.0014243306359276175,-0.004838031716644764,-0.006414839997887611,-0.0020611281506717205,0.006739429663866758,0.011827908456325531,0.008914640173316002,0.003943269141018391,-0.00160469941329211,-0.006449693813920021,-0.006982308812439442,-0.006608848925679922,-0.008642278611660004,-0.012055562809109688,-0.014389397576451302,-0.017622943967580795,-0.019610650837421417,-0.018052052706480026,-0.02547813393175602,-0.029980992898344994,-0.03876462206244469,-0.05081605538725853,-0.03597821667790413,-0.03769364580512047,-0.04099450632929802,-0.023234905675053596,-0.03204912319779396,-0.02201264165341854,-0.025591842830181122,-0.028817370533943176,-0.05004752799868584,-0.03889063000679016,-0.01888648420572281,0.003105039009824395,0.01965111494064331,0.03505494445562363,0.015295935794711113,-0.038060449063777924,-0.08719427138566971,-0.0860745906829834,-0.10106168687343597,-0.11419955641031265,-0.11935969442129135,-0.110819511115551,-0.20694416761398315,-0.1387341171503067,-0.11590501666069031,-0.07785551995038986,-0.0607672780752182,-0.03464968502521515,-0.04639333859086037,-0.036633800715208054,-0.036949969828128815,-0.03799791634082794,-0.05845201015472412,-0.0323621891438961,-0.058612704277038574,-0.04737285152077675,-0.0586710125207901,-0.08737795799970627,-0.036212172359228134,-0.046381570398807526,-0.08034706115722656,0.0005808765417896211,-0.037335354834795,-0.0706549808382988,0.0398675836622715,-0.016748277470469475,-0.1075117364525795,0.007998866960406303,-0.00379875092767179,-0.013188688084483147,0.005060176830738783,-0.006897465791553259,0.00829249620437622,-0.008550899103283882,0.03801501542329788,-0.030387714505195618,-0.007377593778073788,0.012029668316245079,-0.019645119085907936,0.033151816576719284,-0.019528202712535858,0.015762172639369965,0.02261706255376339,-0.11630820482969284,0.031974922865629196,-0.0791383758187294,0.13118216395378113,-0.14790424704551697,0.027545226737856865,0.04813734069466591,0.17769286036491394,-0.08577439188957214,-0.0977896973490715,0.10537807643413544,-0.07057797908782959,0.31214872002601624,0.012877969071269035,0.02742237225174904,-0.2610366940498352,0.14524468779563904,0.046013377606868744,-0.12644456326961517,-0.036161549389362335,0.3934370279312134,-0.16177062690258026,0.0771811380982399,-0.09444700181484222,0.18352395296096802,-0.0826529935002327,0.2562810182571411,-0.1288103610277176,-0.004699071869254112,0.04630954563617706,0.13698852062225342,-0.26157787442207336,0.5467431545257568,-0.6016466021537781,0.009715604595839977,-0.020356707274913788,0.3133705258369446,-0.038815852254629135,-0.2103537768125534,-0.13770347833633423,0.07127691060304642,0.1971626579761505,-0.37956002354621887,0.598223090171814,-0.06246600300073624,-0.14206622540950775,0.03583694249391556,0.2530502378940582,-0.35690394043922424,0.09536892920732498,0.4201410710811615,-0.40593621134757996,0.2436591386795044,0.17920103669166565,-0.06542602926492691,0.06746653467416763,-1.1818113989647827e-06,0.024292180314660072,-0.00015988470113370568,2.7568055429583183e-06,-2.2616045498580206e-06,-3.0650018743472174e-05,-0.0008475075592286885,3.0986990928649902,-0.2920408546924591,-0.030932655557990074,0.002271640347316861,-0.021312400698661804,-0.03856818377971649,-0.013700061477720737,-0.0522649846971035,-0.030663270503282547
433,-0.001039257738739252,-0.0021579228341579437,0.002315655816346407,0.014477812685072422,0.031198833137750626,0.03609761223196983,0.027257034555077553,0.018065713346004486,0.0070665497332811356,-0.0016411712858825922,-0.005461319349706173,-0.006276764906942844,-0.008688852190971375,-0.01228705607354641,-0.014758452773094177,-0.018022116273641586,-0.020067371428012848,-0.018521688878536224,-0.02638610266149044,-0.03059503249824047,-0.04023931547999382,-0.05231258273124695,-0.036693889647722244,-0.03891218453645706,-0.04201029986143112,-0.02351701818406582,-0.0325668565928936,-0.022154483944177628,-0.02660495415329933,-0.03017222322523594,-0.05643311142921448,-0.05133073404431343,-0.03760862722992897,-0.0207837987691164,0.0005402666865848005,0.0287308469414711,0.04312366247177124,0.007576388772577047,-0.04926103353500366,-0.07205481082201004,-0.09613320231437683,-0.11410846561193466,-0.1228601261973381,-0.11381177604198456,-0.2071836143732071,-0.13185730576515198,-0.09588578343391418,-0.04650058224797249,-0.013674741610884666,0.009031838737428188,0.023046554997563362,0.009797205217182636,-0.00918653141707182,-0.0207184087485075,-0.046028558164834976,-0.029599415138363838,-0.05804244801402092,-0.046789612621068954,-0.05993535742163658,-0.08726776391267776,-0.03521830588579178,-0.04675618186593056,-0.08178532123565674,-0.0011466481955721974,-0.03534144163131714,-0.06826385110616684,0.046803370118141174,-0.017438730224967003,-0.10718169808387756,0.014790884219110012,-0.0033502383157610893,-0.01909654401242733,-0.00945408083498478,0.000557589577510953,0.018953440710902214,-0.0057332636788487434,0.02073906920850277,-0.03135167807340622,-0.008483976125717163,0.0254600178450346,-0.012184904888272285,0.03451421856880188,-0.020758559927344322,0.008766896091401577,0.00966834370046854,-0.11752581596374512,0.02801436558365822,-0.08415735512971878,0.13800495862960815,-0.13997609913349152,0.031121257692575455,0.0534302182495594,0.1573365330696106,-0.08024732768535614,-0.0886966809630394,0.09736216068267822,-0.05442811921238899,0.2739294469356537,0.005254665855318308,0.02720005251467228,-0.26005154848098755,0.15212570130825043,0.05075991153717041,-0.1328313797712326,-0.03143055737018585,0.40724700689315796,-0.17588309943675995,0.0905161052942276,-0.10420176386833191,0.15435175597667694,-0.010731862857937813,0.2278055101633072,-0.01502292975783348,0.03193159028887749,0.053782448172569275,0.1214584931731224,-0.21029220521450043,0.45177987217903137,-0.46279868483543396,0.07108929008245468,0.01672465167939663,0.25301414728164673,-0.05361839011311531,-0.24536782503128052,-0.19651684165000916,0.0976848229765892,0.21967396140098572,-0.38715311884880066,0.6034655570983887,-0.0626564621925354,-0.13902711868286133,0.043310098350048065,0.23962120711803436,-0.332647442817688,0.0803772360086441,0.38857516646385193,-0.4113583564758301,0.22291812300682068,0.19553261995315552,-0.08190637081861496,0.06268738210201263,-7.120353302525473e-07,0.026764897629618645,0.0002784679236356169,3.4949691780639114e-06,-1.3085600585327484e-06,-1.5115940641408088e-06,0.0008830135921016335,3.0046305656433105,-0.21724636852741241,-0.02318989299237728,0.004703411366790533,-0.024718252941966057,0.03994661942124367,-0.009650475345551968,-0.05339549481868744,-0.02824508771300316
434,-0.0012134267017245293,-0.00600736029446125,-0.013144186697900295,-0.016915053129196167,-0.019155854359269142,-0.015642527490854263,-0.011213649995625019,-0.010107966139912605,-0.008793500252068043,-0.00963016040623188,-0.007717125583440065,-0.006699328310787678,-0.008673561736941338,-0.012119049206376076,-0.014764901250600815,-0.018137134611606598,-0.019774168729782104,-0.018672781065106392,-0.025908522307872772,-0.030131300911307335,-0.039071857929229736,-0.05131063610315323,-0.035723891109228134,-0.038085680454969406,-0.04087327420711517,-0.022458357736468315,-0.029980579391121864,-0.01819653995335102,-0.016219379380345345,-0.01148349791765213,-0.012385468930006027,-0.015762995928525925,-0.024833086878061295,-0.03664090484380722,-0.0467999093234539,-0.06433718651533127,-0.06013604998588562,-0.018399924039840698,0.0205460824072361,0.022524172440171242,0.017659278586506844,-0.005899364128708839,-0.03876622021198273,-0.0669156089425087,-0.16743969917297363,-0.12881194055080414,-0.11784260720014572,-0.08811279386281967,-0.08440010994672775,-0.06363406777381897,-0.09218735247850418,-0.06354480236768723,-0.054875049740076065,-0.04470940679311752,-0.06278601288795471,-0.02995315007865429,-0.055740755051374435,-0.04314607009291649,-0.05673980712890625,-0.08283380419015884,-0.029114900156855583,-0.044284142553806305,-0.07425771653652191,0.003949609585106373,-0.023393582552671432,-0.05729326978325844,0.05619770660996437,-0.00868502352386713,-0.10094403475522995,0.024982698261737823,0.0015738732181489468,-0.027818409726023674,-0.052228894084692,-0.18948101997375488,-0.026099342852830887,-0.014807822182774544,0.050233859568834305,-0.0197610966861248,-0.003920573741197586,0.019665881991386414,-0.013682864606380463,0.03828048333525658,-0.008675089105963707,0.02703910507261753,0.03262195363640785,-0.11564330756664276,0.03121248260140419,-0.07068106532096863,0.1455344706773758,-0.13880620896816254,0.04506663978099823,0.059441015124320984,0.17020688951015472,-0.08095952868461609,-0.10755448043346405,0.12497470527887344,-0.04200630635023117,0.34601959586143494,0.007199292071163654,0.03910786285996437,-0.25603705644607544,0.1449872851371765,0.060171954333782196,-0.11020144820213318,-0.029119156301021576,0.3504430949687958,-0.20113880932331085,0.08400990068912506,-0.11637379229068756,0.26406583189964294,-0.17678923904895782,0.2562563419342041,-0.13650000095367432,0.01962042786180973,0.05825516954064369,0.10290539264678955,-0.17506250739097595,0.3271447420120239,-0.33050602674484253,0.105309396982193,0.03070169873535633,0.25327974557876587,-0.05163799971342087,-0.1681092530488968,-0.11216288059949875,0.05946758762001991,0.2432161271572113,-0.3061491847038269,0.5778824687004089,-0.0364125557243824,-0.13628435134887695,0.044819626957178116,0.22496283054351807,-0.30466240644454956,0.0801505297422409,0.4654191732406616,-0.4487806558609009,0.2114153355360031,0.1633124202489853,-0.05678433179855347,0.07955440133810043,-5.219082481744408e-07,0.04195094853639603,0.0002675997093319893,4.437978077476146e-06,-1.0045404224001686e-06,1.034024990076432e-05,0.0005308928084559739,2.777553081512451,-0.364067018032074,-0.01849215477705002,0.0006666911067441106,0.06577761471271515,-0.016844047233462334,-0.0144164077937603,0.05762837827205658,-0.043406397104263306
435,0.002017028396949172,0.0065556736662983894,0.0066614714451134205,-0.0005377043853513896,-0.008590375073254108,-0.011546327732503414,-0.010211356915533543,-0.009932625107467175,-0.008865267969667912,-0.009736926294863224,-0.007690147962421179,-0.0066810492426157,-0.008673923090100288,-0.012120509520173073,-0.014698808081448078,-0.01810155063867569,-0.0197417251765728,-0.018436692655086517,-0.02547469735145569,-0.02981095388531685,-0.03909069672226906,-0.051196299493312836,-0.03579502925276756,-0.03824811056256294,-0.04106154665350914,-0.022785339504480362,-0.03137791156768799,-0.020567022264003754,-0.021947041153907776,-0.019714996218681335,-0.02462800033390522,-0.016031557694077492,-0.013438583351671696,-0.015874313190579414,-0.020739134401082993,-0.027503203600645065,-0.02888345532119274,-0.022083034738898277,-0.02113421820104122,-0.02037646248936653,-0.020900815725326538,-0.02610624209046364,-0.0363951213657856,-0.0534999817609787,-0.13783131539821625,-0.11521194130182266,-0.11248840391635895,-0.08620744198560715,-0.08414952456951141,-0.06363866478204727,-0.09290316700935364,-0.06487862020730972,-0.054847508668899536,-0.04590374231338501,-0.06363852322101593,-0.029802924022078514,-0.0566839836537838,-0.04268273711204529,-0.055324725806713104,-0.08121547847986221,-0.029475688934326172,-0.044206637889146805,-0.0752989798784256,0.005775353405624628,-0.022073037922382355,-0.056902676820755005,0.05635211989283562,-0.009904966689646244,-0.09639997035264969,0.020190874114632607,0.0011057450901716948,-0.02076212875545025,-0.034972064197063446,-0.12412568926811218,-0.010210035368800163,-0.007638890296220779,0.028974661603569984,-0.01799444854259491,-0.006397402845323086,0.00026884270482696593,-0.026946892961859703,0.037456538528203964,-0.018894562497735023,0.014042455703020096,0.024571025744080544,-0.10838165134191513,0.033536188304424286,-0.06810153275728226,0.1464443802833557,-0.13424767553806305,0.04737965390086174,0.059984877705574036,0.17314903438091278,-0.07632264494895935,-0.09919688105583191,0.12717260420322418,-0.04636681079864502,0.3449675142765045,0.015207112766802311,0.042054399847984314,-0.2687509059906006,0.14743787050247192,0.06438916176557541,-0.11237718164920807,-0.029164202511310577,0.3083600103855133,-0.21063315868377686,0.07006265223026276,-0.11760292202234268,0.25874456763267517,-0.15422794222831726,0.2517145872116089,-0.0925125777721405,0.02525581233203411,0.039307788014411926,0.07324393093585968,-0.1813272386789322,0.33012524247169495,-0.35627371072769165,0.09095464646816254,0.01615869626402855,0.305503249168396,-0.047400884330272675,-0.18772731721401215,-0.12459522485733032,0.06659895926713943,0.24175456166267395,-0.3152110278606415,0.5528344511985779,-0.04321013763546944,-0.13503140211105347,0.03311688080430031,0.21664103865623474,-0.31693848967552185,0.07189515978097916,0.4613904654979706,-0.4543948471546173,0.2314039021730423,0.15399697422981262,-0.07049059122800827,0.0714060440659523,-1.2083443152732798e-06,0.028535189107060432,-0.00022945067030377686,2.357968469368643e-06,-1.6515874676770181e-06,-2.201905954279937e-05,-0.0005783577216789126,2.650481700897217,-0.2959751784801483,-0.03089483268558979,0.004375671502202749,-0.03443669155240059,-0.02309134602546692,-0.007270681671798229,-0.051951225847005844,-0.04372245818376541
436,0.0014882708201184869,0.005641611758619547,0.0069765630178153515,0.002124518621712923,-0.005384149961173534,-0.00954789761453867,-0.009242041036486626,-0.00950025673955679,-0.008548540994524956,-0.009413998574018478,-0.007576048839837313,-0.0063839079812169075,-0.008040732704102993,-0.009997835382819176,-0.00888118240982294,-0.00425368407741189,0.0029901834204792976,0.005825043190270662,0.004450881388038397,-0.002608113456517458,-0.01715102791786194,-0.035189300775527954,-0.030544767156243324,-0.03519013896584511,-0.038878895342350006,-0.02173522114753723,-0.030315211042761803,-0.020596832036972046,-0.024309437721967697,-0.028562692925333977,-0.05636793002486229,-0.05539655312895775,-0.052405018359422684,-0.05487684905529022,-0.06250585615634918,-0.09216423332691193,-0.11599135398864746,-0.10069478303194046,-0.08222687244415283,-0.057472627609968185,-0.06015406921505928,-0.06804396957159042,-0.06953445822000504,-0.06493467837572098,-0.13453923165798187,-0.09888579696416855,-0.09984958171844482,-0.07772982120513916,-0.07375673204660416,-0.058593910187482834,-0.08615556359291077,-0.05933424085378647,-0.048333726823329926,-0.04219142720103264,-0.057590551674366,-0.025595273822546005,-0.04057888686656952,-0.024887114763259888,-0.02334257774055004,-0.026463501155376434,-0.011222830042243004,-0.028921592980623245,-0.06072153523564339,0.004361023660749197,-0.02934546023607254,-0.062465421855449677,0.04580526053905487,-0.0029626095201820135,-0.08539579808712006,0.036258067935705185,0.01145042572170496,-0.00913945958018303,-0.036110591143369675,-0.16110898554325104,-0.015569277107715607,-0.0066712344996631145,0.04995294660329819,-0.019894178956747055,-0.011567877605557442,-0.03093307837843895,-0.05673341453075409,0.020610174164175987,-0.029163284227252007,0.0007438629982061684,0.012414298951625824,-0.07860951870679855,0.04025180637836456,-0.051165662705898285,0.15059463679790497,-0.1247207373380661,0.04538436233997345,0.060509830713272095,0.15617530047893524,-0.07688327133655548,-0.07197500765323639,0.0992932915687561,-0.06047657132148743,0.2827461361885071,0.020862018689513206,0.03423018380999565,-0.2521188259124756,0.14200742542743683,0.07060807198286057,-0.10402169823646545,-0.0274425707757473,0.35361409187316895,-0.20690488815307617,0.13509459793567657,-0.1470162570476532,0.31829068064689636,-0.3956746459007263,0.1987341344356537,-0.2559332847595215,-0.02485058829188347,0.09955970197916031,0.11677414923906326,-0.19162583351135254,0.4013490080833435,-0.3689885437488556,0.10017066448926926,0.008436706848442554,0.2676165699958801,-0.037601061165332794,-0.17635436356067657,-0.0839943140745163,0.04682901129126549,0.2121027112007141,-0.3241254985332489,0.543953537940979,-0.06547464430332184,-0.12512923777103424,0.01007847674190998,0.2182137668132782,-0.33762064576148987,0.14393290877342224,0.38981541991233826,-0.4325235188007355,0.17779816687107086,0.15095098316669464,-0.036144714802503586,0.07123807072639465,1.661811779740674e-06,-0.007161347195506096,0.0008720642072148621,1.4811868140895967e-06,1.0857937695618602e-06,6.042769746272825e-05,0.0026909809093922377,2.3347761631011963,-0.4274289309978485,-0.03602537512779236,0.02679549902677536,-0.031215624883770943,0.03168782591819763,-0.02018812671303749,-0.07242131978273392,0.03164247050881386
437,-0.0016590473242104053,-0.006991229951381683,-0.01422483567148447,-0.01826004683971405,-0.020335901528596878,-0.01635824330151081,-0.011526785790920258,-0.010173658840358257,-0.009002392180263996,-0.009969286620616913,-0.007943958044052124,-0.006895418744534254,-0.008819458074867725,-0.012370939366519451,-0.014771886169910431,-0.018102243542671204,-0.020095787942409515,-0.018854063004255295,-0.026624811813235283,-0.030466526746749878,-0.04032008349895477,-0.0528017096221447,-0.03667037561535835,-0.038794100284576416,-0.042017560452222824,-0.023652322590351105,-0.03260070085525513,-0.02236122637987137,-0.026237985119223595,-0.027836129069328308,-0.04467744380235672,-0.02985561639070511,-0.008178451098501682,0.01569933071732521,0.03517637401819229,0.0682174563407898,0.09536530077457428,0.07747095823287964,0.031374186277389526,-0.021153977140784264,-0.05880117416381836,-0.09402081370353699,-0.11278232932090759,-0.11206092685461044,-0.21288970112800598,-0.14940588176250458,-0.12785594165325165,-0.09414723515510559,-0.09025496244430542,-0.06486466526985168,-0.09598100185394287,-0.06775522977113724,-0.05559052526950836,-0.047197118401527405,-0.06519486010074615,-0.03386053070425987,-0.06094677373766899,-0.049718961119651794,-0.06101106107234955,-0.09027718007564545,-0.038868505507707596,-0.047918323427438736,-0.08260580152273178,-0.0009578281315043569,-0.031080590561032295,-0.06576115638017654,0.046833328902721405,-0.015330479480326176,-0.11271683871746063,0.009517952799797058,-0.005273931194096804,-0.01969798654317856,-0.012439852580428123,-0.048234470188617706,0.0010919701308012009,-0.00836614053696394,0.038817815482616425,-0.04069001227617264,-0.018587401136755943,0.02228028140962124,-0.008024240843951702,-0.0041710324585437775,-0.018165042623877525,0.02329450100660324,0.03531426563858986,-0.14085811376571655,0.026204412803053856,-0.09072046726942062,0.12582901120185852,-0.15044163167476654,0.03706171736121178,0.0467582605779171,0.18163169920444489,-0.08743587881326675,-0.11312968283891678,0.11846742779016495,-0.06908959150314331,0.31396588683128357,0.003927401266992092,0.018940558657050133,-0.2640884518623352,0.14170677959918976,0.04630013555288315,-0.12721090018749237,-0.04099179804325104,0.3470554053783417,-0.18451561033725739,0.0247245691716671,-0.10637974739074707,0.1316506266593933,-0.062314607203006744,0.22550657391548157,-0.05183190107345581,0.012210259214043617,0.01983417384326458,0.09507588297128677,-0.20414942502975464,0.5048640370368958,-0.602506160736084,-0.029807722195982933,-0.05739668384194374,0.3317836821079254,-0.04123208671808243,-0.2031257152557373,-0.127628892660141,0.06456948816776276,0.21592819690704346,-0.3271079659461975,0.5675134062767029,-0.04193869233131409,-0.1305360496044159,0.04460311308503151,0.22215527296066284,-0.3182060718536377,0.04545155540108681,0.4368327260017395,-0.38189730048179626,0.2444712519645691,0.1625792384147644,-0.07553696632385254,0.06236191838979721,-9.043396289598604e-07,0.04644427448511124,0.00011261314648436382,5.5655682444921695e-06,-1.100948111343314e-06,-1.564715421409346e-05,-0.00048747548134997487,2.9332525730133057,-0.27402204275131226,-0.02022424153983593,-0.005204687360674143,0.07921234518289566,-0.03399408981204033,-0.00988071784377098,-0.052954092621803284,-0.05895743519067764
438,-0.001307648024521768,-0.005704243201762438,-0.010845965705811977,-0.011655404232442379,-0.006055748090147972,0.004568880889564753,0.01051468774676323,0.01206486951559782,0.007897735573351383,0.0015244386158883572,-0.003409485099837184,-0.005273095332086086,-0.008020131848752499,-0.011643755249679089,-0.014226868748664856,-0.01750233769416809,-0.019009806215763092,-0.017426643520593643,-0.024140598252415657,-0.028849642723798752,-0.03714127093553543,-0.04916314035654068,-0.0347222164273262,-0.03677147626876831,-0.03976564109325409,-0.02208055928349495,-0.029831890016794205,-0.018832596018910408,-0.017651669681072235,-0.013880564831197262,-0.014306426048278809,-0.012405571527779102,-0.015714453533291817,-0.021744292229413986,-0.029994457960128784,-0.04947904869914055,-0.07483907788991928,-0.08232559263706207,-0.08055982738733292,-0.05733140930533409,-0.05986330285668373,-0.07403457164764404,-0.08890616148710251,-0.09476026147603989,-0.19176428020000458,-0.129238098859787,-0.11534793674945831,-0.08374463021755219,-0.07748198509216309,-0.05437970906496048,-0.07370051741600037,-0.04323247820138931,-0.029538145288825035,-0.023349490016698837,-0.03612636402249336,-0.021964913234114647,-0.04604169353842735,-0.038874708116054535,-0.052215807139873505,-0.07706213742494583,-0.02608506940305233,-0.042458243668079376,-0.0727444589138031,0.004889276344329119,-0.027909614145755768,-0.052561528980731964,0.03392260521650314,-0.009500541724264622,-0.082525834441185,0.0009168927790597081,-0.00037436882848851383,-0.014527928084135056,-0.0189875029027462,-0.12498656660318375,-0.012096477672457695,-0.005539522971957922,0.06192176789045334,-0.024173647165298462,-0.007641056086868048,0.004450337495654821,-0.025951271876692772,0.0340602770447731,-0.019364556297659874,0.018505290150642395,0.029872601851820946,-0.09895209223031998,0.040357332676649094,-0.0541914701461792,0.13050171732902527,-0.13728263974189758,0.030444951727986336,0.053663261234760284,0.17468634247779846,-0.0766993910074234,-0.09304053336381912,0.11431367695331573,-0.07081721723079681,0.3301585912704468,0.015386403538286686,0.038923054933547974,-0.2434276044368744,0.1273426115512848,0.05059213563799858,-0.1089632585644722,-0.027667036280035973,0.26953959465026855,-0.19146913290023804,0.06883450597524643,-0.1087101399898529,0.2919037640094757,-0.24483641982078552,0.22860407829284668,-0.20216819643974304,-0.030301392078399658,0.0737057477235794,0.1223120167851448,-0.2234114706516266,0.4959161579608917,-0.46636244654655457,0.07067077606916428,0.012458979152143002,0.2891727685928345,-0.029389141127467155,-0.18022722005844116,-0.10266672819852829,0.044923942536115646,0.19187258183956146,-0.3599976897239685,0.5738358497619629,-0.06864022463560104,-0.1419568955898285,0.023352839052677155,0.2510792911052704,-0.35332804918289185,0.1144401878118515,0.4271976947784424,-0.42000827193260193,0.22230158746242523,0.17175057530403137,-0.04281720519065857,0.0650467649102211,-9.394292419528938e-07,0.005898995790630579,1.6271120273358974e-07,8.132940934046928e-07,-8.019007395887456e-07,7.857369382691104e-06,1.312206222792156e-05,2.529179096221924,-0.35063669085502625,-0.05094622075557709,0.00967771653085947,-0.015608026646077633,0.03173421323299408,-0.04377152398228645,-0.07799620181322098,-0.05936200171709061
439,-0.0008705967920832336,-0.005239700898528099,-0.009432367980480194,-0.009478386491537094,-0.011966895312070847,-0.008125764317810535,-0.002329496433958411,0.002950945869088173,0.00761795649304986,0.010563700459897518,0.0069050295278429985,0.002942498540505767,0.0014610686339437962,0.003254910698160529,0.009034977294504642,0.013403420336544514,0.009713253937661648,0.00047218252439051867,-0.009048900566995144,-0.010453183203935623,0.005231596063822508,0.07468446344137192,0.1301959753036499,0.21888276934623718,0.2620621621608734,0.12885688245296478,0.11262711137533188,0.033639777451753616,0.0014575616223737597,-0.018872037529945374,-0.04998746141791344,-0.054454412311315536,-0.04661473259329796,-0.05230937525629997,-0.06518632173538208,-0.09980302304029465,-0.13553568720817566,-0.12824593484401703,-0.11820284277200699,-0.09234000742435455,-0.0882536768913269,-0.10015599429607391,-0.10442596673965454,-0.10017403960227966,-0.1832517832517624,-0.12534528970718384,-0.10760381817817688,-0.08504142612218857,-0.0749732255935669,-0.05352944880723953,-0.07423995435237885,-0.032140955328941345,0.01371726207435131,0.0889216810464859,0.2719387710094452,0.24296675622463226,0.396205872297287,0.2543618977069855,0.19541482627391815,0.06371969729661942,-0.0011809311108663678,-0.024896390736103058,-0.04849836230278015,-0.011468607932329178,-0.0204856526106596,-0.029429253190755844,0.03684691712260246,-0.0054769134148955345,-0.09862642735242844,0.021207110956311226,-0.020580831915140152,-0.019703755155205727,0.0042668418027460575,0.004575416911393404,0.005981939844787121,-0.020307675004005432,0.044572245329618454,-0.0370965451002121,-0.03084348887205124,0.004321468528360128,0.0033996691927313805,0.0023891704622656107,-0.03694823756814003,-0.0044966284185647964,-0.02086711674928665,0.12576991319656372,-0.20734530687332153,0.28175991773605347,-0.30505043268203735,0.515843391418457,-0.15424305200576782,-0.14467759430408478,0.00386396748945117,-0.05821939557790756,-0.05002729222178459,0.021242937073111534,-0.03673725202679634,0.1546124666929245,0.020278556272387505,0.05135344713926315,-0.23984362185001373,0.160958394408226,0.028681961819529533,-0.0710952877998352,0.005592284724116325,0.030305977910757065,-0.10180937498807907,0.05667676031589508,-0.13043151795864105,0.20797067880630493,-0.38624686002731323,0.593177318572998,-0.4299720823764801,-0.0031480740290135145,0.1239103376865387,0.11208906024694443,-0.11161848902702332,-0.5989314913749695,1.3283978700637817,-0.35620152950286865,0.044293150305747986,-0.5870806574821472,0.4488915801048279,0.43675634264945984,0.15403059124946594,0.004926722031086683,0.12405283749103546,-0.03917596861720085,0.18077917397022247,-0.07145091891288757,-0.030743595212697983,-0.0007626736187376082,0.25882792472839355,-0.26797834038734436,0.09707663953304291,0.008844463154673576,0.06923068314790726,-0.08059278130531311,0.11444300413131714,-0.02792547270655632,0.0005232045077718794,2.955890465727862e-07,0.022435689345002174,-0.00016380382294300944,4.1016642171598505e-07,5.985880875414296e-07,-2.0666586351580918e-05,-0.0005956913228146732,-1.2470591068267822,0.14016468822956085,0.030824851244688034,-0.003064596327021718,-0.006222784053534269,0.027234937995672226,0.029925251379609108,0.01794608309864998,0.018941527232527733
440,-0.0003054195549339056,-0.000673643487971276,0.0006089509115554392,0.0015487301861867309,0.004033398814499378,0.002759368624538183,0.00041341411997564137,-0.0016702214488759637,-0.002963033504784107,-0.004090874921530485,-0.003461650339886546,-0.0034421102609485388,-0.004421575926244259,-0.006541668903082609,-0.00852610357105732,-0.010202647186815739,-0.010962599888443947,-0.01063105370849371,-0.01517288014292717,-0.016585035249590874,-0.022276554256677628,-0.02951282076537609,-0.018278056755661964,-0.017330974340438843,-0.005618015769869089,0.020087938755750656,0.09003954380750656,0.142044797539711,0.2675015330314636,0.37107303738594055,0.543858528137207,0.350338339805603,0.18697121739387512,0.13869018852710724,0.17057709395885468,0.26642534136772156,0.32103201746940613,0.18403059244155884,0.0961223617196083,0.023663850501179695,0.00658980431035161,0.006727127358317375,0.007697096094489098,-0.0020251204259693623,-0.03598387911915779,-0.033171121031045914,-0.021628111600875854,0.009021458216011524,0.05105932429432869,0.06415649503469467,0.12977199256420135,0.060028091073036194,0.03728551045060158,0.008559059351682663,-0.005334383342415094,-0.005230102688074112,-0.006382867693901062,-0.006875666324049234,-0.017293425276875496,-0.02505076304078102,-0.005761220119893551,-0.022393224760890007,-0.033333826810121536,-0.004679554607719183,-0.007278048433363438,0.010122163221240044,-0.02338530495762825,-0.0010925870155915618,0.057537924498319626,-0.006387393921613693,0.0053805578500032425,0.026640521362423897,0.02023322880268097,0.15335050225257874,0.03131174296140671,0.010102178901433945,0.002437058137729764,-0.03171354904770851,-0.012964338064193726,-0.009395464323461056,0.007084385026246309,-0.010357972234487534,-0.01623731665313244,-0.01357994880527258,-0.019829804077744484,-0.007962810806930065,-0.0311428252607584,-0.038410961627960205,-0.05291977897286415,0.0033950030338019133,-0.01584087312221527,-0.002016794867813587,0.007119784131646156,-0.006594396196305752,0.026433834806084633,-0.19491757452487946,0.4262714087963104,-1.7824121713638306,0.827172040939331,0.46107032895088196,1.5725977420806885,-0.6566575765609741,-0.3907274603843689,0.5918557047843933,-0.15964598953723907,-1.5095323324203491,2.2384800910949707,-0.026732509955763817,0.22597816586494446,-0.7063568830490112,0.613689124584198,-0.8510973453521729,0.24586941301822662,0.10759343951940536,-0.05591823533177376,-0.07105384767055511,0.07857091724872589,-0.7588473558425903,0.721802294254303,-0.25624892115592957,-0.524130642414093,-0.3200133144855499,-0.07881062477827072,0.17233465611934662,0.06070941314101219,-0.03615405783057213,-0.2599572241306305,0.4958825707435608,-0.3293994069099426,0.04053773358464241,0.01406063511967659,0.09758125245571136,-0.05444991588592529,0.2108239382505417,-0.3061527907848358,-0.6764400005340576,1.4842770099639893,-0.0811011791229248,-0.48624086380004883,0.4093565046787262,-0.15478944778442383,1.3699632006591855e-07,0.004532054532319307,-7.131921302061528e-05,-3.3452229786234966e-07,1.7161352161565446e-07,-1.3276732715894468e-05,1.634709224163089e-05,-2.3847172260284424,0.23528222739696503,0.02404816262423992,-0.004705142229795456,-0.012973836623132229,0.020046869292855263,0.011139221489429474,0.0212546493858099,0.010472905822098255
441,0.0012935529230162501,0.005547021050006151,0.00854196585714817,0.004629576578736305,-0.0025272811762988567,-0.00781684648245573,-0.008732170797884464,-0.009422251023352146,-0.008832618594169617,-0.009866082109510899,-0.007825611159205437,-0.00675600441172719,-0.0087629659101367,-0.012224461883306503,-0.014733255840837955,-0.01817462034523487,-0.01985548995435238,-0.01844138279557228,-0.02567920833826065,-0.02989521250128746,-0.039524685591459274,-0.051632340997457504,-0.03614552319049835,-0.038610368967056274,-0.041486404836177826,-0.023088475689291954,-0.03193208947777748,-0.021617887541651726,-0.024971704930067062,-0.0256807878613472,-0.039269570261240005,-0.026937393471598625,-0.014810968190431595,-0.006032257340848446,-2.2093667212175205e-05,0.014057262800633907,0.0344131663441658,0.03295682370662689,0.003121638670563698,-0.031651571393013,-0.05918820574879646,-0.07984568923711777,-0.08319783955812454,-0.07385459542274475,-0.13494116067886353,-0.099846750497818,-0.09834697097539902,-0.07970241457223892,-0.08156485110521317,-0.06299795210361481,-0.09363304078578949,-0.06581452488899231,-0.05473744869232178,-0.046017371118068695,-0.06438534706830978,-0.02985268086194992,-0.057531438767910004,-0.04358433932065964,-0.055923957377672195,-0.08263599872589111,-0.030290672555565834,-0.04427449405193329,-0.0768127292394638,0.006352447438985109,-0.021433930844068527,-0.056789033114910126,0.05681964010000229,-0.010227756574749947,-0.09784939140081406,0.01680062897503376,0.0011242636246606708,-0.016341926530003548,-0.020204905420541763,-0.07369353622198105,-0.002464934019371867,-0.006623832043260336,0.025654492899775505,-0.018691470846533775,-0.0042196158319711685,0.01445847935974598,-0.012406975030899048,0.02765711210668087,-0.009872685186564922,0.025547010824084282,0.028664637356996536,-0.10654373466968536,0.03176721930503845,-0.06793957948684692,0.13761170208454132,-0.13492973148822784,0.0510672852396965,0.059653475880622864,0.17802976071834564,-0.07635898888111115,-0.10336370021104813,0.12809878587722778,-0.052521951496601105,0.3356461226940155,0.013386338017880917,0.03857720270752907,-0.2655175030231476,0.14817208051681519,0.06934661418199539,-0.11905436962842941,-0.04171445593237877,0.3140295147895813,-0.20579299330711365,0.047730203717947006,-0.10864580422639847,0.2300543338060379,-0.1156502217054367,0.250261127948761,-0.07626040279865265,0.01839703693985939,0.006060584913939238,0.0486111082136631,-0.18268759548664093,0.34521955251693726,-0.3987879157066345,0.05626015365123749,-0.009874540381133556,0.33297833800315857,-0.04331301897764206,-0.22818225622177124,-0.1603056788444519,0.08634539693593979,0.23951254785060883,-0.32141077518463135,0.5407472252845764,-0.04338303580880165,-0.1250302940607071,0.03211786225438118,0.2048463076353073,-0.31485670804977417,0.06395791471004486,0.4618578851222992,-0.4332396686077118,0.24191565811634064,0.16225364804267883,-0.07254019379615784,0.0685223862528801,-1.1843458196381107e-06,0.029964696615934372,-0.00025768595514819026,2.4091123123071156e-06,-2.1582088720606407e-06,-3.222592204110697e-05,-0.0006308205774985254,2.596170425415039,-0.27544134855270386,-0.029791496694087982,0.002703316044062376,-0.03247592970728874,-0.02678568847477436,-0.009322135709226131,-0.052459049969911575,-0.05048928037285805
442,-0.001353069907054305,-0.00621378468349576,-0.012738177552819252,-0.014724901877343655,-0.011668660677969456,-0.001300695352256298,0.007479046005755663,0.012788714841008186,0.011759924702346325,0.00681444862857461,-0.0002411902096355334,-0.0039458139799535275,-0.007534063421189785,-0.011808058246970177,-0.014690193347632885,-0.018144402652978897,-0.019870582967996597,-0.01855863258242607,-0.02595643512904644,-0.0302023496478796,-0.0394868366420269,-0.05173484608530998,-0.036154184490442276,-0.03844612091779709,-0.04142231121659279,-0.02312197908759117,-0.032241690903902054,-0.02199910394847393,-0.026233090087771416,-0.029463475570082664,-0.05417411029338837,-0.04809482768177986,-0.03603048622608185,-0.025523478165268898,-0.0162280835211277,-0.005851886235177517,0.011618660762906075,0.023337915539741516,0.015586004592478275,-0.009842829778790474,-0.032235320657491684,-0.06222056970000267,-0.08746355026960373,-0.09850697219371796,-0.20081086456775665,-0.1402820199728012,-0.12309223413467407,-0.09030616283416748,-0.08589888364076614,-0.06279560923576355,-0.08963511884212494,-0.058257557451725006,-0.042391687631607056,-0.029137879610061646,-0.03602651134133339,-0.01924317702651024,-0.040068380534648895,-0.03729241341352463,-0.05325126647949219,-0.08094344288110733,-0.03162145987153053,-0.04503154382109642,-0.07778094708919525,0.0040811398066580296,-0.026382891461253166,-0.06032652035355568,0.052112430334091187,-0.011767355725169182,-0.10089816898107529,0.01658955030143261,7.043302321108058e-05,-0.02080029994249344,-0.032428257167339325,-0.11959448456764221,-0.013513462617993355,-0.01013678777962923,0.050856322050094604,-0.025936268270015717,-0.005131999496370554,0.020231809467077255,-0.01653474010527134,0.03419790044426918,-0.012730774469673634,0.02002204768359661,0.01712525635957718,-0.09145573526620865,0.026635484769940376,-0.058311447501182556,0.12103903293609619,-0.13535282015800476,0.04044396057724953,0.05934588983654976,0.17683546245098114,-0.08192417770624161,-0.10716953873634338,0.126418799161911,-0.054564740508794785,0.3447074890136719,0.011161880567669868,0.0395919531583786,-0.2626228928565979,0.14858116209506989,0.06422936171293259,-0.11796694993972778,-0.02813672088086605,0.3307739198207855,-0.20126110315322876,0.06954339146614075,-0.11255338042974472,0.24405457079410553,-0.14628325402736664,0.2583478093147278,-0.09472895413637161,0.024295026436448097,0.04024866595864296,0.09374690055847168,-0.19469015300273895,0.40475499629974365,-0.4181423783302307,0.07899230718612671,0.019391342997550964,0.27263325452804565,-0.051876310259103775,-0.1769467443227768,-0.11946498602628708,0.06334182620048523,0.23832207918167114,-0.35550132393836975,0.6015649437904358,-0.047751571983098984,-0.1514916867017746,0.046855807304382324,0.2303341031074524,-0.29591870307922363,0.08229147642850876,0.42825090885162354,-0.43238401412963867,0.22315315902233124,0.17101046442985535,-0.07509829103946686,0.06980782747268677,-6.594523824787757e-07,0.016228236258029938,5.912002507102443e-06,1.8452702761351247e-06,-1.2467959322748356e-06,-1.2136303666920867e-05,-0.0001552059839013964,2.927504301071167,-0.28750380873680115,-0.018720369786024094,0.003951355814933777,-0.013868140988051891,0.014770057052373886,-0.011805268004536629,-0.03807055205106735,-0.04936159402132034
443,-0.0010737774427980185,-0.005634977016597986,-0.01183626614511013,-0.015928493812680244,-0.018137246370315552,-0.01527312956750393,-0.010870714671909809,-0.009727761149406433,-0.008537466637790203,-0.00947315152734518,-0.007689265534281731,-0.0062765744514763355,-0.007463139481842518,-0.007823805324733257,-0.003389146877452731,0.004612577147781849,0.01054611336439848,0.008041457273066044,0.0007144629489630461,-0.011019292287528515,-0.026301195845007896,-0.04331261292099953,-0.03340497240424156,-0.03647547960281372,-0.0391375869512558,-0.02072417549788952,-0.025067154318094254,-0.012955999001860619,-0.00795511994510889,-0.004658454097807407,-0.010938010178506374,-0.02506418526172638,-0.03626243770122528,-0.04576931521296501,-0.05565928667783737,-0.0796622708439827,-0.09808076918125153,-0.08911475539207458,-0.08643943071365356,-0.07165849953889847,-0.08374151587486267,-0.09693431109189987,-0.10070134699344635,-0.08454497903585434,-0.14235258102416992,-0.08348926156759262,-0.0746246874332428,-0.0559559240937233,-0.0499274842441082,-0.02898159623146057,-0.02270290069282055,-0.003989877179265022,-0.006323694251477718,-0.013121196068823338,-0.03450421988964081,-0.022695958614349365,-0.04366409033536911,-0.03464040905237198,-0.03746988996863365,-0.050083715468645096,-0.015276203863322735,-0.03183688223361969,-0.05537011846899986,0.0006857853732071817,-0.02286415360867977,-0.03734924644231796,0.03572497516870499,-0.0031665158458054066,-0.09648440778255463,0.023520801216363907,0.009165124036371708,-0.019177271053195,-0.032848671078681946,-0.1462612897157669,-0.016423888504505157,-0.006372066680341959,0.07007110118865967,-0.02713737264275551,-0.010226747021079063,0.008310324512422085,-0.02044549398124218,0.026966365054249763,-0.01992744579911232,0.01110701635479927,0.0023935786448419094,-0.05926962196826935,0.01854545809328556,-0.03465094417333603,0.08999507874250412,-0.13058212399482727,0.030769681558012962,0.04601249843835831,0.13546019792556763,-0.08522332459688187,-0.06551831215620041,0.08652117848396301,-0.060165371745824814,0.28172987699508667,0.00484622735530138,0.03403531387448311,-0.24459248781204224,0.1446687877178192,0.06679856032133102,-0.09602367877960205,-0.011399418115615845,0.32814761996269226,-0.20737773180007935,0.1014857068657875,-0.09299787133932114,0.3219950795173645,-0.34262630343437195,0.2254059910774231,-0.24927544593811035,-0.028908947482705116,0.08560582995414734,0.13256806135177612,-0.21392059326171875,0.4601993262767792,-0.4064639210700989,0.10029155015945435,0.028996044769883156,0.1640450358390808,-0.0726674497127533,-0.11347981542348862,-0.03970884531736374,0.017139580100774765,0.18338319659233093,-0.270050585269928,0.44141075015068054,-0.07583454251289368,-0.004076412878930569,0.008739720098674297,0.19649630784988403,-0.30321982502937317,0.12794819474220276,0.3519495725631714,-0.4422493278980255,0.1733042597770691,0.18025431036949158,-0.030723806470632553,0.07418795675039291,-3.0830224773126247e-07,-0.035839490592479706,0.00011555571109056473,-9.803953844311764e-07,3.2163055152523157e-07,-3.186273033861653e-06,0.0005821226513944566,2.2130250930786133,-0.2848473787307739,-0.003976807463914156,0.009629704058170319,0.018129386007785797,0.02763403207063675,0.01221048180013895,-0.018766358494758606,0.039414405822753906
444,-0.0009462443413212895,-0.0054946169257164,-0.00944182462990284,-0.011424536816775799,-0.013533919118344784,-0.01189287006855011,-0.008529957383871078,-0.00718542980030179,-0.006705017294734716,-0.007636324502527714,-0.00657797884196043,-0.00551610067486763,-0.007416131440550089,-0.011136299930512905,-0.012346639297902584,-0.014638394117355347,-0.013687565922737122,-0.007462619803845882,-0.0016782819293439388,0.011979191564023495,0.04323761910200119,0.11316248029470444,0.1272430568933487,0.16643600165843964,0.19626352190971375,0.11781007796525955,0.1381474882364273,0.07812007516622543,0.05040048435330391,0.02854345366358757,0.016055965796113014,-0.007037305738776922,-0.02169591560959816,-0.03888804093003273,-0.058210741728544235,-0.09826774895191193,-0.1385275274515152,-0.13212281465530396,-0.12358736246824265,-0.09265238791704178,-0.09032886475324631,-0.1017821803689003,-0.1097918376326561,-0.10252728313207626,-0.1865822970867157,-0.12708698213100433,-0.10240162163972855,-0.060595545917749405,-0.0289977565407753,0.005988685414195061,0.05504239350557327,0.06087031215429306,0.09809432923793793,0.09540807455778122,0.15128079056739807,0.1105203703045845,0.16937415301799774,0.14487653970718384,0.13135693967342377,0.12731190025806427,0.02497636340558529,0.020444322377443314,-0.018098434433341026,-0.0025242760311812162,-0.014548614621162415,-0.036528605967760086,0.03994664177298546,-0.015685291960835457,-0.11980509757995605,0.02022423781454563,-0.06633113324642181,-0.08940158039331436,-0.0496518649160862,-0.2275933176279068,-0.0420956164598465,-0.06175878643989563,0.08216191083192825,-0.07052047550678253,-0.06378249078989029,0.047536395490169525,0.013218047097325325,0.011327185668051243,-0.02008538320660591,-0.027905475348234177,-0.09053660184144974,0.2504536509513855,-0.09965429455041885,0.146426722407341,-0.2969951331615448,0.16830092668533325,-0.030670667067170143,-0.1812116652727127,-0.09516578167676926,0.17440445721149445,0.08406344056129456,-0.029512740671634674,-0.033205464482307434,0.04027017951011658,-0.02207046188414097,0.005414612591266632,-0.23185083270072937,0.19393575191497803,0.043134655803442,-0.07911622524261475,0.06349533051252365,0.43080848455429077,-0.3117828071117401,0.2069515585899353,-0.12757493555545807,0.4201476275920868,-0.4710513949394226,0.4377298951148987,-0.3687710464000702,0.023382116109132767,0.07578732073307037,0.032792963087558746,0.09632822871208191,-0.7330295443534851,0.6541935801506042,-0.07415441423654556,-0.050193991512060165,-0.4768991470336914,0.05297911539673805,0.8053735494613647,0.2807892858982086,-0.13289722800254822,-0.0957966148853302,0.3174362778663635,-0.017344359308481216,-0.06301911175251007,0.045196305960416794,0.039390210062265396,0.23130987584590912,-0.2764565646648407,0.16373677551746368,0.32091760635375977,-0.34172552824020386,0.11986089497804642,0.06062011420726776,0.07236602902412415,0.1050216481089592,-1.2323425835347734e-07,-0.010313604027032852,-1.4442174688156229e-05,-3.7643317796209885e-07,-2.4753657612563984e-07,1.716348663194367e-07,-0.00020715677237603813,-0.17753402888774872,0.09869475662708282,0.016811400651931763,-0.004021346569061279,0.0242703128606081,0.021622339263558388,0.028894461691379547,0.006320654414594173,-0.0030867895111441612
445,0.000515693158376962,0.0034850360825657845,0.0077596097253263,0.007431120611727238,0.002980839926749468,-0.003252985654398799,-0.00638857064768672,-0.008344084024429321,-0.008429399691522121,-0.009683873504400253,-0.007732918485999107,-0.006720209494233131,-0.008698965422809124,-0.012168719433248043,-0.014719835482537746,-0.01809314452111721,-0.019786495715379715,-0.0184489618986845,-0.02561139687895775,-0.02991502545773983,-0.03930039703845978,-0.05146455764770508,-0.03599189594388008,-0.0384056456387043,-0.04133077710866928,-0.02294427528977394,-0.03184842690825462,-0.021443534642457962,-0.02438350021839142,-0.024187222123146057,-0.034187644720077515,-0.019574420526623726,-0.00672879396006465,0.0005252346163615584,-0.001265192055143416,-0.008147344924509525,-0.021708611398935318,-0.029021868482232094,-0.03414234519004822,-0.033965159207582474,-0.04466022178530693,-0.06301785260438919,-0.07562002539634705,-0.07476101070642471,-0.13411512970924377,-0.08839196711778641,-0.08122046291828156,-0.06615155190229416,-0.07209616154432297,-0.059351272881031036,-0.09100641310214996,-0.06434793770313263,-0.053962819278240204,-0.045242562890052795,-0.06335792690515518,-0.029877882450819016,-0.05704203620553017,-0.043160855770111084,-0.05582056939601898,-0.08217693865299225,-0.030635762959718704,-0.0438663624227047,-0.07623311132192612,0.005026832688599825,-0.022431375458836555,-0.05777415633201599,0.05649444833397865,-0.010348650626838207,-0.09873416274785995,0.019091950729489326,0.0019942475482821465,-0.018750648945569992,-0.030841674655675888,-0.09863384068012238,-0.003984678536653519,-0.00851933378726244,0.018966691568493843,-0.01800506003201008,-0.004658248741179705,0.008654550649225712,-0.02079356275498867,0.035463597625494,-0.009828561916947365,0.029490498825907707,0.039533548057079315,-0.11799846589565277,0.03339972347021103,-0.06641069054603577,0.1294560581445694,-0.13171076774597168,0.042679477483034134,0.05770828574895859,0.17623551189899445,-0.07511274516582489,-0.10060420632362366,0.12826058268547058,-0.04999919235706329,0.33947914838790894,0.017054876312613487,0.03905240073800087,-0.2696637213230133,0.15333756804466248,0.06669609248638153,-0.12025085836648941,-0.035168033093214035,0.29688021540641785,-0.20332036912441254,0.045205287635326385,-0.1082981750369072,0.23279710114002228,-0.12744605541229248,0.2523419260978699,-0.08752842247486115,0.02587093412876129,0.035914428532123566,0.07743805646896362,-0.1835702508687973,0.3617064356803894,-0.39732125401496887,0.07267075777053833,0.008676822297275066,0.31345319747924805,-0.04249515384435654,-0.2007504105567932,-0.14511670172214508,0.07664676010608673,0.24112467467784882,-0.3208477199077606,0.5562726259231567,-0.04597168043255806,-0.12263377755880356,0.036142051219940186,0.21099713444709778,-0.3136488199234009,0.06962159276008606,0.4527569115161896,-0.45013192296028137,0.2409164011478424,0.1637762188911438,-0.07570374757051468,0.0667392760515213,-1.1773335018006037e-06,0.026658162474632263,-0.00016975632752291858,2.4036000922933454e-06,-1.717801637823868e-06,-3.145472874166444e-05,-0.0004088507848791778,2.735330104827881,-0.29748114943504333,-0.03185971453785896,0.0039847600273787975,-0.030048441141843796,-0.011804570443928242,-0.0143367825075984,-0.0522284135222435,-0.04860400781035423
446,-0.0009995095897465944,-0.0055095599964261055,-0.009990210644900799,-0.010385779663920403,-0.014359641820192337,-0.011652786284685135,-0.007452232297509909,-0.004302339628338814,0.0002816196356434375,0.006538241170346737,0.008218794129788876,0.006757355760782957,0.005627289414405823,0.00039281966746784747,-0.0065979440696537495,-0.01243935339152813,-0.010288935154676437,0.0021929950453341007,0.030085580423474312,0.07647551596164703,0.15466000139713287,0.2530890703201294,0.16562627255916595,0.11129841208457947,0.044560059905052185,-0.0013177181826904416,-0.015206502750515938,-0.00699189119040966,0.007906333543360233,0.030545620247721672,0.08221347630023956,0.06986431777477264,0.02411237172782421,-0.012503002770245075,-0.04637937247753143,-0.08973805606365204,-0.13435271382331848,-0.12995335459709167,-0.12242329120635986,-0.09465035796165466,-0.09884054213762283,-0.10997473448514938,-0.10906292498111725,-0.11273276060819626,-0.191508486866951,-0.12535248696804047,-0.10508711636066437,-0.05190794914960861,0.019164688885211945,0.10614528506994247,0.36331769824028015,0.3456779420375824,0.31742197275161743,0.20093683898448944,0.13908983767032623,0.016339965164661407,-0.023827100172638893,-0.02766534872353077,-0.029160648584365845,-0.01852446421980858,-0.0024755438789725304,0.0024097897112369537,-0.009526810608804226,-0.0026010593865066767,-0.01704752817749977,-0.03249838203191757,0.047594115138053894,-0.023237675428390503,-0.11148343980312347,-0.00856435764580965,-0.029135841876268387,-0.027427775785326958,-0.017303261905908585,-0.08910099416971207,-0.01937612146139145,-0.021663378924131393,0.0493580624461174,-0.05753912776708603,-0.014264583587646484,-0.014777705073356628,-0.07880812883377075,0.13154910504817963,0.10171046853065491,-0.15175527334213257,-0.06899718940258026,0.06482856720685959,0.006197160575538874,-0.0366981215775013,0.01080483291298151,-0.03376958146691322,-0.052690982818603516,-0.18330202996730804,-0.248081773519516,-0.025345224887132645,-0.024378860369324684,0.046819064766168594,-0.06088227406144142,0.2576221823692322,-0.00957884918898344,-0.002289638388901949,-0.03774416446685791,-0.031850311905145645,-0.05135759338736534,-0.043292153626680374,0.023264789953827858,0.27041155099868774,-0.3324606716632843,0.156852588057518,-0.07064732164144516,0.2491992712020874,-0.13191771507263184,0.010733169503509998,0.12319210916757584,0.15324591100215912,-0.02369818091392517,-0.03707478940486908,-0.08191820979118347,0.24114929139614105,-0.22948051989078522,0.09369241446256638,0.03531360253691673,-0.31034091114997864,0.29598042368888855,0.5693961977958679,0.317562073469162,0.03636637702584267,0.1867203712463379,-0.25502267479896545,0.43087732791900635,-0.07760023325681686,0.053491223603487015,0.034487754106521606,0.14563241600990295,0.20623721182346344,0.1233409121632576,0.1440293937921524,-0.3432953953742981,0.07633691281080246,0.17915987968444824,-0.04309925436973572,0.09576425701379776,1.0528793126240998e-07,-0.0048387921415269375,5.035149661125615e-05,6.065927209419897e-07,4.6633618921987363e-07,-1.3291320101416204e-05,0.0008836861816234887,-0.8340576887130737,0.13012224435806274,0.016024183481931686,-0.004255322739481926,-0.0018243654631078243,0.032660696655511856,-0.0011720708571374416,0.0042374697513878345,-0.0030704473610967398
447,-3.326525984448381e-05,0.0011829707073047757,0.003989242948591709,0.003968361299484968,0.003965435083955526,0.0006159998592920601,-0.0020379535853862762,-0.003809744492173195,-0.004568890202790499,-0.0063001797534525394,-0.004459665156900883,-0.00403344864025712,-0.004163460340350866,-0.007469068747013807,-0.0086336899548769,-0.01035370398312807,-0.011617136187851429,-0.010274467058479786,-0.01572006568312645,-0.013081633485853672,-0.005583723541349173,0.04508624225854874,0.14100907742977142,0.3482966721057892,0.5987632870674133,0.43350356817245483,0.5829030871391296,0.347851425409317,0.18235257267951965,0.08109815418720245,0.02403509058058262,-0.019869845360517502,-0.025752633810043335,-0.015937816351652145,0.006370904855430126,0.056988444179296494,0.13698311150074005,0.12586957216262817,0.08387383073568344,0.019832370802760124,-0.014453780837357044,-0.03393682837486267,-0.04380953311920166,-0.03803319111466408,-0.06314452737569809,-0.03333799168467522,-0.023277394473552704,-0.012127060443162918,-0.014131489209830761,-0.014417867176234722,-0.03801732510328293,-0.03353672847151756,-0.027871640399098396,-0.026994051411747932,-0.03759412094950676,-0.020128875970840454,-0.026335299015045166,-0.016029374673962593,-0.02631150186061859,-0.03751317411661148,-0.022083720192313194,-0.028322910889983177,-0.036663688719272614,-0.0007834580028429627,0.050161439925432205,0.175636887550354,-0.11145207285881042,0.08848049491643906,0.17119987308979034,0.09583795070648193,0.012494212947785854,0.005534088704735041,-0.018075475469231606,-0.1121804267168045,-0.03339275345206261,-0.02994970604777336,0.008804733864963055,-0.17980358004570007,-0.20734694600105286,-0.10096605122089386,-0.015403264202177525,-0.04866039752960205,-0.11329522728919983,0.05507517233490944,-0.003637630958110094,-0.023893224075436592,0.014373649843037128,0.28007715940475464,-0.5813714861869812,3.3436176776885986,-1.1356314420700073,1.8465723991394043,-1.0605536699295044,1.9782047271728516,1.1891785860061646,-0.21914702653884888,0.0987006351351738,0.01872655376791954,0.05750706419348717,-0.08602502197027206,0.9420559406280518,-0.33793091773986816,-0.1430586725473404,0.7359941601753235,-0.18232378363609314,-0.5637340545654297,0.22410880029201508,0.06687159091234207,0.06777240335941315,-0.4372696280479431,0.258166640996933,-0.23582854866981506,0.07205986976623535,-0.14818447828292847,-0.3268980085849762,-0.07080713659524918,-0.02193951979279518,-0.01572900079190731,-0.08823178708553314,0.03520825877785683,0.097005695104599,0.2845815420150757,0.10459394752979279,-0.4370781183242798,0.17238573729991913,-0.13901583850383759,0.08418095111846924,0.11351631581783295,-0.78519207239151,0.03330482542514801,1.641751766204834,1.193793535232544,-3.5803310871124268,5.030971050262451,-3.304979085922241,-0.18655510246753693,1.6784836053848267,-0.6251307725906372,-0.0920090600848198,-0.0008916642982512712,0.013676157221198082,1.6847091899307998e-07,-0.0007325518527068198,-0.0001450347772333771,-1.421639012733067e-06,8.472212584820227e-07,-2.1876247046748176e-05,-0.000407147454097867,-9.001498222351074,0.28154850006103516,0.03319592401385307,-0.0036640397738665342,-0.016394587233662605,0.02443738840520382,0.04609095677733421,0.001091506564989686,0.0339818075299263
448,0.00038001686334609985,0.0030476064421236515,0.007339249365031719,0.007402762304991484,0.0034809790086001158,-0.002566224429756403,-0.005946687888354063,-0.008100394159555435,-0.008207195438444614,-0.009449180215597153,-0.007643394637852907,-0.006650518160313368,-0.008630285039544106,-0.012025992386043072,-0.014659415930509567,-0.018008578568696976,-0.019647110253572464,-0.018451718613505363,-0.025380577892065048,-0.02980070561170578,-0.03859882429242134,-0.05080501362681389,-0.035404473543167114,-0.03784320876002312,-0.0405174158513546,-0.022301670163869858,-0.02974524348974228,-0.01799573376774788,-0.015881165862083435,-0.011206232011318207,-0.012142384424805641,-0.01636609621345997,-0.026500225067138672,-0.0409693717956543,-0.05680625140666962,-0.09165758639574051,-0.11453797668218613,-0.08283630758523941,-0.03500569984316826,-0.0030568174552172422,0.005381016060709953,-0.006846592761576176,-0.02907818928360939,-0.04709264263510704,-0.10666108131408691,-0.07824963331222534,-0.07569549977779388,-0.06268852204084396,-0.06868884712457657,-0.057660769671201706,-0.089145727455616,-0.06230754777789116,-0.0543111227452755,-0.0447983592748642,-0.062359269708395004,-0.029708661139011383,-0.05535342916846275,-0.04304409772157669,-0.05535433813929558,-0.0817403644323349,-0.02820703573524952,-0.04434303939342499,-0.07414494454860687,0.004886914044618607,-0.02409105934202671,-0.05673356354236603,0.05387785658240318,-0.007280249614268541,-0.09906145185232162,0.025798559188842773,0.0017714014975354075,-0.0273829884827137,-0.04451563581824303,-0.16646194458007812,-0.01983340084552765,-0.013346950523555279,0.04314032942056656,-0.020225631073117256,-0.00401665922254324,0.009889025241136551,-0.02281198650598526,0.03768126294016838,-0.028217408806085587,-0.003932427614927292,0.0006973432609811425,-0.08315996080636978,0.03043847531080246,-0.056071724742650986,0.12583787739276886,-0.12951719760894775,0.03847518190741539,0.0580921433866024,0.1676606982946396,-0.08432384580373764,-0.10192116349935532,0.12376876175403595,-0.04114507883787155,0.3470264971256256,0.01084707211703062,0.04045562446117401,-0.2544699013233185,0.14805270731449127,0.05943042039871216,-0.10664329677820206,-0.02687791921198368,0.3613062798976898,-0.2074282020330429,0.09275895357131958,-0.11585496366024017,0.2694617211818695,-0.18494342267513275,0.2490495890378952,-0.1383354514837265,0.015696503221988678,0.07101194560527802,0.11310121417045593,-0.1855955868959427,0.34364408254623413,-0.3281870484352112,0.10784485936164856,0.034207310527563095,0.2597567141056061,-0.05488934367895126,-0.1848231852054596,-0.11096348613500595,0.05005374178290367,0.23456555604934692,-0.2947653532028198,0.5420611500740051,-0.04187151417136192,-0.11914614588022232,0.034940071403980255,0.22976458072662354,-0.32227441668510437,0.08771829307079315,0.4566088318824768,-0.4536605775356293,0.20127663016319275,0.15577292442321777,-0.05490180850028992,0.0771210789680481,-8.850877293298254e-07,0.019023029133677483,0.00014957849634811282,3.0763117138121743e-06,-1.1316303698549746e-06,6.475263489846839e-06,-6.805996963521466e-05,2.737196207046509,-0.3185582756996155,-0.02625083550810814,0.006718834862112999,-0.029228487983345985,-0.010116365738213062,-0.014284005388617516,-0.04176552593708038,-0.022640950977802277
449,-0.0009317917283624411,-0.0050830356776714325,-0.008372203446924686,-0.011310099624097347,-0.01252187229692936,-0.01132276188582182,-0.008242796175181866,-0.00684635853394866,-0.006404840853065252,-0.006680606864392757,-0.004504056181758642,-0.0013894938165321946,0.0025426852516829967,0.008841262198984623,0.01284968014806509,0.010090525262057781,0.0007180137326940894,-0.007842040620744228,-0.01703682728111744,-0.0160798542201519,-0.004116989206522703,0.05531292036175728,0.11532390117645264,0.19187137484550476,0.28669583797454834,0.1582183688879013,0.16968277096748352,0.0683094933629036,0.026137497276067734,-0.004894376266747713,-0.04051067680120468,-0.054214004427194595,-0.04765165597200394,-0.05351442098617554,-0.065428726375103,-0.09717759490013123,-0.13374216854572296,-0.13276740908622742,-0.12297465652227402,-0.08920691162347794,-0.08933929353952408,-0.09951389580965042,-0.10285639017820358,-0.09688227623701096,-0.17837366461753845,-0.12466983497142792,-0.10790245980024338,-0.08420322090387344,-0.07370209693908691,-0.048430394381284714,-0.07570835202932358,-0.0402240976691246,-0.005547466222196817,0.05290114879608154,0.18284472823143005,0.19823646545410156,0.32397493720054626,0.27677181363105774,0.23193392157554626,0.1339178830385208,0.017923125997185707,-0.009367840364575386,-0.0460045300424099,-0.006400147918611765,-0.01537276804447174,-0.04350488632917404,0.03341827914118767,-0.01158780325204134,-0.10730473697185516,0.020250340923666954,-0.07203932106494904,-0.07876843214035034,-0.04116203263401985,-0.2208051234483719,-0.03725786134600639,-0.04825741425156593,0.044283632189035416,-0.03324003517627716,-0.024718111380934715,0.026588458567857742,0.021075870841741562,-0.013965193182229996,-0.01964426040649414,0.0029333464335650206,-0.025778815150260925,0.08680351078510284,-0.10186859220266342,0.2495519071817398,-0.35910749435424805,0.7643082141876221,-0.12035965919494629,-0.42073720693588257,-0.05452406406402588,0.06782126426696777,-0.041078679263591766,0.0426408052444458,-0.05585873872041702,0.3028804063796997,0.013174989260733128,0.046631526201963425,-0.30558475852012634,0.18567466735839844,0.056093353778123856,-0.10884041339159012,0.05307568609714508,0.33005043864250183,-0.25372347235679626,0.2014874666929245,-0.06795759499073029,0.2023274004459381,-0.4029228091239929,0.6124157309532166,-0.6287633180618286,0.05781734734773636,0.15415766835212708,0.15707270801067352,-0.2180754393339157,-0.20094503462314606,0.8306072354316711,-0.08744195103645325,-0.025656873360276222,-1.6526813507080078,0.3351728618144989,1.116381287574768,0.7251541018486023,-0.016437044367194176,0.07743223011493683,-0.1789931207895279,0.3544972240924835,-0.10624540597200394,-0.046920161694288254,-0.00878920778632164,0.290897011756897,-0.3780806064605713,0.2074558287858963,0.3496299088001251,-0.4069024920463562,0.05149722471833229,0.10897336900234222,0.008196464739739895,0.06955840438604355,-2.853645071354549e-07,0.01876918040215969,2.6313606213079765e-05,2.000667109314236e-06,-3.6523519497677626e-07,-2.992394001921639e-06,9.06862915144302e-05,-0.4382576644420624,0.10514931380748749,0.01616833545267582,-0.004807137418538332,0.007788209244608879,0.018168363720178604,0.03521382063627243,-0.004413938615471125,-0.005765046924352646
450,-0.0008572307997383177,-0.005061442963778973,-0.00904402881860733,-0.009267034009099007,-0.011570790782570839,-0.007520437706261873,-0.0015438459813594818,0.003590299980714917,0.007996169850230217,0.01022468414157629,0.005652912426739931,0.0010355018312111497,-0.0026856688782572746,-0.008407914079725742,-0.011669617146253586,-0.014938218519091606,-0.016693931072950363,-0.01460410375148058,-0.020426806062459946,-0.014837700873613358,0.004070901777595282,0.07921062409877777,0.1434025764465332,0.24281981587409973,0.2982156276702881,0.14511269330978394,0.132686585187912,0.04166261851787567,0.005235420074313879,-0.01712830550968647,-0.048296988010406494,-0.05320774391293526,-0.04489819332957268,-0.05089111253619194,-0.06499401479959488,-0.09870702028274536,-0.13511326909065247,-0.12729321420192719,-0.11623939126729965,-0.09225977212190628,-0.0889672115445137,-0.10023569315671921,-0.10450141876935959,-0.09860508888959885,-0.18107503652572632,-0.12344715744256973,-0.10553988814353943,-0.08422309160232544,-0.0716085210442543,-0.05327676236629486,-0.07446536421775818,-0.033920902758836746,0.008447837084531784,0.0838339552283287,0.26383042335510254,0.24550485610961914,0.4043804705142975,0.24979254603385925,0.18770286440849304,0.05522603541612625,-0.004264957271516323,-0.029018981382250786,-0.056213196367025375,-0.01425760518759489,-0.022921578958630562,-0.03130863234400749,0.038542311638593674,-0.004559751134365797,-0.10060397535562515,0.026858974248170853,-0.02020467258989811,-0.019031062722206116,0.005150795914232731,0.014146997593343258,0.004121729172766209,-0.02422066032886505,0.0690992921590805,-0.06377913057804108,-0.05658799037337303,0.027114136144518852,0.011145220138132572,-0.018804430961608887,-0.04524904116988182,0.001527561922557652,-0.011828291229903698,0.10732999444007874,-0.21860899031162262,0.34152716398239136,-0.3652574121952057,0.6620591878890991,-0.18181335926055908,-0.1807369738817215,0.003064316464588046,-0.0592312216758728,-0.05315291881561279,0.02021867036819458,-0.035651080310344696,0.14661312103271484,0.024717111140489578,0.06402315199375153,-0.2300405204296112,0.15910464525222778,0.02835785411298275,-0.06476660817861557,0.004364566411823034,0.022500725463032722,-0.11481630802154541,0.09169261902570724,-0.13761305809020996,0.22742420434951782,-0.5283395051956177,0.8413252234458923,-0.5834971070289612,0.01830904744565487,0.16643252968788147,0.12327668070793152,-0.12566548585891724,-0.6275758743286133,1.4970104694366455,-0.1900089979171753,-0.07422225922346115,-0.5417131185531616,0.46567434072494507,0.5189547538757324,0.15508310496807098,0.012894459068775177,0.15765944123268127,-0.10535915940999985,0.26363831758499146,-0.0758558064699173,-0.030859436839818954,0.009950201958417892,0.2584443986415863,-0.2037217617034912,0.0616142712533474,-0.12245139479637146,0.2576623558998108,-0.1704583466053009,0.07677572220563889,-0.026360535994172096,0.00343206780962646,7.065717255727577e-08,0.02357010543346405,0.0003710170276463032,2.953485363832442e-06,-1.6212693481065799e-06,-1.8555249425844522e-06,0.0008089468465186656,-1.3166651725769043,0.14303873479366302,0.03014322929084301,-0.003820965299382806,-0.006529869511723518,0.019981732591986656,0.03026122786104679,0.017475591972470284,-0.006656095385551453
451,0.0023735228460282087,0.012217255309224129,0.025667846202850342,0.02969338558614254,0.02519240975379944,0.011265094392001629,0.00044792392873205245,-0.005220820661634207,-0.00742508377879858,-0.009372241795063019,-0.007534448988735676,-0.006697297096252441,-0.008682068437337875,-0.012105703353881836,-0.014594413340091705,-0.018034731969237328,-0.01969228871166706,-0.018113432452082634,-0.025237981230020523,-0.029699664562940598,-0.03910233452916145,-0.05083607882261276,-0.03576606512069702,-0.03843894228339195,-0.0410509891808033,-0.022816291078925133,-0.03155139833688736,-0.02127867378294468,-0.024406233802437782,-0.025212330743670464,-0.03856341540813446,-0.027193788439035416,-0.017917342483997345,-0.01528991386294365,-0.018643584102392197,-0.025789298117160797,-0.02990095317363739,-0.028245721012353897,-0.03988639637827873,-0.04844053089618683,-0.06556638330221176,-0.07620500773191452,-0.06735841929912567,-0.042980268597602844,-0.04019718989729881,-0.013122864067554474,-0.013467489741742611,-0.019386129453778267,-0.03584827110171318,-0.04250551760196686,-0.07888275384902954,-0.060788556933403015,-0.0530453696846962,-0.045194126665592194,-0.0637190192937851,-0.029800593852996826,-0.05626358836889267,-0.040776681154966354,-0.05358082801103592,-0.07947167009115219,-0.027890123426914215,-0.04505617544054985,-0.07691744714975357,0.003574557136744261,-0.024225201457738876,-0.057545263320207596,0.05371743068099022,-0.0086244847625494,-0.09461803734302521,0.02184736356139183,0.002606986789032817,-0.016855891793966293,-0.021802600473165512,-0.07002521306276321,-0.0003156678576488048,-0.008853117004036903,0.013929925858974457,-0.019757822155952454,-0.005299985874444246,0.006763966754078865,-0.02056948095560074,0.03549549728631973,-0.017146676778793335,0.01259143278002739,0.014297722838819027,-0.08782708644866943,0.025283025577664375,-0.045304737985134125,0.09651690721511841,-0.11763425916433334,0.030625103041529655,0.05272197350859642,0.16426055133342743,-0.07003552466630936,-0.09703332930803299,0.12768833339214325,-0.04436296224594116,0.3384495973587036,0.018852613866329193,0.04908587038516998,-0.2662683427333832,0.1525651514530182,0.07301290333271027,-0.11734924465417862,-0.037172749638557434,0.3108662962913513,-0.21769456565380096,0.05369265004992485,-0.11170166730880737,0.24802932143211365,-0.15244710445404053,0.2501215934753418,-0.09043727070093155,0.024059735238552094,0.00994827039539814,0.026382919400930405,-0.16853797435760498,0.24678298830986023,-0.33169645071029663,0.08765356242656708,0.018409540876746178,0.3252069056034088,-0.039202384650707245,-0.2501530349254608,-0.18154989182949066,0.07643687725067139,0.23256482183933258,-0.32550856471061707,0.5065900087356567,-0.05849780887365341,-0.09858599305152893,0.027518125250935555,0.2107878476381302,-0.3112788200378418,0.09301609545946121,0.42784735560417175,-0.4533298909664154,0.22468166053295135,0.15312017500400543,-0.07534300535917282,0.06905718892812729,-1.0039051403509802e-06,0.02408912591636181,-0.0003838072589132935,7.008435431998805e-07,-1.915794427986839e-06,-2.8811284209950827e-05,-0.0006612741271965206,2.3129124641418457,-0.2078767716884613,-0.017214875668287277,0.006088695023208857,-0.03198881074786186,0.007383172865957022,0.00035401314380578697,-0.05063581094145775,-0.017199812456965446
452,-0.000688535044901073,0.0004664099542424083,0.011148842051625252,0.03430405259132385,0.0620463602244854,0.06582386046648026,0.045752353966236115,0.028877675533294678,0.011238938197493553,-0.0005354451132006943,-0.005301289260387421,-0.006178325042128563,-0.008506011217832565,-0.011839193291962147,-0.014210878871381283,-0.01739771105349064,-0.019203033298254013,-0.01722891815006733,-0.024050557985901833,-0.02902350015938282,-0.03807104378938675,-0.050061095505952835,-0.035223495215177536,-0.03786757215857506,-0.040420908480882645,-0.02236867882311344,-0.031105462461709976,-0.020795801654458046,-0.025088677182793617,-0.028593184426426888,-0.0527515672147274,-0.04677661135792732,-0.03724651038646698,-0.03225209191441536,-0.03487782180309296,-0.059705134481191635,-0.10394711047410965,-0.12746231257915497,-0.13229186832904816,-0.0983157753944397,-0.10493926703929901,-0.11365491151809692,-0.11986558884382248,-0.10629849880933762,-0.19164183735847473,-0.10781938582658768,-0.06043156981468201,0.004995099268853664,0.06590534746646881,0.10226719826459885,0.15742947161197662,0.0774010419845581,0.018268553540110588,-0.0102876927703619,-0.040302421897649765,-0.025668680667877197,-0.052961934357881546,-0.03809262067079544,-0.050717297941446304,-0.07527203857898712,-0.023765746504068375,-0.043394796550273895,-0.07537024468183517,0.0026927294675260782,-0.03349564969539642,-0.06534158438444138,0.04874909669160843,-0.005359181202948093,-0.08616894483566284,0.02422506734728813,0.003956010099500418,-0.01641097664833069,-0.008058009669184685,-0.013032527640461922,0.006467380560934544,-0.008047463372349739,0.032384127378463745,-0.024167299270629883,-0.006755763199180365,0.014942658133804798,-0.0225002970546484,0.030893171206116676,-0.012351009994745255,0.019583361223340034,0.022300316020846367,-0.10226476192474365,0.04000655189156532,-0.0666799396276474,0.15558069944381714,-0.11866378039121628,0.027072327211499214,0.04329788684844971,0.10026290267705917,-0.07057886570692062,-0.03826515004038811,0.03029228001832962,-0.046787675470113754,0.2067834734916687,0.02616763487458229,0.04547188803553581,-0.255298376083374,0.1586785465478897,0.07117274403572083,-0.11842992156744003,-0.03734060749411583,0.36377662420272827,-0.1755489706993103,0.09651240706443787,-0.11427278071641922,0.24200381338596344,-0.17688624560832977,0.23319800198078156,-0.16196194291114807,-0.014175444841384888,0.08384077250957489,0.07998901605606079,-0.18824651837348938,0.2769891619682312,-0.3202476501464844,0.10374760627746582,0.007093246094882488,0.24375462532043457,-0.04106874391436577,-0.24500177800655365,-0.1683162897825241,0.08921673893928528,0.18347355723381042,-0.4567122757434845,0.6234013438224792,-0.09654523432254791,-0.1876547634601593,0.03582986816763878,0.22605539858341217,-0.38652849197387695,0.13851554691791534,0.3689720630645752,-0.440982848405838,0.16824400424957275,0.18016734719276428,-0.07407545298337936,0.05902086943387985,-1.0043278280136292e-06,0.0229115579277277,-0.00036349412403069437,8.726919986656867e-07,-2.220304850197863e-06,-3.016533810296096e-05,-0.0007863008067943156,2.3516933917999268,-0.20831100642681122,-0.020310744643211365,0.01297045685350895,-0.023895563557744026,0.04655032232403755,-0.011806092225015163,-0.05142255127429962,0.004887211136519909
453,-0.0009346259757876396,-0.00501865241676569,-0.009661230258643627,-0.009449662640690804,-0.013554198667407036,-0.011124039068818092,-0.008303964510560036,-0.006949097383767366,-0.006182416342198849,-0.006342750042676926,-0.0017837363993749022,0.005246152635663748,0.02361864596605301,0.06836104393005371,0.12094170600175858,0.14774732291698456,0.11219257116317749,0.055599670857191086,0.016124365851283073,-0.010632054880261421,-0.02570512145757675,-0.029710622504353523,-0.004287376068532467,0.025786323472857475,0.05993852764368057,0.04332767799496651,0.05426064506173134,0.02389480359852314,0.0066396393813192844,-0.005326552782207727,-0.0067077865824103355,0.008935444988310337,0.0178902018815279,0.018484802916646004,0.009590892121195793,-0.010842700488865376,-0.033113982528448105,-0.031101077795028687,-0.011865506879985332,0.007765961345285177,0.012287192977964878,-0.0017414772883057594,-0.03349899500608444,-0.05750191956758499,-0.1038988009095192,-0.0340050533413887,0.020748214796185493,0.05893915146589279,0.079688161611557,0.046137746423482895,0.03544046729803085,0.005485832691192627,0.0033203596249222755,0.014595035463571548,0.043826863169670105,0.03054039739072323,0.05053547024726868,0.034004420042037964,0.030175186693668365,0.01585809886455536,-0.003302232129499316,-0.011989612132310867,-0.02765389159321785,9.739281085785478e-05,-0.015927452594041824,-0.023353999480605125,0.023954233154654503,-0.015072759240865707,0.025909360498189926,-0.016981787979602814,0.03675718232989311,0.06991018354892731,0.020954081788659096,0.020526356995105743,-0.0026393497828394175,-0.015351435169577599,0.024767043069005013,0.003615046152845025,0.059983983635902405,-0.015189495868980885,-0.050678934901952744,0.06917998939752579,-0.0287972092628479,-0.021387049928307533,-0.021014247089624405,-0.013987304642796516,-0.017517821863293648,0.015850329771637917,-0.05334583297371864,0.0023445396218448877,-0.019556799903512,0.01667202264070511,-0.024544760584831238,-0.016491375863552094,-0.021758276969194412,-0.06929288804531097,-0.030910741537809372,-0.032137658447027206,-0.04404408112168312,-0.03228229284286499,-0.01585487462580204,-0.09748891741037369,-0.12446632981300354,0.005708977114409208,-0.03986846283078194,-0.12106133997440338,-0.01709948480129242,-0.047464076429605484,-0.11470654606819153,0.03162042796611786,0.012051248922944069,0.06306900084018707,0.006604018621146679,0.020044835284352303,-0.045340556651353836,-0.03162110596895218,-0.06895344704389572,-0.03983137384057045,0.012035194784402847,0.020581083372235298,0.06303060799837112,-0.22038328647613525,0.045441918075084686,0.02844274416565895,0.2525463402271271,0.020999038591980934,0.04269827902317047,0.2763383090496063,-0.3776976466178894,-0.10031089186668396,0.04320482164621353,0.03993367776274681,0.1181197315454483,0.19813236594200134,0.023855434730648994,-0.40853768587112427,0.343539834022522,-0.1924465000629425,0.13589918613433838,-0.027448728680610657,0.04127883166074753,-5.5055927816738404e-08,-0.034730181097984314,-3.36353259626776e-05,-2.3290831450140104e-06,-2.4966172418317e-07,8.202383469324559e-06,2.7941898224526085e-05,0.13257408142089844,0.1306103765964508,0.03481985628604889,-0.0004566296120174229,0.009927707724273205,0.02636757120490074,0.0313718244433403,0.04861325025558472,0.023709625005722046
454,-0.0012287443969398737,-0.006108312401920557,-0.013293695636093616,-0.017021702602505684,-0.01926383748650551,-0.015758635476231575,-0.011309979483485222,-0.010165640152990818,-0.008865512907505035,-0.009698975831270218,-0.007735127583146095,-0.006720076315104961,-0.008697601035237312,-0.012190762907266617,-0.014813932590186596,-0.018224967643618584,-0.019847525283694267,-0.018712583929300308,-0.026157787069678307,-0.030241861939430237,-0.0394432358443737,-0.051581550389528275,-0.035926513373851776,-0.03830397129058838,-0.04120233282446861,-0.022848201915621758,-0.03135498985648155,-0.02031143195927143,-0.020986372604966164,-0.017937013879418373,-0.021529020741581917,-0.015940235927700996,-0.017189115285873413,-0.02320733666419983,-0.028417501598596573,-0.03175027668476105,-0.014361349865794182,0.017152534797787666,0.0330481193959713,0.016775911673903465,0.00214123516343534,-0.027342310175299644,-0.061650652438402176,-0.08491303771734238,-0.19028371572494507,-0.13796104490756989,-0.12198016047477722,-0.0898464173078537,-0.08569733798503876,-0.06461160629987717,-0.09324344247579575,-0.0646464079618454,-0.05604292079806328,-0.04580078274011612,-0.06361428648233414,-0.03071204572916031,-0.05698547884821892,-0.04326411709189415,-0.0571194551885128,-0.08334420621395111,-0.02996009960770607,-0.045069605112075806,-0.07558833807706833,0.0037937958259135485,-0.022905878722667694,-0.05807084962725639,0.055764418095350266,-0.010816041380167007,-0.09766483306884766,0.020820029079914093,0.0004121103847865015,-0.025226987898349762,-0.044451210647821426,-0.16801588237285614,-0.026822546496987343,-0.017396628856658936,0.06622285395860672,-0.022574156522750854,-0.0031120125204324722,0.017228497192263603,-0.01820085011422634,0.038807883858680725,-0.008165795356035233,0.03324376046657562,0.04019494354724884,-0.12931972742080688,0.029999857768416405,-0.07203124463558197,0.14636801183223724,-0.13867518305778503,0.04706954583525658,0.06168416514992714,0.16952815651893616,-0.08034837245941162,-0.11206694692373276,0.12631545960903168,-0.04525750130414963,0.3499743640422821,0.00261679501272738,0.04161367565393448,-0.2691175937652588,0.1450573354959488,0.059676703065633774,-0.11132559925317764,-0.02733391895890236,0.32260164618492126,-0.20589612424373627,0.08373665809631348,-0.1298837512731552,0.272222101688385,-0.16680747270584106,0.25366413593292236,-0.10595835745334625,0.01976420171558857,0.04683463275432587,0.08407945930957794,-0.17412802577018738,0.31244027614593506,-0.33037644624710083,0.10481154918670654,0.029937727376818657,0.2803872227668762,-0.04653644189238548,-0.18890482187271118,-0.14160136878490448,0.06758744269609451,0.24822475016117096,-0.3084425926208496,0.5715365409851074,-0.03764466568827629,-0.13502173125743866,0.04955272376537323,0.22627796232700348,-0.2955406606197357,0.07223065197467804,0.46231213212013245,-0.4411521255970001,0.21534450352191925,0.16617710888385773,-0.06355967372655869,0.08158490061759949,-4.1125957750409725e-07,0.029518768191337585,0.00025421418831683695,3.489471282591694e-06,-3.6852063090009324e-07,1.583069570187945e-05,0.0002905352448578924,2.838858127593994,-0.3556683361530304,-0.016407150775194168,-0.00013217184459790587,0.06914118677377701,-0.02178904600441456,-0.005749341566115618,0.06661365926265717,-0.04972965642809868
455,0.0014530690386891365,0.005632312968373299,0.006934894248843193,0.0020937209483236074,-0.005316940601915121,-0.009448742493987083,-0.00914345309138298,-0.009399330243468285,-0.008469399064779282,-0.009346980601549149,-0.007556404452770948,-0.006422816775739193,-0.008350199088454247,-0.011490164324641228,-0.014046067371964455,-0.017155608162283897,-0.0184571985155344,-0.016506226733326912,-0.020715540274977684,-0.02030753903090954,-0.017056655138731003,-0.007568499073386192,0.0015427232719957829,0.0001515420008217916,-0.011466078460216522,-0.013301548548042774,-0.02517811395227909,-0.019600223749876022,-0.023975396528840065,-0.028531406074762344,-0.05648139864206314,-0.0553520992398262,-0.052469100803136826,-0.05492096394300461,-0.0622987374663353,-0.0916990339756012,-0.11535777151584625,-0.10023356229066849,-0.08216135203838348,-0.05756930261850357,-0.06004977971315384,-0.06793255358934402,-0.06912332028150558,-0.06455329805612564,-0.13382171094417572,-0.09886209666728973,-0.09966079890727997,-0.0780467614531517,-0.07444614171981812,-0.058168165385723114,-0.0854344516992569,-0.05981069803237915,-0.04924950376152992,-0.042959168553352356,-0.05879165977239609,-0.027699926868081093,-0.046803928911685944,-0.034045781940221786,-0.0386076346039772,-0.05094488337635994,-0.01623859442770481,-0.03382058069109917,-0.05665998533368111,0.001496191369369626,-0.025360871106386185,-0.05257904902100563,0.04057642072439194,-0.003660322865471244,-0.08912679553031921,0.030046481639146805,0.006020129192620516,-0.013601765967905521,-0.040630169212818146,-0.17784945666790009,-0.021318022161722183,-0.011860677972435951,0.06423908472061157,-0.020686987787485123,-0.010098017752170563,-0.02779334783554077,-0.055433887988328934,0.02219172939658165,-0.034315284341573715,-0.008102486841380596,-0.0025146922562271357,-0.06883302330970764,0.035470038652420044,-0.048145294189453125,0.14084282517433167,-0.13075006008148193,0.0431814007461071,0.058875370770692825,0.15608590841293335,-0.08718199282884598,-0.08007758110761642,0.10061374306678772,-0.06645113229751587,0.3010135293006897,0.016271911561489105,0.03209785372018814,-0.2534399926662445,0.13894523680210114,0.06526444107294083,-0.10548388957977295,-0.023377317935228348,0.33655232191085815,-0.20612525939941406,0.1312715858221054,-0.14379659295082092,0.3142758309841156,-0.3757784068584442,0.20099274814128876,-0.2642328441143036,-0.033149488270282745,0.0896153375506401,0.1217256560921669,-0.2097337245941162,0.43271583318710327,-0.38979673385620117,0.09517014771699905,0.010378899052739143,0.2601722478866577,-0.04092501103878021,-0.16336749494075775,-0.07292481511831284,0.04673563316464424,0.21353904902935028,-0.30600419640541077,0.5323338508605957,-0.06095929071307182,-0.12884140014648438,0.007305439095944166,0.23169909417629242,-0.3579314053058624,0.14229008555412292,0.4071386456489563,-0.4276933968067169,0.18169069290161133,0.1578103005886078,-0.033907193690538406,0.07595668733119965,1.6428157323389314e-06,-0.007077456451952457,0.0006769087631255388,9.226117754224106e-07,4.606810932727967e-07,6.0500340623548254e-05,0.0016520951176062226,2.3586323261260986,-0.44084563851356506,-0.042092569172382355,0.026094626635313034,-0.031093306839466095,0.031471434980630875,-0.050661928951740265,-0.06642520427703857,0.014561614952981472
456,-0.001020435825921595,-0.004877186845988035,-0.008912363089621067,-0.00961726251989603,-0.014229881577193737,-0.011275243014097214,-0.008989766240119934,-0.007490816991776228,-0.006428670138120651,-0.007485232315957546,-0.0054498957470059395,-0.004849778488278389,-0.005906987935304642,-0.009977005422115326,-0.0091501260176301,-0.007104993332177401,0.004160851240158081,0.01996028982102871,0.05661657080054283,0.0920581966638565,0.14118975400924683,0.15245544910430908,0.08432178199291229,0.03296300396323204,-0.006509179715067148,-0.015313459560275078,-0.026610447093844414,-0.019475139677524567,-0.020962603390216827,-0.025814609602093697,-0.04770258814096451,-0.048470959067344666,-0.043695539236068726,-0.05274662747979164,-0.06551080197095871,-0.09597676247358322,-0.13276849687099457,-0.11135993152856827,-0.09791449457406998,-0.04229335859417915,0.018816158175468445,0.1042415201663971,0.1927088052034378,0.2029271125793457,0.2656280994415283,0.06523106247186661,-0.012050841003656387,-0.0456562265753746,-0.05457325279712677,-0.041639700531959534,-0.07645139843225479,-0.05416407436132431,-0.03959636390209198,-0.03357933461666107,-0.05497793108224869,-0.026323659345507622,-0.05014299228787422,-0.02309204824268818,-0.034522466361522675,-0.03920620679855347,-0.006367340683937073,-0.02144060656428337,-0.05553194507956505,-0.0002889887255150825,-0.009752891957759857,-0.032735735177993774,0.057874321937561035,0.002350594149902463,-0.06792357563972473,0.022832999005913734,0.00044429258559830487,-0.02631450444459915,0.005023747216910124,-0.1673683524131775,0.012251476757228374,0.005273365881294012,0.14477533102035522,-0.1611531525850296,-0.21046338975429535,0.132093608379364,0.001357193337753415,0.4627174139022827,0.05359150841832161,-0.5384282469749451,-0.15699812769889832,1.0377265214920044,-0.31336328387260437,0.07338369637727737,-0.2769438326358795,-0.014196096919476986,-0.010055536404252052,0.04316481202840805,0.10699043422937393,-0.0803360641002655,-0.11794015020132065,0.0841042622923851,-0.08619821071624756,0.3354676365852356,0.09388373047113419,0.07354729622602463,-0.0669768676161766,-0.37280428409576416,-0.37350964546203613,0.5845610499382019,-0.10699737071990967,-0.7703018188476562,0.005624552723020315,-0.036907508969306946,-0.07263968139886856,0.3109734058380127,-0.29531970620155334,0.33906450867652893,-0.1025109589099884,-0.006183795630931854,0.2995937764644623,0.09369709342718124,-0.21749816834926605,0.5093222260475159,-0.36078765988349915,0.08907061070203781,0.18457703292369843,0.25604888796806335,0.03155186399817467,-0.1586640477180481,-0.008740732446312904,-0.06032334640622139,0.1284227967262268,-0.04131774604320526,0.24601970613002777,0.003221633844077587,0.03640394285321236,-0.036890167742967606,0.36695101857185364,-0.2491656392812729,0.1123451218008995,0.021367115899920464,0.021789750084280968,-0.5340471267700195,0.3572195768356323,-0.12524279952049255,0.01018175482749939,9.714245408076749e-08,0.034914273768663406,0.0002037259837379679,5.822236289532157e-06,-1.5008839682195685e-07,-7.1809090513852425e-06,0.0007962352246977389,0.6595882773399353,0.13666275143623352,-0.012775769457221031,-0.0032312918920069933,0.020831583067774773,0.019894078373908997,-0.0411299429833889,-0.03131953626871109,0.0009272630559280515
457,-0.001433372381143272,-0.006520763970911503,-0.01371495146304369,-0.017622889950871468,-0.019785623997449875,-0.016051998361945152,-0.011376261711120605,-0.010145638138055801,-0.008916672319173813,-0.009828890673816204,-0.007833186537027359,-0.0067864153534173965,-0.008744041435420513,-0.012286252342164516,-0.014806238934397697,-0.01818975806236267,-0.019933899864554405,-0.018770910799503326,-0.026171226054430008,-0.03021346591413021,-0.039877668023109436,-0.05214083567261696,-0.03625057265162468,-0.03858451545238495,-0.041643813252449036,-0.023271623998880386,-0.0321662612259388,-0.021801648661494255,-0.02484794706106186,-0.02444971539080143,-0.03452710062265396,-0.019224517047405243,-0.004648793954402208,0.0056936731562018394,0.009098758921027184,0.016537921503186226,0.028802206739783287,0.03439697250723839,0.0241901446133852,-0.004550484474748373,-0.028413672000169754,-0.06017057225108147,-0.08622194826602936,-0.09783246368169785,-0.20085382461547852,-0.14307764172554016,-0.12454721331596375,-0.0916505977511406,-0.08750852197408676,-0.06471510231494904,-0.09400074928998947,-0.06571128219366074,-0.05515117570757866,-0.04572984576225281,-0.06382354348897934,-0.031103581190109253,-0.05834254249930382,-0.04557866230607033,-0.058255985379219055,-0.08546199649572372,-0.033479608595371246,-0.0448053777217865,-0.07771196961402893,0.0036862508859485388,-0.02389667183160782,-0.05978704243898392,0.05561309680342674,-0.012476074509322643,-0.10355867445468903,0.013992858119308949,-0.001535508199594915,-0.02190789021551609,-0.03296852111816406,-0.11259343475103378,-0.011624341830611229,-0.009417262859642506,0.04602218046784401,-0.026166116818785667,-0.007949037477374077,0.01995842531323433,-0.012842408381402493,0.022022990509867668,-0.009273302741348743,0.03466043993830681,0.04799845442175865,-0.14103315770626068,0.030819937586784363,-0.08377252519130707,0.13727526366710663,-0.14423926174640656,0.04367540404200554,0.05457029864192009,0.17745281755924225,-0.07984770089387894,-0.10602004081010818,0.1258312165737152,-0.05593546852469444,0.33148127794265747,0.00882049836218357,0.029932959005236626,-0.2672176957130432,0.14905039966106415,0.05980970710515976,-0.12194845080375671,-0.03490456938743591,0.29417452216148376,-0.1970842331647873,0.0364658422768116,-0.11488892138004303,0.21243247389793396,-0.11413270980119705,0.2418753057718277,-0.08644691854715347,0.01433616504073143,0.026291441172361374,0.08302127569913864,-0.18016478419303894,0.4124702215194702,-0.4593414068222046,0.04662705212831497,-0.010073463432490826,0.3162584900856018,-0.0378170870244503,-0.18314258754253387,-0.12857995927333832,0.06576261669397354,0.23488213121891022,-0.31089887022972107,0.567999005317688,-0.04109125956892967,-0.12641139328479767,0.042685508728027344,0.2082943171262741,-0.2956201434135437,0.053352274000644684,0.45498427748680115,-0.4210854768753052,0.24384376406669617,0.16528013348579407,-0.06942778080701828,0.06999722123146057,-8.479109396830609e-07,0.034167878329753876,0.00013146134733688086,4.1409766708966345e-06,-9.942966698872624e-07,-1.2638161933864467e-05,-7.280177669599652e-05,2.918692111968994,-0.3385927081108093,-0.031771719455718994,-0.0018699654610827565,0.0745597556233406,-0.028532570227980614,-0.014091272838413715,-0.04224301129579544,-0.06100349873304367
458,-0.0007865717634558678,-0.0035992369521409273,-0.003758140141144395,0.00014823870151303709,0.0075484029948711395,0.013370451517403126,0.013834241777658463,0.015026319772005081,0.013646773993968964,0.014161556959152222,0.006885766051709652,0.004534667357802391,0.006339699495583773,0.011811194010078907,0.01592303439974785,0.01328596193343401,0.0052753714844584465,0.0009141270420514047,0.0020426916889846325,0.008271700702607632,0.021743224933743477,0.04984878748655319,0.04646417498588562,0.05088246986269951,0.04049788787961006,0.011028027161955833,0.0045438227243721485,0.002557979663833976,0.009796199388802052,0.023290855810046196,0.06989003717899323,0.083583764731884,0.07320412248373032,0.05942782014608383,0.04626448452472687,0.034233011305332184,0.04132247716188431,0.0464542992413044,0.04912729188799858,0.027609875425696373,0.009695630520582199,-0.009178959764540195,-0.021649712696671486,-0.022278761491179466,-0.00617565494030714,0.04231289029121399,0.09554314613342285,0.12497127056121826,0.15435262024402618,0.0994172990322113,0.13820672035217285,0.08039570599794388,0.08305481821298599,0.0733497366309166,0.09863390028476715,0.04437057301402092,0.047020308673381805,0.022873740643262863,0.015949884429574013,0.02285085618495941,0.014868835918605328,0.042179130017757416,0.06018267199397087,0.00039949637721292675,-0.0003611576394177973,-0.00866700615733862,-0.008399545215070248,-0.01768573746085167,0.005088290199637413,-0.014255492016673088,0.0006593901198357344,0.011261028237640858,0.005201123654842377,0.021107135340571404,0.018995365127921104,0.018325557932257652,-0.09270689636468887,0.12631136178970337,0.11348391324281693,-0.020858947187662125,-0.032256536185741425,0.04683569073677063,-0.03211158886551857,-0.058131057769060135,-0.12065843492746353,0.19486619532108307,-0.0791037455201149,0.07062596082687378,-0.07723069936037064,0.0057607050985097885,-0.006225047633051872,0.02543823793530464,-0.16359274089336395,0.04365551471710205,0.04052054509520531,-0.12683963775634766,-0.02155236341059208,-0.28981539607048035,-0.08355149626731873,-0.14632977545261383,0.34370389580726624,-0.342688649892807,-0.2309287190437317,0.046182360500097275,-0.05278761684894562,-0.20309551060199738,0.1479763388633728,-0.12432265281677246,-0.12332771718502045,-0.19806334376335144,0.2714061439037323,-0.1018303856253624,0.04113377630710602,-0.0020326769445091486,-0.09117384254932404,-0.2310219556093216,0.35014796257019043,-0.7454766631126404,0.49327167868614197,-0.041716303676366806,-0.031033078208565712,-0.4567309021949768,0.0728280320763588,0.26580244302749634,0.44342172145843506,0.12363188713788986,-0.18416845798492432,0.4939444065093994,-0.6441872119903564,-0.08883073180913925,0.04360673576593399,0.04813909903168678,-0.16639085114002228,0.8440302610397339,-0.03082495927810669,-0.9190115332603455,0.7172453999519348,-0.38688918948173523,0.11063216626644135,0.052355244755744934,0.02744143269956112,1.2496086299051967e-07,-0.04762210324406624,-0.00027978073921985924,-3.3566095680725994e-06,9.14217309855303e-07,-2.333051452296786e-05,-0.00041362500633113086,-1.2633851766586304,0.2323382943868637,0.04437059536576271,-0.004598292987793684,-0.018051384016871452,0.03628908842802048,0.03930216655135155,0.045818932354450226,0.04288708418607712
459,-0.0008833323954604566,-0.0025881710462272167,-0.0014067310839891434,0.00430024228990078,0.012179668061435223,0.015683140605688095,0.01480226032435894,0.016370924189686775,0.016508780419826508,0.014982881024479866,0.006809647660702467,0.0005628149374388158,-0.004407157190144062,-0.00993355456739664,-0.013643176294863224,-0.017383871600031853,-0.018993409350514412,-0.017370210960507393,-0.02401922270655632,-0.028721531853079796,-0.037202417850494385,-0.0491955541074276,-0.034740597009658813,-0.03695095703005791,-0.03987060859799385,-0.022249873727560043,-0.030954787507653236,-0.020918386057019234,-0.023513657972216606,-0.024562381207942963,-0.037273190915584564,-0.02732744812965393,-0.020925089716911316,-0.024424443021416664,-0.03928231820464134,-0.07795484364032745,-0.12260058522224426,-0.12425751239061356,-0.1055266410112381,-0.06557587534189224,-0.06323755532503128,-0.07502567768096924,-0.08963724225759506,-0.09476594626903534,-0.1862243264913559,-0.1185821145772934,-0.09558923542499542,-0.05681846663355827,-0.04144172742962837,-0.025239143520593643,-0.037748102098703384,-0.026301488280296326,-0.022905681282281876,-0.019744718447327614,-0.028997335582971573,-0.0165905449539423,-0.02906530164182186,-0.024636436253786087,-0.0363815575838089,-0.060263294726610184,-0.022400090470910072,-0.04103879630565643,-0.07277197390794754,0.004866610746830702,-0.028977537527680397,-0.05208193510770798,0.030621308833360672,-0.010987343266606331,-0.07800151407718658,-0.0033314242027699947,-0.0014956662198528647,-0.016347194090485573,-0.021611878648400307,-0.13147762417793274,-0.01307159848511219,-0.00511283241212368,0.061782997101545334,-0.025152239948511124,-0.008353888057172298,0.0028990497812628746,-0.02938905358314514,0.03107435442507267,-0.02257368713617325,0.01368105411529541,0.022346049547195435,-0.096592478454113,0.039312295615673065,-0.05094053968787193,0.12420542538166046,-0.1306886225938797,0.02674250118434429,0.05123034864664078,0.15504510700702667,-0.06857632100582123,-0.08212356269359589,0.10735855251550674,-0.06281065195798874,0.3169599175453186,0.017279140651226044,0.0458514429628849,-0.2502332329750061,0.13056595623493195,0.05043426528573036,-0.10541344434022903,-0.021370159462094307,0.22519764304161072,-0.20297551155090332,0.06113477423787117,-0.11739018559455872,0.29241761565208435,-0.2605733275413513,0.22375474870204926,-0.17602328956127167,-0.0221429280936718,0.07939736545085907,0.10749977082014084,-0.216238334774971,0.46108514070510864,-0.42307883501052856,0.09211806952953339,0.02505262941122055,0.26290208101272583,-0.03438730165362358,-0.19036726653575897,-0.11175376176834106,0.04072490707039833,0.19093245267868042,-0.3641488552093506,0.5759694576263428,-0.08005450665950775,-0.14542917907238007,0.019810454919934273,0.24409973621368408,-0.36041730642318726,0.11394844204187393,0.42062437534332275,-0.4227697551250458,0.19886977970600128,0.1655711829662323,-0.04588639363646507,0.06112123280763626,-8.730392551115074e-07,0.004830883350223303,-9.671734733274207e-05,2.6334488367751874e-08,-7.570311595372914e-07,-1.1176022781000938e-05,1.0546829116719891e-06,2.346226930618286,-0.29251956939697266,-0.03506708890199661,0.011382526718080044,-0.02314103953540325,0.040075238794088364,-0.028075790032744408,-0.058156587183475494,-0.0313621461391449
460,-0.000933451228775084,-0.005331725813448429,-0.009793920442461967,-0.010319446213543415,-0.013751625083386898,-0.0116192065179348,-0.007772831246256828,-0.005144487600773573,-0.0011836900375783443,0.004954127129167318,0.008700455538928509,0.012048776261508465,0.017988884821534157,0.02707851491868496,0.034176718443632126,0.03919157385826111,0.03856411948800087,0.03651854395866394,0.04592534527182579,0.05157897248864174,0.07148786634206772,0.10790219902992249,0.07827720046043396,0.07819033414125443,0.06884746253490448,0.029422564432024956,0.03526118025183678,0.0248812697827816,0.030468802899122238,0.033733002841472626,0.05553809180855751,0.033719707280397415,0.01064333226531744,-0.0057623195461928844,-0.020396234467625618,-0.04285756126046181,-0.06250613182783127,-0.05538366362452507,-0.04864300414919853,-0.03557387366890907,-0.036127280443906784,-0.0409436859190464,-0.04008589684963226,-0.03504042327404022,-0.038872186094522476,7.967254350660369e-05,0.03194592893123627,0.055039361119270325,0.07819013297557831,0.06287776678800583,0.09630506485700607,0.05047110468149185,0.03840111196041107,0.027191288769245148,0.03359100595116615,0.012634835205972195,0.015834763646125793,0.006908107548952103,0.0009798553073778749,-0.0024084511678665876,-0.005265624728053808,-0.01019571628421545,-0.020028579980134964,-0.005326457321643829,-0.012971178628504276,-0.017491519451141357,0.006185009144246578,-0.013337627984583378,-0.03311416134238243,-0.015302896499633789,-0.007716235239058733,-0.0018669543787837029,0.004725169390439987,0.037379197776317596,0.023086458444595337,0.007906570099294186,-0.046885546296834946,0.05098311975598335,0.0708724781870842,-0.025508517399430275,-0.03398129716515541,0.06183689087629318,-0.030573906376957893,-0.06638649851083755,-0.09674336761236191,0.07938609272241592,-0.04259944707155228,0.021641599014401436,-0.05818989500403404,-0.023914316669106483,-0.01873144879937172,0.025530964136123657,-0.029600828886032104,-0.025739967823028564,-0.015349633060395718,-0.028466766700148582,-0.03878078609704971,-0.09348500519990921,-0.0681222677230835,-0.08469734340906143,0.0739489272236824,-0.1147027537226677,-0.10235114395618439,-0.016751162707805634,-0.024540530517697334,-0.08714774250984192,-0.01057520229369402,-0.06796929240226746,-0.10038691014051437,0.041282687336206436,0.00912176351994276,0.09694631397724152,-0.04730380326509476,2.4428429242107086e-05,-0.06595787405967712,-0.07516852021217346,0.030142124742269516,-0.24819503724575043,0.12996527552604675,-0.01022979523986578,0.023713694885373116,-0.20014281570911407,-0.004700794816017151,0.07932207733392715,0.16923795640468597,0.010677286423742771,0.06863851100206375,0.15988798439502716,-0.22297202050685883,-0.08039658516645432,0.10145514458417892,0.042956579476594925,0.06713251024484634,0.33009302616119385,0.05989629775285721,-0.3225255608558655,0.21761171519756317,-0.17512647807598114,0.13348636031150818,0.014402574859559536,0.0477483831346035,-8.0397128954246e-09,-0.05423784255981445,-0.0002779258938971907,-3.660265747384983e-06,5.91682976391894e-07,-1.1565331078600138e-05,-0.00045936694368720055,0.008377481251955032,0.13133463263511658,0.03363433852791786,-0.00038920328370295465,-0.0007692474173381925,0.03266535699367523,0.0274237971752882,0.039635010063648224,0.037396568804979324
461,-0.0012483253376558423,-0.004707150626927614,-0.006129731424152851,0.0013329611392691731,0.019358031451702118,0.034486740827560425,0.03388968110084534,0.028853336349129677,0.01599438302218914,0.004258936736732721,-0.0032670991495251656,-0.005488777533173561,-0.008257271721959114,-0.011801907792687416,-0.014336547814309597,-0.017676450312137604,-0.019238678738474846,-0.017496520653367043,-0.024163726717233658,-0.02921605296432972,-0.03777560964226723,-0.0497000478208065,-0.03514932841062546,-0.03749467432498932,-0.040403928607702255,-0.02245374396443367,-0.03120476007461548,-0.021074265241622925,-0.024894580245018005,-0.02817380614578724,-0.0510513000190258,-0.04408598318696022,-0.03342493250966072,-0.027027901262044907,-0.02683379501104355,-0.03986847773194313,-0.060328591614961624,-0.06887185573577881,-0.078464575111866,-0.06950918585062027,-0.0850522443652153,-0.10280720144510269,-0.11328308284282684,-0.10604114830493927,-0.2034812867641449,-0.13200965523719788,-0.11431452631950378,-0.07790707796812057,-0.05872567370533943,-0.023577546700835228,0.00414801761507988,0.02329699881374836,0.013486364856362343,0.001648923847824335,-0.020649058744311333,-0.019846079871058464,-0.04637817665934563,-0.0376349538564682,-0.051124610006809235,-0.07676942646503448,-0.02254064567387104,-0.0408787801861763,-0.07349029928445816,0.007308038417249918,-0.026624364778399467,-0.060951631516218185,0.049665436148643494,-0.006808283273130655,-0.08756275475025177,0.013898137956857681,-0.0017232653917744756,-0.01581566222012043,-0.014828975312411785,-0.07035495340824127,-0.0047092740423977375,-0.0074151731096208096,0.049239758402109146,-0.02177753672003746,-0.005382690113037825,0.011775396764278412,-0.024690626189112663,0.03848307952284813,-0.021610138937830925,0.0005506358575075865,0.004638370126485825,-0.08326924592256546,0.03638121858239174,-0.06034857779741287,0.1521994024515152,-0.1305210143327713,0.038071151822805405,0.05953805521130562,0.17837494611740112,-0.0706152394413948,-0.0927315279841423,0.1041182354092598,-0.0511234775185585,0.24261361360549927,0.003012768691405654,0.033890169113874435,-0.24409179389476776,0.15552918612957,0.06905908137559891,-0.11462140828371048,-0.037409622222185135,0.3567168116569519,-0.17560914158821106,0.08267456293106079,-0.10142339020967484,0.2682946026325226,-0.20447850227355957,0.23245371878147125,-0.16417331993579865,-0.012914457358419895,0.06957963854074478,0.11171796917915344,-0.19882066547870636,0.4464386999607086,-0.42003577947616577,0.08518605679273605,0.018227944150567055,0.26126107573509216,-0.036612145602703094,-0.2051592618227005,-0.1419929414987564,0.06782327592372894,0.1986115276813507,-0.3769374191761017,0.5815913081169128,-0.07138039171695709,-0.12155725061893463,0.034739572554826736,0.2223942130804062,-0.35096991062164307,0.12526145577430725,0.4554796814918518,-0.45253342390060425,0.23154474794864655,0.1598418802022934,-0.04093635827302933,0.07171100378036499,-4.2214159634568205e-07,0.0198945552110672,0.0005773272132501006,3.143743697364698e-06,-2.288823850449262e-07,3.512591138132848e-05,0.001737568061798811,2.705951690673828,-0.32376036047935486,-0.053432729095220566,0.011397755704820156,-0.018227161839604378,-0.0178122166544199,-0.02345881052315235,-0.07933396846055984,-0.06579659879207611
462,-0.0013014356372877955,-0.00615539588034153,-0.012602657079696655,-0.014038211666047573,-0.010188492946326733,0.0005349046550691128,0.008754707872867584,0.013048404827713966,0.010926852934062481,0.0052516404539346695,-0.0013461544876918197,-0.00449370127171278,-0.007852532900869846,-0.011969922110438347,-0.014752989634871483,-0.018297670409083366,-0.019929643720388412,-0.01852625422179699,-0.026149971410632133,-0.030402639880776405,-0.03977174311876297,-0.05183418095111847,-0.03630177676677704,-0.03871581330895424,-0.04164594039320946,-0.023175496608018875,-0.032252825796604156,-0.021904869005084038,-0.026347050443291664,-0.030183915048837662,-0.05756290256977081,-0.055181004106998444,-0.04609087109565735,-0.036036763340234756,-0.02008015289902687,0.009588861837983131,0.06050663813948631,0.08177541196346283,0.054697684943675995,-0.004387373104691505,-0.04630805924534798,-0.08546236157417297,-0.10913475602865219,-0.11166854202747345,-0.21169854700565338,-0.1432618945837021,-0.12446936964988708,-0.09095551818609238,-0.08601703494787216,-0.06292200833559036,-0.08854636549949646,-0.05597691237926483,-0.03938242048025131,-0.026773836463689804,-0.0355362594127655,-0.019867107272148132,-0.04290233179926872,-0.03799564763903618,-0.054121531546115875,-0.08099235594272614,-0.02957463636994362,-0.045127708464860916,-0.07881376147270203,0.004596723709255457,-0.025068262591958046,-0.05848326534032822,0.05197712406516075,-0.012644301168620586,-0.09633298963308334,0.015570339746773243,-0.00046543386997655034,-0.01657966338098049,-0.024435799568891525,-0.10527369379997253,-0.015109836123883724,-0.008758112788200378,0.05768311396241188,-0.027409110218286514,-0.005550378933548927,0.03256397321820259,-0.005793422926217318,0.026234649121761322,-0.015768736600875854,0.0016348541248589754,-0.009764030575752258,-0.06861508637666702,0.02355755865573883,-0.05922108516097069,0.13815268874168396,-0.138413205742836,0.04750513657927513,0.06239817664027214,0.17807655036449432,-0.08326414972543716,-0.1168833076953888,0.12609413266181946,-0.05476423352956772,0.34285277128219604,0.008492165245115757,0.04381336644291878,-0.25745636224746704,0.14618146419525146,0.06947645545005798,-0.1184704452753067,-0.03488243743777275,0.34733355045318604,-0.20806962251663208,0.0821252092719078,-0.12311755865812302,0.2567095160484314,-0.15642118453979492,0.2550146281719208,-0.0868857353925705,0.022709498181939125,0.021815236657857895,0.06406375020742416,-0.1894332766532898,0.3361299932003021,-0.376353919506073,0.08393149822950363,0.02523709274828434,0.27452749013900757,-0.056825537234544754,-0.1988881677389145,-0.14462214708328247,0.07250698655843735,0.24553105235099792,-0.40617966651916504,0.6125278472900391,-0.05265503749251366,-0.12762950360774994,0.054538726806640625,0.22336164116859436,-0.2854715883731842,0.08312684297561646,0.4423964321613312,-0.4316205680370331,0.22558005154132843,0.17649565637111664,-0.08097171038389206,0.07475060969591141,-1.193351295114553e-06,0.023543449118733406,4.3478645238792524e-05,2.666428372322116e-06,-1.2653973726628465e-06,-1.7165299141197465e-05,-0.0002083889121422544,2.8444771766662598,-0.2664143443107605,-0.017296597361564636,0.002639704616740346,-0.014696708880364895,-0.00043644238030537963,-0.00236617517657578,-0.048363298177719116,-0.04140644893050194
463,-0.0009988324018195271,-0.0055568628013134,-0.010127581655979156,-0.01048519741743803,-0.014116708189249039,-0.010756201110780239,-0.005455391947180033,-0.0005407926510088146,0.005252176895737648,0.011279964819550514,0.008799751289188862,0.004601870663464069,0.000985720893368125,-0.005488988943397999,-0.010769828222692013,-0.014313754625618458,-0.010096816346049309,0.003866293001919985,0.03417712450027466,0.08143877983093262,0.1587148755788803,0.25457891821861267,0.16303573548793793,0.1059599220752716,0.04079988971352577,-0.00261432072147727,-0.015374175272881985,-0.006155550014227629,0.009931625798344612,0.032736118882894516,0.08398856222629547,0.06948161125183105,0.02228483557701111,-0.014640429988503456,-0.048024050891399384,-0.09023283421993256,-0.13481222093105316,-0.13132798671722412,-0.12380141019821167,-0.0945981815457344,-0.09913601726293564,-0.11018653959035873,-0.10950083285570145,-0.11319122463464737,-0.1922994703054428,-0.12516145408153534,-0.10171391814947128,-0.04298437386751175,0.03731570020318031,0.12578803300857544,0.3959377408027649,0.354154109954834,0.3065217435359955,0.18511313199996948,0.11958461254835129,0.010499287396669388,-0.02358246222138405,-0.02272031642496586,-0.020945794880390167,-0.010698815807700157,-0.001276784692890942,-0.0021541044116020203,-0.0188051275908947,-0.00347793847322464,-0.017845751717686653,-0.03333904966711998,0.04520881921052933,-0.022969523444771767,-0.09308699518442154,-0.012093765661120415,-0.02214725874364376,-0.025949174538254738,-0.02685578726232052,-0.13776986300945282,-0.033810798078775406,-0.030440784990787506,0.047619033604860306,-0.05517412722110748,-0.01011931523680687,-0.03334473446011543,-0.08756254613399506,0.1566154509782791,0.08853905647993088,-0.1601203978061676,-0.07460825890302658,0.04616231098771095,0.010965918190777302,-0.0408056266605854,0.014903092756867409,-0.03047703579068184,-0.0545254610478878,-0.17576508224010468,-0.2629471719264984,-0.01874707266688347,-0.020412173122167587,0.04716706648468971,-0.060386449098587036,0.23334543406963348,-0.02310420200228691,-0.022843999788165092,0.028231075033545494,-0.0683988556265831,-0.0445672944188118,-0.05805736780166626,0.03836743161082268,0.32655322551727295,-0.33433693647384644,0.1562279462814331,-0.06900448352098465,0.2260761559009552,-0.01931363344192505,-0.04549358785152435,0.0861687883734703,0.15223993360996246,0.02241002768278122,-0.019032776355743408,-0.1245693787932396,0.26904767751693726,-0.22141745686531067,0.09485069662332535,0.03704433888196945,-0.328173965215683,0.2565997838973999,0.4933077394962311,0.30131441354751587,0.028848782181739807,0.19484592974185944,-0.2598942816257477,0.42390817403793335,-0.06488803029060364,0.078527070581913,-0.03540955111384392,0.1467040479183197,0.15144282579421997,0.127027228474617,0.23721249401569366,-0.4179312586784363,0.08826617896556854,0.18105041980743408,-0.05759182572364807,0.09005606174468994,1.938586891014893e-08,-0.006638819817453623,-0.00015450928185600787,-4.739673187259541e-08,8.444968671028619e-07,-2.8580252546817064e-05,-0.0002517719112802297,-0.6111637949943542,0.12324730306863785,0.013983746990561485,-0.004177601542323828,-0.0046489001251757145,0.0334896519780159,-0.0019584300462156534,0.004506133496761322,-0.003951024264097214
464,-0.0009795599617064,-0.005446184426546097,-0.00989412609487772,-0.010512643493711948,-0.014202620834112167,-0.011943954974412918,-0.008509171195328236,-0.0076261055655777454,-0.007030746433883905,-0.007911182940006256,-0.00619571004062891,-0.005163379479199648,-0.007229146547615528,-0.011347034014761448,-0.013040331192314625,-0.015640873461961746,-0.012616722844541073,-0.0017098118551075459,0.021149996668100357,0.061871543526649475,0.14126665890216827,0.2485933154821396,0.1715971827507019,0.12746813893318176,0.06508518755435944,0.013513920828700066,0.010257434099912643,0.01403054129332304,0.02935854159295559,0.04872964695096016,0.10375358164310455,0.08022374659776688,0.028792772442102432,-0.009610314853489399,-0.04345814883708954,-0.08730471134185791,-0.13295966386795044,-0.12708529829978943,-0.11880110949277878,-0.09380689263343811,-0.09584632515907288,-0.10764909535646439,-0.10763607919216156,-0.10724204778671265,-0.18983857333660126,-0.12243739515542984,-0.10828398913145065,-0.061827149242162704,-0.0034635544288903475,0.07826195657253265,0.311562716960907,0.3083646893501282,0.343498557806015,0.23310983180999756,0.17450396716594696,0.03006894886493683,-0.015055972151458263,-0.02590949833393097,-0.03221845626831055,-0.028012482449412346,-0.007603836245834827,-0.008994430303573608,-0.022482819855213165,-0.001408055191859603,-0.008831390179693699,-0.025388265028595924,0.06049639731645584,-0.011841234751045704,-0.11343027651309967,0.008278650231659412,-0.052832793444395065,-0.08162909746170044,-0.05632981285452843,-0.20458906888961792,-0.019940130412578583,-0.013040345162153244,0.06796041876077652,-0.04429871216416359,-0.01786840707063675,0.02224810980260372,-0.053405869752168655,0.0815052017569542,0.06834325194358826,-0.16321828961372375,-0.09814124554395676,0.10380923002958298,-0.04322751238942146,0.0018756033387035131,-0.05957600846886635,-0.0065309894271194935,-0.08949585258960724,-0.16292744874954224,-0.21723638474941254,-0.031064534559845924,-0.025178423151373863,0.016889404505491257,-0.03469374403357506,0.149209663271904,-0.01947779394686222,0.0025976861361414194,-0.1421196609735489,0.10563482344150543,0.04576724395155907,-0.08522841334342957,0.03693315386772156,0.3318132162094116,-0.3682410418987274,0.18663813173770905,-0.13088589906692505,0.3252646327018738,-0.2927197515964508,0.1222652867436409,0.03829740732908249,-0.03682693466544151,-0.4106546938419342,-0.20542603731155396,0.06481054425239563,-0.11122890561819077,-0.0007389693637378514,0.08815271407365799,0.030883684754371643,-0.3319712281227112,0.2962862253189087,0.4121180474758148,0.3097655773162842,0.02154473215341568,0.15670177340507507,-0.14801472425460815,0.290769100189209,-0.06796348839998245,0.03651021420955658,0.06612810492515564,0.1608167439699173,-0.1843680590391159,0.12742136418819427,0.3455134332180023,-0.4186036288738251,0.07325807958841324,0.156321719288826,-0.0010360036976635456,0.11434369534254074,-1.3400494047743905e-08,-0.0043402439914643764,0.00018147316586691886,9.921930086420616e-07,-3.039360763068544e-07,1.6151261661434546e-05,0.0004270042118150741,0.19064834713935852,0.10141587257385254,0.005447914358228445,-0.005585953127592802,0.028793862089514732,0.03166200593113899,0.0011679237941280007,0.005667735356837511,-0.0010809045052155852
465,-0.000707531173247844,-0.004802468698471785,-0.009230738505721092,-0.009419266134500504,-0.01178643386811018,-0.009960533119738102,-0.008084234781563282,-0.0068082865327596664,-0.0060927653685212135,-0.007607440929859877,-0.005315710324794054,-0.0056424629874527454,-0.006300964392721653,-0.009762018918991089,-0.013008594512939453,-0.01506337895989418,-0.016967879608273506,-0.01622050814330578,-0.02581077069044113,-0.026363829150795937,-0.03269118443131447,-0.04508208855986595,-0.028604261577129364,-0.03194229304790497,-0.03697573393583298,-0.0192414578050375,-0.02630976028740406,-0.019175872206687927,-0.021812114864587784,-0.026672853156924248,-0.04503205791115761,-0.03753730282187462,-0.02967110648751259,-0.02626108005642891,-0.032721374183893204,-0.05774014815688133,-0.09567935764789581,-0.10423458367586136,-0.10548558831214905,-0.08100567758083344,-0.07088342308998108,-0.073763906955719,-0.06801795214414597,-0.060621440410614014,-0.0854775533080101,-0.0019457463640719652,0.1279953420162201,0.2871254086494446,0.5598838925361633,0.48804470896720886,0.6620174050331116,0.319771945476532,0.12076149880886078,0.032172791659832,-0.02845831587910652,-0.029657449573278427,-0.052250947803258896,-0.03251509740948677,-0.04918936640024185,-0.028644319623708725,0.008332197554409504,0.06200477480888367,0.11424592137336731,-0.030860163271427155,0.06249755993485451,0.030325187370181084,0.0034413589164614677,0.003198350081220269,-0.09790383279323578,0.006677881348878145,0.008841488510370255,0.0012288989964872599,-0.04364438354969025,-0.15898257493972778,-0.017682621255517006,-0.010346227325499058,0.04830612614750862,-0.06777435541152954,-0.06082267686724663,-0.03453358635306358,0.07261224836111069,-0.039298925548791885,0.09260886162519455,0.09159340709447861,0.07823773473501205,-0.09654027968645096,0.043323539197444916,-0.02362404763698578,0.04958314076066017,-0.07473646104335785,0.002690497785806656,-0.0029266891069710255,0.012308354489505291,-0.057228151708841324,-0.0530211441218853,0.17129480838775635,-0.05738483741879463,0.35139214992523193,0.017701854929327965,-0.0020697410218417645,-0.2903992831707001,0.11206936836242676,0.0778924748301506,-0.09033911675214767,0.006642080843448639,0.14475835859775543,-0.13012565672397614,-0.029090579599142075,-0.07152191549539566,0.12908904254436493,-0.15577064454555511,0.29384419322013855,-0.16012564301490784,-0.04734104871749878,0.10436820238828659,0.14752201735973358,-0.18253034353256226,0.1359117478132248,-0.10230956971645355,0.04946940764784813,0.04838314652442932,-0.1609940230846405,-0.13496452569961548,0.2860810160636902,0.07112935930490494,-0.037785854190588,0.1417396515607834,-0.11682858318090439,0.2593157887458801,-0.04069346562027931,0.11281638592481613,-0.03650569170713425,-0.055794958025217056,0.32390207052230835,-0.016956893727183342,-0.2943485975265503,0.17330524325370789,-0.4201186001300812,-1.1284762620925903,0.32538866996765137,-0.5943676829338074,2.6470873493167346e-08,-0.017964888364076614,-5.882724144612439e-05,-7.537832402704225e-07,-2.5847727513905738e-08,-8.562186849303544e-06,-0.00011776414612540975,0.07679455727338791,0.16381382942199707,0.07150005549192429,-0.0007839800091460347,0.06077875941991806,0.029698219150304794,0.08202004432678223,0.10523545742034912,0.07626080513000488
466,-0.001305755926296115,-0.004797412548214197,-0.007051382213830948,-0.01140762772411108,-0.014137533493340015,-0.011165468953549862,-0.007274414412677288,-0.006441935431212187,-0.00550816161558032,-0.006101139821112156,-0.00542424013838172,-0.004191726911813021,-0.005985800642520189,-0.007762208580970764,-0.005292798392474651,0.0005386173725128174,0.01607932709157467,0.031226450577378273,0.04677150398492813,0.09196607768535614,0.12224674224853516,0.11924983561038971,0.05943993106484413,0.015897033736109734,-0.011966843158006668,-0.014859969727694988,-0.027506010606884956,-0.018656589090824127,-0.020293131470680237,-0.02610974758863449,-0.04499661549925804,-0.047243740409612656,-0.041337285190820694,-0.04126671701669693,-0.05073791742324829,-0.07500524818897247,-0.11349359899759293,-0.0968698039650917,-0.08214475214481354,-0.033424172550439835,0.017448995262384415,0.09748293459415436,0.19502191245555878,0.1894349902868271,0.19845503568649292,0.0663633644580841,-0.009578356519341469,-0.04222085699439049,-0.05463431775569916,-0.04474079608917236,-0.06634687632322311,-0.05739721283316612,-0.043542709201574326,-0.027195721864700317,-0.047913238406181335,-0.03600020334124565,-0.04814685136079788,-0.04002217948436737,-0.02759558893740177,-0.0396907813847065,-0.032955318689346313,-0.04033380746841431,-0.08324543386697769,-0.04284566268324852,-0.024326978251338005,-0.035791803151369095,0.007182705216109753,-0.04546741396188736,-0.07595796883106232,0.03657905012369156,-0.03689121827483177,-0.04284951835870743,-0.026548946276307106,-0.11621242016553879,-0.0004795280983671546,0.0028291346970945597,0.054329175502061844,-0.1895959973335266,0.021268712356686592,0.15012004971504211,0.03915606066584587,-0.1965222805738449,-0.3288939297199249,-0.22823858261108398,-0.18018308281898499,1.6354886293411255,0.2188197672367096,0.272226482629776,-0.20035231113433838,-0.04368416965007782,0.003919120877981186,0.10440976917743683,0.1908326894044876,0.004494516644626856,-0.06525629758834839,0.038918305188417435,-0.06145744025707245,0.33848807215690613,0.006507886573672295,0.01238991692662239,-0.001236425363458693,-0.22926796972751617,-0.07327999174594879,0.2033672332763672,0.21075594425201416,-0.6389691233634949,-0.04739563912153244,-0.015578829683363438,0.016690194606781006,0.2316288948059082,-0.20982220768928528,0.2627811133861542,-0.08650797605514526,0.12351500988006592,0.1825730949640274,0.09600737690925598,-0.11070002615451813,0.6376090049743652,-0.4374961853027344,-0.07946059107780457,0.2153593748807907,0.21539786458015442,0.0300123393535614,-0.10828685015439987,0.0029447146225720644,-0.17221349477767944,-0.027379784733057022,-0.023672858253121376,0.12830750644207,-0.09942369908094406,0.15656211972236633,0.1257317066192627,0.4546729624271393,-0.22610674798488617,0.10687225311994553,0.2680843472480774,-0.5708765387535095,-0.08729474246501923,-0.7378337979316711,1.3427939414978027,-0.7940335869789124,-2.4060710757112247e-07,0.026475094258785248,-1.6423638953710906e-05,1.1757456377381459e-06,-5.386165753407113e-07,-2.5598401407478377e-06,-0.0003561855119187385,-0.07916275411844254,0.21448153257369995,0.04961324855685234,0.0008983315201476216,0.016594763845205307,0.02866758592426777,0.08762922883033752,-0.01764635182917118,0.06780361384153366
467,-0.0009336958173662424,-0.0050810556858778,-0.009791228920221329,-0.009564637206494808,-0.013802910223603249,-0.011313260532915592,-0.008399070240557194,-0.0070235952734947205,-0.006305338814854622,-0.006752555258572102,-0.0028229316230863333,0.0025013424456119537,0.015616531483829021,0.04812010005116463,0.08856739103794098,0.1118655800819397,0.08864681422710419,0.04566536843776703,0.01360546424984932,-0.009627050720155239,-0.02145920880138874,-0.01566525176167488,0.015477667562663555,0.06037444248795509,0.10292321443557739,0.06480339169502258,0.07429762929677963,0.03089037351310253,0.009324688464403152,-0.0038597022648900747,-0.00259139365516603,0.014571837149560452,0.02359539456665516,0.024092670530080795,0.013549263589084148,-0.010794324800372124,-0.04088791459798813,-0.041630882769823074,-0.020588785409927368,0.003333241678774357,0.010481365956366062,-0.00279904599301517,-0.0341445654630661,-0.058766692876815796,-0.10870660096406937,-0.038327161222696304,0.01877322606742382,0.06126609817147255,0.08532793074846268,0.05282822251319885,0.04041094705462456,0.0036966835614293814,-0.0023759501054883003,0.011024915613234043,0.04528898000717163,0.03636999428272247,0.06117846444249153,0.03934427723288536,0.029379460960626602,0.007974695414304733,-0.006816561799496412,-0.015549550764262676,-0.030674509704113007,-0.001120042405091226,-0.019030356779694557,-0.025592925027012825,0.0356619730591774,-0.009512057527899742,-0.03044666163623333,-0.017414597794413567,0.01899922639131546,0.03880733251571655,0.01801110804080963,0.015502936206758022,-0.0032054332550615072,-0.01728670857846737,0.01660393550992012,0.013826994225382805,0.06663018465042114,-0.023830942809581757,-0.04486513510346413,0.06438849121332169,-0.025034552440047264,-0.026590583845973015,-0.019183188676834106,-0.01943139359354973,-0.017488203942775726,0.01607402414083481,-0.07753302901983261,0.010385011322796345,-0.03154704347252846,0.0090548200532794,-0.008299204520881176,-0.02960348315536976,-0.01782529428601265,-0.05977587774395943,-0.031314048916101456,-0.08086398243904114,-0.05628439038991928,-0.03871345520019531,-0.03029710240662098,-0.057444989681243896,-0.10945244878530502,0.007329320535063744,-0.028196420520544052,-0.14569737017154694,-0.017369359731674194,-0.04692339152097702,-0.10162903368473053,0.08404210209846497,0.0038306773640215397,0.06356573104858398,0.019392190501093864,0.017344778403639793,-0.04626019671559334,-0.016080912202596664,-0.08223824203014374,-0.02303685061633587,0.02317947708070278,0.0051729087717831135,0.05245986208319664,-0.25823622941970825,0.022461237385869026,0.03715498745441437,0.21024861931800842,0.0404202975332737,0.07003923505544662,0.2598573565483093,-0.3206576704978943,-0.07913883030414581,0.07459650933742523,0.052901387214660645,0.12649358808994293,0.18595834076404572,0.009446129202842712,-0.41047048568725586,0.37465983629226685,-0.2015644758939743,0.12783820927143097,-0.029811911284923553,0.0404769629240036,1.8039841620520747e-07,-0.038751497864723206,-0.0003516194992698729,-3.1845677312958287e-06,8.198986733987113e-07,-2.4763985493336804e-05,-0.0007743624737486243,0.04648496210575104,0.12506203353405,0.03564029932022095,-0.0004148224543314427,0.008840961381793022,0.03698691353201866,0.03136111795902252,0.0493023656308651,0.036980513483285904
468,-0.0008444931590929627,-0.003961456008255482,-0.004630682058632374,-0.0010390979005023837,0.005052142310887575,0.009043565951287746,0.006811183877289295,0.003207680070772767,-3.327662852825597e-05,-0.0010099600767716765,0.0013438950991258025,0.004707665648311377,0.00884320866316557,0.011905448511242867,0.008344637230038643,0.0007549214642494917,-0.0032621207647025585,0.001609782106243074,0.013173675164580345,0.024671785533428192,0.03663374111056328,0.04147575423121452,0.012393590062856674,-0.0014994436642155051,-0.0017704799538478255,0.010392162948846817,0.04077468439936638,0.04380318894982338,0.04889655485749245,0.03315956890583038,0.01941394992172718,-0.0012358102248981595,0.010713275521993637,0.04292280226945877,0.08162038028240204,0.12069102376699448,0.11317893117666245,0.026369992643594742,-0.036867231130599976,-0.04612874612212181,-0.039894357323646545,-0.016542157158255577,0.004652759060263634,0.0015060188015922904,-0.03927908092737198,-0.05802066996693611,-0.05721838399767876,-0.018611615523695946,0.03586450591683388,0.06531873345375061,0.13185034692287445,0.06610232591629028,0.027496889233589172,-0.0027128856163471937,-0.01775466836988926,-0.004590225871652365,0.013599555939435959,0.018156088888645172,0.011872220784425735,-0.0029329543467611074,-0.011096235364675522,-0.020641835406422615,-0.022578958421945572,-0.006694418378174305,-0.007941469550132751,0.004062323831021786,-0.017931997776031494,-0.010688519105315208,-0.08030899614095688,-0.004889088682830334,-0.022734705358743668,-0.02597741410136223,-0.00930827483534813,-0.0169968418776989,-0.0007502148509956896,-0.016189727932214737,0.02134031057357788,-6.672617018921301e-05,0.046888820827007294,-0.049944933503866196,-0.09440510720014572,0.022966677322983742,-0.03740251064300537,-0.017394118010997772,-0.03692272678017616,0.0019014922436326742,-0.024060802534222603,0.018290044739842415,-0.03334939479827881,-0.03807351365685463,-0.008244791068136692,0.01880527287721634,0.02568100579082966,-0.02392958477139473,0.017668528482317924,-0.09909796714782715,-0.06039804592728615,-0.08652980625629425,-0.03980860486626625,-0.012286205776035786,-0.05040552839636803,-0.07854235172271729,-0.08195167034864426,-0.04181252419948578,-0.00796606857329607,0.0702860876917839,-0.1682598888874054,0.0012181131169199944,-0.06965747475624084,-0.013219397515058517,0.16337861120700836,0.0845901221036911,-0.056368615478277206,0.03220926970243454,0.019205376505851746,0.007451933342963457,0.022674433887004852,-0.3696610629558563,0.17295463383197784,0.014090574346482754,0.04726307839155197,0.05751107260584831,-0.041900310665369034,0.08805040270090103,0.22976362705230713,-0.041646163910627365,-0.10943742841482162,0.04951941594481468,0.15674017369747162,-0.0683041587471962,0.056106649339199066,0.0616484060883522,0.08595050871372223,0.3113938868045807,0.052845027297735214,0.07814841717481613,-0.3232669234275818,0.14652903378009796,0.040014736354351044,-0.05994143337011337,0.09311184287071228,-5.208250399846293e-07,-0.045476049184799194,0.0003972781414631754,-4.923341293761041e-06,-1.5266780337697128e-06,0.00011071314656874165,0.0007017861353233457,0.3260425329208374,0.08565229922533035,0.018746592104434967,-0.0003209812566637993,-0.018113212659955025,0.0003206075634807348,0.02145683579146862,0.019319921731948853,0.011841172352433205
469,-0.0004903074004687369,-0.002432910492643714,-0.006421415135264397,-0.004817138891667128,-0.008428249508142471,-0.006842314265668392,-0.005535205360502005,-0.00444824667647481,-0.004360536113381386,-0.004340954124927521,-0.0037234853953123093,-0.003777367528527975,-0.004891906399279833,-0.006707497872412205,-0.009261502884328365,-0.01106646191328764,-0.01134671363979578,-0.011920093558728695,-0.01635953038930893,-0.018268564715981483,-0.023980598896741867,-0.032490212470293045,-0.01981789991259575,-0.018754657357931137,-0.009262114763259888,0.01718812808394432,0.08618210256099701,0.13669750094413757,0.2717705965042114,0.39274370670318604,0.5942788124084473,0.3993298411369324,0.21169067919254303,0.15194720029830933,0.17853140830993652,0.30331552028656006,0.3783148527145386,0.22509460151195526,0.126229926943779,0.036021407693624496,0.01043003425002098,0.009603512473404408,0.008122997358441353,-0.0005930530023761094,-0.041616715490818024,-0.043514735996723175,-0.03788017854094505,-0.005933800246566534,0.039726775139570236,0.05964480713009834,0.12215826660394669,0.05642968416213989,0.03391077741980553,0.006051461677998304,-0.006946174893528223,-0.005379735492169857,-0.006747024599462748,-0.007918006740510464,-0.019151529297232628,-0.026126885786652565,-0.007152651436626911,-0.024097342044115067,-0.035717714577913284,-0.0020723151974380016,-0.007826347835361958,0.006801211275160313,-0.023200513795018196,-0.0059512886218726635,0.05732269585132599,-0.004636294674128294,-0.0012176820309832692,-0.01829407922923565,-0.008490136824548244,-0.08426649868488312,-0.020471105352044106,-0.024748215451836586,0.05076976493000984,-0.07107636332511902,-0.00880069937556982,-0.028802985325455666,0.031913042068481445,-0.02767743542790413,0.004068379290401936,0.015678483992815018,-0.010917508974671364,-0.019564369693398476,-0.022549845278263092,-0.05456642434000969,-0.0740186795592308,-0.02173074148595333,-0.0156953614205122,0.010553309693932533,0.04252771660685539,-0.02535483054816723,-0.016564585268497467,-0.18492381274700165,0.31256765127182007,-2.134040355682373,0.6481262445449829,0.540884256362915,1.7212775945663452,-0.7149277925491333,-0.6274010539054871,0.7019680142402649,0.10323303937911987,-1.672039270401001,2.539454460144043,-0.11170249432325363,0.37869760394096375,-0.5697161555290222,0.6166041493415833,-0.8959307670593262,0.33360302448272705,0.2556382417678833,-0.053160276263952255,-0.06262742727994919,0.018691139295697212,-0.7504668235778809,0.6235483884811401,-0.2945643663406372,-0.41811755299568176,-0.4489615559577942,-0.028550000861287117,0.20568488538265228,0.11513663083314896,-0.08245696127414703,-0.2466721087694168,0.5979691743850708,-0.3726687729358673,0.05934921279549599,0.0024243048392236233,0.06974931806325912,-0.007040953729301691,0.09892646968364716,-0.13774359226226807,-0.6255009174346924,1.6931723356246948,-0.01122251246124506,-0.4676316976547241,0.4061771631240845,-0.24098330736160278,1.1217471751479025e-07,-0.021316133439540863,-5.166864866623655e-05,-1.4109861012912006e-06,8.085358871312565e-08,-1.9425164282438345e-05,0.0001978995423996821,-2.391338586807251,0.24485772848129272,0.025027163326740265,-0.005213488359004259,0.03432979807257652,0.021235987544059753,-0.004197706468403339,0.023576578125357628,0.01090237870812416
470,-0.0005352774169296026,-0.0025400170125067234,-0.006299281492829323,-0.004745111335068941,-0.007338202092796564,-0.0042478288523852825,-0.0006993276183493435,0.0028422800824046135,0.005739304702728987,0.00632631778717041,0.003336791880428791,0.0005858238437213004,-0.0021146046929061413,-0.005435521248728037,-0.008332792669534683,-0.010321680456399918,-0.011159343644976616,-0.01104691345244646,-0.01586124114692211,-0.017108049243688583,-0.023011747747659683,-0.030703945085406303,-0.018818210810422897,-0.01812075264751911,-0.00796299334615469,0.016584664583206177,0.07917394489049911,0.12438412755727768,0.2458074986934662,0.34765154123306274,0.5293481945991516,0.3662044405937195,0.20925498008728027,0.15120263397693634,0.17616528272628784,0.2900955379009247,0.36398833990097046,0.2304980456829071,0.13642336428165436,0.04304070770740509,0.013070313259959221,0.009460258297622204,0.008979786187410355,0.0015159661415964365,-0.03400491923093796,-0.03744033724069595,-0.029096364974975586,0.003743714652955532,0.048830918967723846,0.060479771345853806,0.1130777969956398,0.048876967281103134,0.026866832748055458,0.005525070708245039,1.5099040865607094e-05,0.0019427055958658457,0.007132841274142265,0.00030987171339802444,-0.010060322470963001,-0.021107830107212067,-0.007145700976252556,-0.021919863298535347,-0.0335129015147686,-0.003887985134497285,-0.0072291260585188866,0.009737778455018997,-0.02016274444758892,-0.003501968691125512,0.049273449927568436,-0.003151611192151904,-0.0023831839207559824,-0.019410597160458565,-0.00852643046528101,-0.07032470405101776,-0.0088150380179286,-0.006143832579255104,-0.006358065642416477,0.012593263760209084,-0.004340503830462694,-0.012210617773234844,-0.004856509622186422,-0.01244171429425478,-0.029892301186919212,-0.07018459588289261,-0.048631954938173294,0.04438326135277748,-0.06778064370155334,-0.04756123200058937,-0.0708514153957367,0.005674595944583416,-0.018156610429286957,-0.0032676514238119125,0.017071707174181938,-0.016084985807538033,-0.0041018589399755,-0.15334376692771912,0.3163069486618042,-1.6287329196929932,0.41938072443008423,0.3190404176712036,1.4609140157699585,-0.624658465385437,-0.5169159770011902,0.587254524230957,-0.08888658881187439,-1.5842068195343018,2.4996938705444336,-0.11907009780406952,0.384072482585907,-0.6702871918678284,0.5079545378684998,-0.8721206188201904,0.30481868982315063,0.14085744321346283,-0.060595616698265076,-0.12867458164691925,0.11138749122619629,-0.8800655007362366,0.6583361029624939,-0.20155367255210876,-0.4449913799762726,-0.3946003019809723,-0.010029720142483711,0.2736496925354004,0.11292591691017151,0.003467265982180834,-0.3403053879737854,0.5225576758384705,-0.24541956186294556,0.012505384162068367,-0.008924741297960281,0.08207231014966965,-0.045445311814546585,0.14462970197200775,-0.12971827387809753,-0.7615213990211487,1.1752305030822754,0.2237381637096405,-0.2927400469779968,0.48763638734817505,-0.23169371485710144,1.7416338948805787e-07,-0.00395312299951911,-0.0002031609765253961,-1.6096290664791013e-06,4.4223665440767945e-07,-2.073717951134313e-05,-0.0003770335461013019,-2.1090078353881836,0.24281975626945496,0.028087129816412926,-0.004815408028662205,-0.0048249647952616215,0.023696808144450188,0.014308769255876541,0.0389263816177845,0.026466362178325653
471,-0.0013170851161703467,-0.004889088682830334,-0.008494129404425621,-0.00866885669529438,-0.011537531390786171,-0.010300095193088055,-0.006684287916868925,-0.00584952300414443,-0.003928918857127428,-0.0015680385986343026,0.002100704936310649,0.004764561541378498,0.005807220470160246,0.007069118786603212,0.0023417812772095203,-0.003893140470609069,-0.009219364263117313,-0.009421137161552906,-0.015258257277309895,-0.013799541629850864,-0.0025487260427325964,0.05924347788095474,0.17420752346515656,0.37523335218429565,0.6160016059875488,0.4298214018344879,0.5786665678024292,0.3317583501338959,0.19794093072414398,0.09968243539333344,0.038884010165929794,-0.014165878295898438,-0.021792925894260406,-0.008357158862054348,0.028468482196331024,0.10187264531850815,0.19648946821689606,0.16736359894275665,0.10598257929086685,0.025493444874882698,-0.012368558906018734,-0.03630639985203743,-0.05207226052880287,-0.052347827702760696,-0.10154588520526886,-0.06490553170442581,-0.05477971211075783,-0.034247495234012604,-0.032176099717617035,-0.024350536987185478,-0.05261871591210365,-0.04041516035795212,-0.03327682241797447,-0.0253846924751997,-0.034341420978307724,-0.019084306433796883,-0.028578458353877068,-0.014790976420044899,-0.021357586607336998,-0.02647923305630684,-0.0050498410128057,-0.016465118154883385,-0.029949437826871872,0.001071172533556819,0.035565391182899475,0.10479708015918732,-0.09332473576068878,0.024781476706266403,0.06168393790721893,-0.011049028486013412,-0.013405399397015572,-0.019016293808817863,-0.025119170546531677,-0.09319977462291718,-0.0060520898550748825,-1.436547336197691e-05,-0.038882363587617874,0.11859429627656937,0.009356173686683178,0.0018797628581523895,0.008878923021256924,-0.04282313585281372,-0.07501288503408432,0.08252033591270447,-0.010623699054121971,-0.003156306454911828,-0.033673983067274094,0.4344067871570587,-0.7420856356620789,3.603363275527954,-0.1693202257156372,0.37798231840133667,-1.9930455684661865,0.5763005018234253,0.8534528017044067,-0.4264926314353943,0.17110782861709595,-0.08138218522071838,0.07976792752742767,0.013321015052497387,1.146536946296692,-1.0369672775268555,-0.28084179759025574,0.8006986975669861,-0.3270242512226105,-0.6703884601593018,0.34880906343460083,-0.09763216227293015,0.059754472225904465,-0.18544918298721313,0.13520438969135284,-0.02839364856481552,-0.035457152873277664,-0.0725465714931488,-0.2382708191871643,0.023506207391619682,0.007238397374749184,-0.16696368157863617,0.11674121767282486,-0.019011693075299263,0.05210745334625244,0.09010395407676697,0.07566997408866882,-0.2112087905406952,0.040029726922512054,-0.005714782513678074,0.09437000751495361,0.4604087173938751,-1.063194751739502,0.396450936794281,0.801434338092804,0.1410599797964096,-1.554552674293518,3.6619274616241455,-1.089469313621521,-0.39761021733283997,0.3771929144859314,-0.054969824850559235,0.06429808586835861,-0.08653121441602707,0.007275592535734177,1.1696490531676318e-07,-0.01969977281987667,-0.00013697793474420905,-2.0062432213308057e-06,5.795335482616792e-07,-1.737322236294858e-05,-0.0004415682633407414,-5.717589855194092,0.2712119519710541,0.021987492218613625,-0.0037322700954973698,0.001566543010994792,0.024940766394138336,-0.0003692101454362273,0.0026969958562403917,0.03419768810272217
472,-0.0011999240377917886,-0.0059893070720136166,-0.012621748261153698,-0.01439773477613926,-0.011570270173251629,-0.0012884768657386303,0.007459898944944143,0.012840199284255505,0.01183391734957695,0.006838747300207615,-0.00026937309303320944,-0.003909702878445387,-0.007496135774999857,-0.011795277707278728,-0.014671002514660358,-0.01828353852033615,-0.019806720316410065,-0.018382228910923004,-0.025825725868344307,-0.0301325973123312,-0.03940054029226303,-0.051376961171627045,-0.036000173538923264,-0.038524407893419266,-0.04133306071162224,-0.022946402430534363,-0.031958334147930145,-0.02165425568819046,-0.02611425891518593,-0.03005569614470005,-0.0579497329890728,-0.05671221390366554,-0.05010771006345749,-0.043773405253887177,-0.031232744455337524,-0.0029895722400397062,0.06102048233151436,0.10017967969179153,0.0770483911037445,0.006049023475497961,-0.042826369404792786,-0.08568082749843597,-0.10951629281044006,-0.11124500632286072,-0.2108190804719925,-0.14092004299163818,-0.1230071634054184,-0.08953917026519775,-0.08443636447191238,-0.0632493868470192,-0.08969017118215561,-0.05814473703503609,-0.04219286888837814,-0.028861969709396362,-0.03616940602660179,-0.018630314618349075,-0.039290182292461395,-0.03415389731526375,-0.05097080022096634,-0.07718027383089066,-0.026519836857914925,-0.044826939702034,-0.07624666392803192,0.0064787170849740505,-0.020921731367707253,-0.05473136901855469,0.05560801923274994,-0.00909702479839325,-0.091118723154068,0.016945844516158104,0.0006994286668486893,-0.015629775822162628,-0.025110142305493355,-0.11587225645780563,-0.017664389684796333,-0.005728775169700384,0.07450046390295029,-0.02223924919962883,-0.002961787162348628,0.03474359214305878,-0.005175656173378229,0.030565958470106125,-0.0157044418156147,-0.0009247545967809856,-0.015259303152561188,-0.05926299840211868,0.022739266976714134,-0.05358168110251427,0.1410338282585144,-0.13356006145477295,0.05378388985991478,0.06379501521587372,0.17683419585227966,-0.07634250074625015,-0.11430080235004425,0.12770622968673706,-0.047646310180425644,0.3498387336730957,0.012199915945529938,0.05098370462656021,-0.25938934087753296,0.14523199200630188,0.07285068929195404,-0.11500558257102966,-0.03787699714303017,0.3286069333553314,-0.21782571077346802,0.08486810326576233,-0.13391806185245514,0.2724723517894745,-0.19593454897403717,0.2495899200439453,-0.10371135175228119,0.018431147560477257,0.004341786727309227,0.026366017758846283,-0.18027327954769135,0.29000136256217957,-0.34715741872787476,0.09558120369911194,0.03254084289073944,0.27230730652809143,-0.05902467295527458,-0.20612815022468567,-0.16302509605884552,0.07258851826190948,0.2551494538784027,-0.39091572165489197,0.6079367995262146,-0.05369681492447853,-0.1354885846376419,0.052272506058216095,0.20825247466564178,-0.26919734477996826,0.09488267451524734,0.4395810663700104,-0.44020557403564453,0.2145465910434723,0.17536337673664093,-0.07451429218053818,0.08086300641298294,-6.35754304312286e-07,0.02647031657397747,0.0005230001988820732,3.844833827315597e-06,4.6754320237596403e-07,6.015100552758668e-06,0.0009719427907839417,2.6759605407714844,-0.27869272232055664,-0.01581120863556862,0.003462598193436861,-0.013803635723888874,-0.001929831923916936,0.0017018805956467986,-0.028961941599845886,-0.04911021888256073
473,-0.0010973390890285373,-0.0018536214483901858,0.005576238036155701,0.027266232296824455,0.05834127590060234,0.06860144436359406,0.05177628993988037,0.03510923683643341,0.015461454167962074,0.0016641974216327071,-0.00473198713734746,-0.00603780522942543,-0.00847108568996191,-0.011824427172541618,-0.013957932591438293,-0.017203448340296745,-0.019172608852386475,-0.017101237550377846,-0.024056820198893547,-0.029026571661233902,-0.0381971150636673,-0.04995682090520859,-0.03544532507658005,-0.03793775290250778,-0.04049595817923546,-0.022569645196199417,-0.031343892216682434,-0.0210298839956522,-0.02524101920425892,-0.029356999322772026,-0.05566299706697464,-0.05255820229649544,-0.045139409601688385,-0.04136570170521736,-0.04128729924559593,-0.0588783323764801,-0.09036293625831604,-0.10880789160728455,-0.11977683752775192,-0.09387355297803879,-0.10371779650449753,-0.11318274587392807,-0.12160546332597733,-0.10922921448945999,-0.20223528146743774,-0.12774913012981415,-0.0931810811161995,-0.03114655613899231,0.03379176929593086,0.09140238165855408,0.1814984232187271,0.10962279886007309,0.041408173739910126,0.002928271424025297,-0.03180832415819168,-0.025703970342874527,-0.05427265912294388,-0.03999956697225571,-0.05133809894323349,-0.07573124021291733,-0.024971378967165947,-0.04364754259586334,-0.07933980226516724,-0.003330823266878724,-0.03682054206728935,-0.07068819552659988,0.042948540300130844,-0.010250246152281761,-0.09287071973085403,0.022795097902417183,-0.0007829861715435982,-0.01700732298195362,-0.0015821089036762714,-0.0020829311106354,0.008003083057701588,-0.009737278334796429,0.046092838048934937,-0.027354352176189423,-0.003075037384405732,0.018850713968276978,-0.023444462567567825,0.026982275769114494,-0.018571438267827034,0.009888481348752975,0.012492131441831589,-0.10499656200408936,0.03300384432077408,-0.07247224450111389,0.15161247551441193,-0.1254533976316452,0.03175220638513565,0.05937764793634415,0.14341610670089722,-0.06740812212228775,-0.04643089696764946,0.01824546977877617,-0.043333593755960464,0.13099554181098938,-0.0010325709590688348,0.034315526485443115,-0.24874365329742432,0.15811853110790253,0.05706658586859703,-0.11792133003473282,-0.03902538865804672,0.37810784578323364,-0.17408013343811035,0.0986718013882637,-0.10843633860349655,0.24000410735607147,-0.15462791919708252,0.23385562002658844,-0.1632356196641922,-0.015054323710501194,0.07741788774728775,0.0761958658695221,-0.18957006931304932,0.2580409049987793,-0.28983694314956665,0.10342997312545776,0.015361790545284748,0.24079199135303497,-0.0368461087346077,-0.2676500082015991,-0.18138079345226288,0.10265544056892395,0.20076724886894226,-0.4394232928752899,0.5815377235412598,-0.08965347707271576,-0.1627577245235443,0.046582866460084915,0.25163787603378296,-0.39686650037765503,0.1365531086921692,0.4014136791229248,-0.44985848665237427,0.2127283662557602,0.1504759043455124,-0.057827554643154144,0.0712975561618805,-1.007369974104222e-06,0.026902729645371437,0.0004101969243492931,4.450505912245717e-06,-1.98838301912474e-06,-2.3854147002566606e-05,0.001926578232087195,2.470201253890991,-0.19558481872081757,-0.025556614622473717,0.007801068481057882,-0.020597189664840698,-0.03885306045413017,-0.01239268109202385,-0.05162273719906807,-0.025205982849001884
474,-0.0014823763631284237,-0.006271888501942158,-0.011683443561196327,-0.015114220790565014,-0.01772165484726429,-0.015242883004248142,-0.010410097427666187,-0.009004720486700535,-0.007991884835064411,-0.009238315746188164,-0.007280439604073763,-0.006423949729651213,-0.008214933797717094,-0.011567564681172371,-0.014083925634622574,-0.016961263492703438,-0.018946584314107895,-0.017690446227788925,-0.025014938786625862,-0.027204032987356186,-0.03364631161093712,-0.03624121844768524,-0.01621481031179428,-0.0037063059862703085,0.007434623781591654,0.008169136941432953,0.016463221982121468,0.01613898016512394,0.024097824469208717,0.02547282911837101,0.02889755740761757,0.004094516858458519,-0.009557216428220272,-0.010748486034572124,-0.00629275431856513,-0.008533916436135769,-0.031097646802663803,-0.06461222469806671,-0.0938950777053833,-0.083452008664608,-0.09154567122459412,-0.1056782603263855,-0.11046777665615082,-0.09734360873699188,-0.15590797364711761,-0.08661261945962906,-0.07419291138648987,-0.05357181280851364,-0.06009230390191078,-0.048146240413188934,-0.0839194729924202,-0.0574536956846714,-0.04910990223288536,-0.03968343138694763,-0.03815704584121704,-0.011610281653702259,-0.0024688085541129112,0.0037743570283055305,-0.005647558253258467,-0.017865795642137527,-0.012787185609340668,-0.023838819935917854,-0.04044272005558014,-0.0081159183755517,-0.026642676442861557,-0.04516370967030525,0.021430604159832,-0.008858016692101955,-0.10169888287782669,0.004320248961448669,0.004219448193907738,-0.033229127526283264,-0.050603076815605164,-0.1789640486240387,-0.022676024585962296,-0.016969313845038414,0.04971368983387947,-0.047162193804979324,-0.017030395567417145,0.013328049331903458,-0.013477493077516556,0.02557315118610859,-0.017919126898050308,0.022847089916467667,0.025719359517097473,-0.09645587205886841,0.025567268952727318,-0.034930869936943054,0.06899724900722504,-0.12544335424900055,0.014625109732151031,0.03148927912116051,0.10073892772197723,-0.0739198848605156,-0.047106314450502396,0.03793216496706009,-0.04430980607867241,0.0995398536324501,-0.04128146544098854,-0.017281072214245796,-0.1707211434841156,0.08162292093038559,0.013445974327623844,-0.09400558471679688,-0.0002319157065358013,0.18244628608226776,-0.22633853554725647,0.026124540716409683,-0.09708777815103531,0.3186112940311432,-0.2518352270126343,0.2956041991710663,-0.2227380871772766,-0.006314526777714491,0.12777753174304962,0.13133178651332855,-0.23243021965026855,0.46155333518981934,-0.39191368222236633,0.12058337032794952,0.08550899475812912,0.23860059678554535,-0.018900971859693527,-0.17923960089683533,-0.027696046978235245,-0.026940448209643364,0.18817844986915588,-0.15186439454555511,0.3103379011154175,-0.054925594478845596,0.02814362198114395,-0.007055065128952265,0.13310056924819946,-0.1060173511505127,0.1185954213142395,0.1233084425330162,-0.3242192566394806,0.06344035267829895,0.16597989201545715,-0.08181898295879364,0.05225425958633423,-3.357695277372841e-07,-0.038674160838127136,-0.00024131750978995115,-1.6370937601095648e-06,-3.532960306529276e-07,-2.801969094434753e-05,-0.0005555877578444779,1.32661771774292,-0.09418699145317078,0.039164748042821884,0.0019436667207628489,0.04131106287240982,0.038545530289411545,0.05222878232598305,0.030248655006289482,0.053117647767066956
475,-0.0009200071217492223,-0.005253056529909372,-0.00885695032775402,-0.011150814592838287,-0.012788975611329079,-0.011627677828073502,-0.008165949955582619,-0.006731394212692976,-0.006487143691629171,-0.007277016062289476,-0.006023452617228031,-0.0038316650316119194,-0.002507055178284645,0.0016220242250710726,0.008698471821844578,0.012836475856602192,0.009310878813266754,-0.00028340969583950937,-0.010338597930967808,-0.012562599964439869,-0.000555089907720685,0.06302876025438309,0.12153337895870209,0.20350995659828186,0.2662310302257538,0.14277970790863037,0.13513222336769104,0.05318305268883705,0.02387247234582901,0.008392933756113052,-0.00669664703309536,-0.02636689506471157,-0.035066768527030945,-0.0492180734872818,-0.06386914849281311,-0.09917417913675308,-0.1384015530347824,-0.13284237682819366,-0.12212587893009186,-0.09124970436096191,-0.08987447619438171,-0.1004212349653244,-0.10626240074634552,-0.09664543718099594,-0.18229533731937408,-0.13031749427318573,-0.10978039354085922,-0.08439192920923233,-0.07371482998132706,-0.05159673094749451,-0.07688005268573761,-0.03730889409780502,-0.000297145830700174,0.06593114882707596,0.2272307574748993,0.24339404702186584,0.4000246822834015,0.31392183899879456,0.20691445469856262,0.08601105213165283,-6.834723899373785e-05,-0.028307102620601654,-0.06405293941497803,-0.01041172444820404,-0.022960588335990906,-0.04136524721980095,0.03419744595885277,-0.011376897804439068,-0.10933226346969604,0.02386133186519146,-0.0652937963604927,-0.07625344395637512,-0.042573075741529465,-0.21668876707553864,-0.037643250077962875,-0.05858481302857399,0.0577196441590786,-0.04622606933116913,-0.03945649042725563,0.023755498230457306,0.020017560571432114,0.004815069492906332,-0.019811460748314857,-0.0030232719145715237,-0.02766900323331356,0.14108727872371674,-0.1243872120976448,0.26721420884132385,-0.35910916328430176,0.46076345443725586,-0.09827183187007904,-0.2991301417350769,-0.015445523895323277,0.09465527534484863,0.04600087180733681,0.010526339523494244,-0.03467867523431778,0.1939033567905426,0.0006077605066820979,0.038663350045681,-0.26241743564605713,0.21093584597110748,0.06131039187312126,-0.0940864235162735,0.050167959183454514,0.3715415894985199,-0.25969213247299194,0.20402981340885162,-0.08834270387887955,0.28488293290138245,-0.38595783710479736,0.6106582880020142,-0.578754186630249,0.08642669022083282,0.23092101514339447,0.10105086117982864,-0.17188303172588348,-0.3824225068092346,1.0401421785354614,-0.35191163420677185,0.05679592490196228,-1.042218565940857,0.2422177940607071,0.7289608716964722,0.2564643919467926,-0.10260612517595291,-0.07256774604320526,0.141355499625206,0.17436483502388,-0.06543991714715958,-0.009696608409285545,-0.02322397753596306,0.3228228986263275,-0.4001849293708801,0.20055155456066132,0.30930033326148987,-0.38341692090034485,0.06099657714366913,0.08319437503814697,0.03709965944290161,0.10100152343511581,-3.8808323665762146e-08,0.01006901916116476,-5.070824772701599e-05,7.268560580087069e-07,-2.533270730964432e-07,-1.195566073874943e-05,-6.264429975999519e-05,-0.33253738284111023,0.10610034316778183,0.0168918389827013,-0.00440489174798131,0.010417415760457516,0.03432688117027283,0.033314019441604614,-0.008957304991781712,-0.008945570327341557
476,-0.0013844353379681706,-0.006487227510660887,-0.013753765262663364,-0.01762527786195278,-0.019789453595876694,-0.016093235462903976,-0.011439808644354343,-0.010228223167359829,-0.008997887372970581,-0.009907013736665249,-0.007879296317696571,-0.006790378130972385,-0.008794407360255718,-0.01233549602329731,-0.014865313656628132,-0.01832284964621067,-0.02001744508743286,-0.01878965087234974,-0.026226351037621498,-0.03029179386794567,-0.040094006806612015,-0.05233655124902725,-0.03642071783542633,-0.03878840431571007,-0.04179898276925087,-0.023343628272414207,-0.03225766494870186,-0.02191651239991188,-0.025377338752150536,-0.025901485234498978,-0.039757631719112396,-0.027445577085018158,-0.014637630432844162,-0.0042435224168002605,0.005535135045647621,0.030646104365587234,0.07528194785118103,0.09265760332345963,0.06528256833553314,0.0024951701052486897,-0.04108026623725891,-0.0825948715209961,-0.10664204508066177,-0.10946612805128098,-0.21115881204605103,-0.14599761366844177,-0.1256074756383896,-0.0920187458395958,-0.08756192773580551,-0.06484521180391312,-0.09485141187906265,-0.06633874773979187,-0.05539265647530556,-0.0457148514688015,-0.0642746314406395,-0.03061000443994999,-0.05832226946949959,-0.04489091411232948,-0.05763310566544533,-0.08472392708063126,-0.0315537229180336,-0.04496117681264877,-0.07784564793109894,0.004939825739711523,-0.02148204669356346,-0.057983580976724625,0.0570678673684597,-0.012009900063276291,-0.10028840601444244,0.014920064248144627,-0.0010390417883172631,-0.017587142065167427,-0.022153137251734734,-0.09252914786338806,-0.010739062912762165,-0.006105044391006231,0.054416172206401825,-0.028516989201307297,-0.008266182616353035,0.026953358203172684,-0.0050842235796153545,0.01277320459485054,-0.009142260067164898,0.029950711876153946,0.03658219054341316,-0.1258864402770996,0.031635500490665436,-0.08086901903152466,0.1426178216934204,-0.14268577098846436,0.048210371285676956,0.057638294994831085,0.1785115897655487,-0.07906855642795563,-0.11097386479377747,0.1262771040201187,-0.055939190089702606,0.33373475074768066,0.007477321662008762,0.03278474882245064,-0.2645858824253082,0.14757771790027618,0.06569164246320724,-0.1194717288017273,-0.0406872034072876,0.31674692034721375,-0.19842728972434998,0.049877434968948364,-0.11590592563152313,0.21925899386405945,-0.11444897204637527,0.24238844215869904,-0.08232095837593079,0.01106981560587883,0.009822411462664604,0.05805528908967972,-0.18070736527442932,0.37594184279441833,-0.43767625093460083,0.04680810496211052,-0.008910452015697956,0.3176873028278351,-0.04349876567721367,-0.19857157766819,-0.142068549990654,0.07599107921123505,0.24373695254325867,-0.32373714447021484,0.5640878081321716,-0.04242652654647827,-0.1288497895002365,0.04356776550412178,0.20842726528644562,-0.29569491744041443,0.05019141733646393,0.4686373472213745,-0.41509029269218445,0.24027758836746216,0.17236612737178802,-0.06961681693792343,0.07498547434806824,-1.18867001219769e-06,0.04282384738326073,8.674333366798237e-05,4.985341092833551e-06,-1.365087541671528e-06,-2.305898851773236e-05,-0.00012222668738104403,2.830103635787964,-0.32171082496643066,-0.03272566944360733,-0.00255201174877584,0.07597186416387558,-0.029904212802648544,-0.0113114845007658,-0.05287691205739975,-0.05990117788314819
477,-0.0009408449986949563,-0.0053445096127688885,-0.009672928601503372,-0.009969585575163364,-0.013413537293672562,-0.011715731583535671,-0.008275564759969711,-0.00725803105160594,-0.006189773790538311,-0.0065897321328520775,-0.0025226508732885122,0.0020641828887164593,0.01195383071899414,0.03484322875738144,0.06457206606864929,0.08785833418369293,0.08270438015460968,0.057434599846601486,0.03645333647727966,0.009516641497612,-0.008333823643624783,-0.01825186423957348,-0.007750566583126783,-0.00013779608707409352,0.0015484035247936845,-0.0030367772560566664,-0.012251941487193108,-0.013841269537806511,-0.01585186831653118,-0.010403462685644627,0.00975587498396635,0.04377357289195061,0.0647330954670906,0.08040934056043625,0.09205765277147293,0.09091397374868393,0.06335721909999847,0.0012354317586869001,-0.03453948348760605,-0.030259380117058754,-0.0109628951177001,0.02864074893295765,0.06198207288980484,0.059641242027282715,0.06897177547216415,-0.002451509004458785,-0.03621598333120346,-0.03317303583025932,-0.01563306339085102,0.016674861311912537,0.08031346648931503,0.07897547632455826,0.093951515853405,0.07923948764801025,0.08850010484457016,0.022575201466679573,0.01082957349717617,-0.0027384834829717875,-0.003158862702548504,0.01335088163614273,0.010448393411934376,0.01937940903007984,0.006944720633327961,-0.005166513379663229,-0.011763596907258034,-0.027268148958683014,0.03872201219201088,-0.006819935515522957,-0.03596372902393341,-0.014375334605574608,0.00480175344273448,0.02973100170493126,0.018627630546689034,0.028481466695666313,0.0039769974537193775,-0.00593512924388051,0.0022722920402884483,0.01794646494090557,0.05419614538550377,-0.008733625523746014,-0.041906505823135376,0.03545747324824333,-0.020529620349407196,-0.008625957183539867,-0.012040817178785801,-0.016983238980174065,-0.01696237362921238,0.02100745216012001,-0.09404195845127106,0.022416070103645325,-0.040565382689237595,0.03170401602983475,-0.03381369635462761,-0.03128211200237274,-0.008551204577088356,-0.06444724649190903,-0.04011192172765732,-0.32287999987602234,-0.0968455821275711,-0.130056232213974,0.0925026461482048,-0.021182162687182426,-0.01479678601026535,-0.052719682455062866,-0.015832532197237015,-0.08331049233675003,0.058579299598932266,-0.09984327107667923,-0.08141408860683441,-0.07544006407260895,0.03292673081159592,0.08417385816574097,-0.06276404112577438,-0.02881138026714325,-0.10816238075494766,-0.22574317455291748,0.2406158298254013,-0.6002158522605896,0.295470267534256,-0.015354275703430176,0.04045390710234642,-0.009893776848912239,-0.02770836278796196,0.04667632281780243,0.224392369389534,-0.007723386399447918,-0.11299677193164825,0.32765650749206543,-0.414627343416214,-0.07710351794958115,0.09874175488948822,0.07968650758266449,0.01905026286840439,0.6140740513801575,-0.18471428751945496,-0.8758183717727661,0.7354189157485962,-0.3120245933532715,0.12074582278728485,0.0027522980235517025,0.04412029683589935,8.656146377461482e-08,-0.04264224320650101,-0.00025593233294785023,-3.2177777029573917e-06,5.475325792758667e-07,-8.005717063497286e-06,-0.0006234615575522184,0.009956935420632362,0.1585395634174347,0.045659638941287994,-0.0032273605465888977,0.006820561829954386,0.03558182343840599,0.02911028452217579,0.06376028805971146,0.050187304615974426
478,-0.0011187056079506874,-0.0028667759615927935,0.0004867281240876764,0.013525517657399178,0.03296421468257904,0.03961806371808052,0.029262522235512733,0.018518397584557533,0.006057594437152147,-0.0028503118082880974,-0.005989328492432833,-0.006331607699394226,-0.008587608113884926,-0.011947092600166798,-0.01443974394351244,-0.01768629252910614,-0.019465960562229156,-0.017763914540410042,-0.024471312761306763,-0.02948804758489132,-0.03826623782515526,-0.05037865415215492,-0.03549393638968468,-0.03778126463294029,-0.04082028195261955,-0.02271374501287937,-0.03154958412051201,-0.021365106105804443,-0.025459052994847298,-0.02880210429430008,-0.053138166666030884,-0.04598705470561981,-0.032227471470832825,-0.019071994349360466,-0.009882311336696148,-0.010702014900743961,-0.0377873070538044,-0.07664048671722412,-0.10764475166797638,-0.09078827500343323,-0.10133843123912811,-0.11249926686286926,-0.11757510900497437,-0.10679403692483902,-0.20355315506458282,-0.12976433336734772,-0.10141431540250778,-0.05370819568634033,-0.016916733235120773,0.016329551115632057,0.04217140004038811,0.018991367891430855,-0.00826297327876091,-0.022061502560973167,-0.04771502688527107,-0.02663302794098854,-0.05344489961862564,-0.04032435640692711,-0.053409818559885025,-0.07984045147895813,-0.026256345212459564,-0.04207932576537132,-0.07349423319101334,0.006598304491490126,-0.02774861827492714,-0.06304556131362915,0.05174222216010094,-0.006531872786581516,-0.09261476248502731,0.018294211477041245,-0.0012224154779687524,-0.017616119235754013,-0.0037138056941330433,-0.010806313715875149,0.0037670843303203583,-0.00869371835142374,0.05095741152763367,-0.02198348566889763,-0.004069562070071697,0.008407099172472954,-0.025864193215966225,0.04232117906212807,-0.014375132508575916,0.020667798817157745,0.028717389330267906,-0.1020876094698906,0.04124009609222412,-0.06955484300851822,0.1521102488040924,-0.1304430216550827,0.035994771867990494,0.05370832979679108,0.1635938137769699,-0.06752614676952362,-0.07245565205812454,0.08508789539337158,-0.04692165181040764,0.2794297933578491,0.028842302039265633,0.04594897851347923,-0.2644391655921936,0.1588306725025177,0.06375522911548615,-0.11988699436187744,-0.03773066774010658,0.3890743851661682,-0.1601603776216507,0.0981382429599762,-0.09751079231500626,0.21669813990592957,-0.11559396237134933,0.2488890141248703,-0.15814372897148132,-0.007653216365724802,0.0789618268609047,0.12477380037307739,-0.19863811135292053,0.4352733790874481,-0.41504737734794617,0.08475669473409653,0.0027590643148869276,0.2973839342594147,-0.031816668808460236,-0.213771790266037,-0.136039137840271,0.0789647176861763,0.2075478732585907,-0.36521556973457336,0.6113633513450623,-0.06807546317577362,-0.15382668375968933,0.01997697912156582,0.22405917942523956,-0.36304041743278503,0.1278795450925827,0.4424768388271332,-0.4520726501941681,0.2322622686624527,0.18544313311576843,-0.046667542308568954,0.07352595776319504,-1.239932544194744e-06,0.02532152272760868,7.60387338232249e-05,3.4207250791951083e-06,-2.2588426418224117e-06,-3.0897932447260246e-05,0.0006567166419699788,2.8402912616729736,-0.3203240633010864,-0.05369538813829422,0.011859475634992123,-0.021618470549583435,0.046614598482847214,-0.014992650598287582,-0.09013742953538895,-0.07527387142181396
479,-0.0016730850329622626,-0.006215499714016914,-0.010061596520245075,-0.00727727310732007,0.0015128800878301263,0.010434813797473907,0.011406339704990387,0.008282177150249481,0.00235746125690639,-0.0037722778506577015,-0.006051287055015564,-0.006444139871746302,-0.008669502101838589,-0.012245303019881248,-0.014543252997100353,-0.017790140584111214,-0.02001233398914337,-0.01855156011879444,-0.02680961787700653,-0.03070797026157379,-0.040296152234077454,-0.052525538951158524,-0.036810535937547684,-0.0385337769985199,-0.041796982288360596,-0.02384214475750923,-0.03259728103876114,-0.022350283339619637,-0.026559101417660713,-0.030195806175470352,-0.0544605478644371,-0.04701386019587517,-0.027563992887735367,-0.00038063013926148415,0.0313766673207283,0.08137132227420807,0.1088247001171112,0.05609707161784172,-0.022669043391942978,-0.0643099695444107,-0.09435619413852692,-0.11471784114837646,-0.12292090058326721,-0.1176222413778305,-0.21330943703651428,-0.1507711112499237,-0.12711691856384277,-0.09146644175052643,-0.08064191788434982,-0.04798223450779915,-0.05800831317901611,-0.03460903465747833,-0.03097955323755741,-0.031982917338609695,-0.054186999797821045,-0.03412136808037758,-0.062044523656368256,-0.052027229219675064,-0.06317809224128723,-0.09203559905290604,-0.0435931570827961,-0.050008393824100494,-0.08751290291547775,-0.0062842657789587975,-0.04159347340464592,-0.07356549799442291,0.03596948832273483,-0.02593648061156273,-0.12216074764728546,0.007732123602181673,-0.0092112822458148,-0.016807319596409798,0.00670288410037756,0.018356425687670708,0.02424757368862629,-0.0021281205117702484,0.026861522346735,-0.049729764461517334,-0.023085281252861023,0.024247203022241592,-0.013677850365638733,0.00660548685118556,-0.03305456414818764,0.0017863831017166376,0.0012549032690003514,-0.12932991981506348,0.01803581789135933,-0.09215763956308365,0.11418356001377106,-0.15535834431648254,0.02215312048792839,0.05075927823781967,0.1795787662267685,-0.09641120582818985,-0.11605232208967209,0.10564787685871124,-0.07399070262908936,0.2853514552116394,-0.009724286384880543,0.006795997265726328,-0.2588939070701599,0.139919251203537,0.026587922126054764,-0.13001050055027008,-0.027681991457939148,0.407061904668808,-0.168201744556427,0.06895170360803604,-0.09670339524745941,0.08717291057109833,0.011487717740237713,0.20023870468139648,0.003110517282038927,0.019133828580379486,0.03175942227244377,0.1267327517271042,-0.25748685002326965,0.5449422001838684,-0.6371747255325317,-0.011089364998042583,-0.016289735212922096,0.2594185471534729,-0.05481252819299698,-0.22240354120731354,-0.16080589592456818,0.08694058656692505,0.20507748425006866,-0.3867035508155823,0.5716301798820496,-0.057192470878362656,-0.12792913615703583,0.05680645629763603,0.2590055465698242,-0.33702629804611206,0.04750504344701767,0.37754014134407043,-0.36513376235961914,0.22310473024845123,0.16974887251853943,-0.09672261774539948,0.05359330028295517,-7.563945700894692e-07,0.026492983102798462,0.0006536589353345335,5.665219759976026e-06,1.1994952728855424e-06,-8.080902262008749e-06,0.002316136145964265,2.6179189682006836,-0.17309530079364777,-0.0027303851675242186,-0.00367944547906518,-0.019576912745833397,-0.03069976158440113,-0.00588201405480504,-0.04525591433048248,-0.027874337509274483
480,-0.0013366935309022665,-0.005984889809042215,-0.012374285608530045,-0.016339583322405815,-0.016818942502141,-0.009860925376415253,-0.0009198474581353366,0.0070843868888914585,0.01241028681397438,0.013586831279098988,0.006830449216067791,0.0007618984091095626,-0.00420263921841979,-0.00980417151004076,-0.013590610586106777,-0.017284246161580086,-0.01896717958152294,-0.017454128712415695,-0.024305589497089386,-0.028881864622235298,-0.037167876958847046,-0.04919806495308876,-0.03469836711883545,-0.03674199432134628,-0.0397905670106411,-0.02228759415447712,-0.03100508078932762,-0.021142181009054184,-0.023651402443647385,-0.024744199588894844,-0.03748653829097748,-0.025938473641872406,-0.015662698075175285,-0.011980422772467136,-0.01651565358042717,-0.032965075224637985,-0.05968628451228142,-0.07221634685993195,-0.07424979656934738,-0.05512154474854469,-0.05873879790306091,-0.07375571131706238,-0.08883623033761978,-0.0951651781797409,-0.19218392670154572,-0.12989428639411926,-0.11581477522850037,-0.08454199135303497,-0.07912657409906387,-0.05827135220170021,-0.08692318201065063,-0.0606556162238121,-0.04781928285956383,-0.04010485112667084,-0.050639014691114426,-0.022673271596431732,-0.035192470997571945,-0.027360383421182632,-0.03814154863357544,-0.0625288337469101,-0.025233762338757515,-0.04255390539765358,-0.07371403276920319,0.0036366982385516167,-0.029733460396528244,-0.052470311522483826,0.030771134421229362,-0.010606709867715836,-0.07774621993303299,-0.001748784095980227,-0.0003720769309438765,-0.014670346863567829,-0.02172865718603134,-0.13817816972732544,-0.016024384647607803,-0.011180841363966465,0.07487151026725769,-0.0274735726416111,-0.007045590318739414,0.010497050359845161,-0.02485983446240425,0.03542398288846016,-0.02132025919854641,0.014014486223459244,0.023630449548363686,-0.09609118849039078,0.03849327936768532,-0.053262438625097275,0.12271368503570557,-0.1350855529308319,0.029433341696858406,0.05470265820622444,0.170381098985672,-0.07919660955667496,-0.09489491581916809,0.11216113716363907,-0.07203488796949387,0.3420058786869049,0.019059201702475548,0.04778258875012398,-0.26413729786872864,0.13907966017723083,0.05322486162185669,-0.11109378188848495,-0.023240631446242332,0.23262663185596466,-0.196311354637146,0.05669719725847244,-0.11346722394227982,0.2924177348613739,-0.25094443559646606,0.22816143929958344,-0.21262595057487488,-0.035457126796245575,0.07148194313049316,0.12398983538150787,-0.23179620504379272,0.4913240373134613,-0.449527770280838,0.07992254197597504,0.019671905785799026,0.27611997723579407,-0.034370388835668564,-0.18162302672863007,-0.10751955211162567,0.043310850858688354,0.19504660367965698,-0.35696732997894287,0.5765204429626465,-0.065053291618824,-0.14989063143730164,0.026630951091647148,0.25192156434059143,-0.3579474985599518,0.11032426357269287,0.42151758074760437,-0.4281993806362152,0.21645274758338928,0.17481039464473724,-0.04604513943195343,0.06492169946432114,-8.063934160418285e-07,0.004982813727110624,9.624997619539499e-05,1.385340397064283e-06,-8.394891324314813e-07,-8.285166586574633e-06,0.0005639246082864702,2.6483404636383057,-0.3559684157371521,-0.042654603719711304,0.009696531109511852,-0.009097590111196041,0.03893888741731644,-0.0383441336452961,-0.08643639087677002,-0.03621533885598183
481,-0.0009139478206634521,-0.005222390405833721,-0.00873578805476427,-0.0112155107781291,-0.012774443253874779,-0.011567529290914536,-0.008063465356826782,-0.006625748705118895,-0.006458144169300795,-0.007383925374597311,-0.006570333149284124,-0.005147789604961872,-0.00704178074374795,-0.010880128480494022,-0.01206327322870493,-0.014889489859342575,-0.017305079847574234,-0.015078572556376457,-0.02027992345392704,-0.016350513324141502,-0.0010867153760045767,0.06848518550395966,0.13509532809257507,0.22479505836963654,0.3035312592983246,0.16438396275043488,0.1580178588628769,0.06188584864139557,0.026594316586852074,0.009496697224676609,-0.004736053291708231,-0.023752626031637192,-0.03288616985082626,-0.047392770648002625,-0.06312268227338791,-0.0987493097782135,-0.13806913793087006,-0.1317913830280304,-0.12156900763511658,-0.09148719161748886,-0.08997789025306702,-0.09980424493551254,-0.10687002539634705,-0.09627635776996613,-0.18183080852031708,-0.12952232360839844,-0.10934361070394516,-0.08398597687482834,-0.07231827825307846,-0.051349714398384094,-0.07701385766267776,-0.03929644078016281,-0.0031267155427485704,0.06577646732330322,0.23158131539821625,0.25341808795928955,0.4132259786128998,0.3174417316913605,0.21009878814220428,0.0797746479511261,-0.0024064872413873672,-0.03035372495651245,-0.06620167940855026,-0.013586306944489479,-0.024710291996598244,-0.043556541204452515,0.03240519016981125,-0.010731508955359459,-0.11607830971479416,0.03295750916004181,-0.07338784635066986,-0.08296258002519608,-0.04628618061542511,-0.22763068974018097,-0.04384917765855789,-0.06284821033477783,0.07528658956289291,-0.0719551295042038,-0.06923042982816696,0.06106432527303696,0.07638990134000778,-0.00470796087756753,-0.028206460177898407,-0.0018801807891577482,-0.0262852031737566,0.1392764151096344,-0.1439870297908783,0.3139175474643707,-0.38017433881759644,0.6158967018127441,-0.17184115946292877,-0.3213878870010376,-0.0066525680013000965,0.10146867483854294,0.06687337905168533,0.00598558085039258,-0.03011762909591198,0.17603400349617004,0.005272386595606804,0.039135538041591644,-0.25294029712677,0.2052147090435028,0.06550493836402893,-0.09604993462562561,0.04408600181341171,0.368416965007782,-0.26234689354896545,0.22909723222255707,-0.0807744711637497,0.330206960439682,-0.47655996680259705,0.8983098268508911,-0.7960224747657776,0.13078099489212036,0.30657246708869934,0.11699191480875015,-0.17879775166511536,-0.38403239846229553,1.212448000907898,-0.386313259601593,-0.030049804598093033,-1.1178297996520996,0.2571984529495239,0.7168804407119751,0.2082338184118271,-0.08210621029138565,-0.07885494828224182,0.1514497548341751,0.15038837492465973,-0.05759673938155174,-0.005551640875637531,-0.02888565883040428,0.3218860924243927,-0.36227530241012573,0.1784689724445343,0.21457059681415558,-0.3257402181625366,0.05365678668022156,0.08642275631427765,0.026649463921785355,0.09948265552520752,-4.282266274913127e-07,0.010501643642783165,0.0004957015044055879,3.281991894255043e-06,-1.3898137751766626e-07,4.1066545236390084e-05,0.0011530563933774829,-0.3157615661621094,0.1112736389040947,0.015464050695300102,-0.005556026939302683,0.03425348550081253,0.015440315008163452,0.0340903177857399,-0.0104240532964468,-0.011506125330924988
482,0.0009097890579141676,0.0051112049259245396,0.011883343569934368,0.017687788233160973,0.022633548825979233,0.0216000247746706,0.015413577668368816,0.009837059304118156,0.002713356399908662,-0.003633797401562333,-0.005898328498005867,-0.006224107928574085,-0.008511936292052269,-0.011913594789803028,-0.014365476556122303,-0.017652602866292,-0.019335715100169182,-0.017546506598591805,-0.024347811937332153,-0.029272133484482765,-0.0380682535469532,-0.05010130628943443,-0.035394337028265,-0.03771604970097542,-0.04054480046033859,-0.022598104551434517,-0.031335726380348206,-0.021240493282675743,-0.02474476583302021,-0.027179595082998276,-0.04381438344717026,-0.02948814257979393,-0.011849168688058853,0.0004716699186246842,-0.0011662626639008522,-0.021442091092467308,-0.07373367249965668,-0.11383131146430969,-0.12993420660495758,-0.09758210927248001,-0.10133913159370422,-0.10518521070480347,-0.099261574447155,-0.07977602630853653,-0.12604989111423492,-0.0726853683590889,-0.056341685354709625,-0.0341409370303154,-0.02614845708012581,-0.0165568757802248,-0.026553960517048836,-0.022201713174581528,-0.02571810781955719,-0.028354043141007423,-0.049193985760211945,-0.026628658175468445,-0.0529976561665535,-0.04085257276892662,-0.05283429101109505,-0.07874152064323425,-0.027294134721159935,-0.04311567172408104,-0.07599273324012756,0.005201025400310755,-0.029730835929512978,-0.06311885267496109,0.04845412075519562,-0.007957658730447292,-0.09006855636835098,0.010642576031386852,-0.0007447224925272167,-0.014507380314171314,-0.013642719946801662,-0.05923646315932274,0.0019026994705200195,-0.007448041345924139,0.009991553612053394,-0.020957104861736298,-0.005476855207234621,0.004391566850244999,-0.024196332320570946,0.0348854660987854,-0.012950586155056953,0.0213406253606081,0.02520630694925785,-0.09728439152240753,0.03447879105806351,-0.05733618512749672,0.12354593724012375,-0.12430942803621292,0.02711416594684124,0.051455505192279816,0.15634165704250336,-0.06871102005243301,-0.08017273247241974,0.10942447185516357,-0.057710736989974976,0.314909428358078,0.027072615921497345,0.04363659396767616,-0.2634390890598297,0.15427355468273163,0.07210815697908401,-0.12025610357522964,-0.04205906763672829,0.33284318447113037,-0.18837444484233856,0.05067854002118111,-0.09546734392642975,0.25136303901672363,-0.18697305023670197,0.23977620899677277,-0.13034939765930176,0.01223318837583065,0.06882728636264801,0.10170453041791916,-0.2095395028591156,0.4480140209197998,-0.4536135792732239,0.06879092752933502,0.004336654674261808,0.29988452792167664,-0.03813868761062622,-0.22430221736431122,-0.1445792019367218,0.06859444826841354,0.19729681313037872,-0.38434240221977234,0.5790166258811951,-0.07602851837873459,-0.13677731156349182,0.027761273086071014,0.22487013041973114,-0.34258633852005005,0.11612395197153091,0.41741615533828735,-0.4400964677333832,0.21837162971496582,0.16611464321613312,-0.05612825229763985,0.061635974794626236,-1.254020844498882e-06,0.019465642049908638,-0.00027148748631589115,6.547691100422526e-07,-1.7475504137109965e-06,-2.9269403967191465e-05,-0.00020195412798784673,2.5887739658355713,-0.2629130184650421,-0.031050994992256165,0.009102972224354744,-0.030139798298478127,0.043342046439647675,-0.021262357011437416,-0.053999390453100204,-0.030293084681034088
483,-0.0012088263174518943,-0.005816505290567875,-0.01170701626688242,-0.016057845205068588,-0.017967944964766502,-0.013214311562478542,-0.005753392819315195,0.0013102558441460133,0.00814796146005392,0.013852746225893497,0.01049470342695713,0.004858952481299639,-0.0001384910719934851,-0.007032089401036501,-0.01238639373332262,-0.01695038191974163,-0.018973693251609802,-0.017619092017412186,-0.023856662213802338,-0.02857545204460621,-0.03681429848074913,-0.04855545982718468,-0.034460779279470444,-0.03704799339175224,-0.039773523807525635,-0.021705785766243935,-0.029099663719534874,-0.01773635298013687,-0.015470529906451702,-0.010958603583276272,-0.011759674176573753,-0.0158401932567358,-0.025497818365693092,-0.038150567561388016,-0.05263879895210266,-0.08096635341644287,-0.10262352228164673,-0.091010682284832,-0.08354543894529343,-0.06726501882076263,-0.07491383701562881,-0.07796976715326309,-0.06063321605324745,-0.026942655444145203,0.000861881475429982,0.004578030202537775,-0.012132648378610611,-0.02914814092218876,-0.04467220604419708,-0.03938542306423187,-0.05299396067857742,-0.03096948191523552,-0.02748611755669117,-0.027705080807209015,-0.046529900282621384,-0.02507421374320984,-0.042334314435720444,-0.02964456006884575,-0.03474239259958267,-0.048803821206092834,-0.015970109030604362,-0.03775239363312721,-0.06880508363246918,0.0026165286544710398,-0.027162861078977585,-0.04805446043610573,0.04272330179810524,0.0016863604541867971,-0.0861845463514328,0.028632737696170807,0.015174302272498608,-0.007942406460642815,-0.03621887415647507,-0.170437291264534,-0.031008221209049225,-0.0038645549211651087,0.0826738178730011,-0.029224002733826637,-0.009593559429049492,0.004071538336575031,-0.0280481968075037,0.028983663767576218,-0.01891627348959446,0.0030214900616556406,-0.0063858130015432835,-0.04982919991016388,0.002584857400506735,-0.02268405817449093,0.021556347608566284,-0.11438421159982681,0.020115558058023453,0.03510858491063118,0.09770763665437698,-0.07284477353096008,-0.05129401385784149,0.06503548473119736,-0.056820522993803024,0.2755294740200043,0.0319497287273407,0.04460116848349571,-0.24118445813655853,0.1373225599527359,0.06968796998262405,-0.10492370277643204,-0.013000496663153172,0.3336314558982849,-0.2247147262096405,0.09963817894458771,-0.11785633116960526,0.3371044099330902,-0.35783639550209045,0.22374854981899261,-0.19120290875434875,-0.015033341944217682,0.09895245730876923,0.10432268679141998,-0.19784626364707947,0.3972773551940918,-0.41276609897613525,0.09819593280553818,0.025952806696295738,0.2629324793815613,-0.03508380055427551,-0.17297916114330292,-0.07005099207162857,0.029446085914969444,0.18896403908729553,-0.26772749423980713,0.4048977494239807,-0.0699043869972229,0.012883073650300503,-0.0001525097177363932,0.21049341559410095,-0.306051105260849,0.11796552687883377,0.20528638362884521,-0.3527785837650299,0.09883911162614822,0.19009988009929657,-0.04560904577374458,0.06596948206424713,-8.59102556205471e-07,-0.005608255043625832,0.0004813942941837013,8.159607318702911e-07,9.823066875469522e-07,0.00010933444718830287,0.0006465326296165586,1.887192964553833,-0.2609838843345642,0.016132356598973274,0.013670191168785095,-0.006214997731149197,0.026129933074116707,0.01463316846638918,-0.01561768725514412,0.06180970370769501
484,-0.0007201780681498349,0.00013367099745664746,0.010073443874716759,0.0324711911380291,0.06025821715593338,0.0654376745223999,0.04668310657143593,0.030507251620292664,0.012555803172290325,0.0003023392637260258,-0.00507303886115551,-0.006098635960370302,-0.008497037924826145,-0.011853487230837345,-0.014240630902349949,-0.01746729575097561,-0.019231922924518585,-0.017269182950258255,-0.023965058848261833,-0.02901637926697731,-0.03802071884274483,-0.05009083077311516,-0.035268642008304596,-0.037890732288360596,-0.04051481559872627,-0.02239837870001793,-0.031154712662100792,-0.02080836147069931,-0.02514106221497059,-0.028704717755317688,-0.053614601492881775,-0.04843120649456978,-0.03934190794825554,-0.034348320215940475,-0.03597111627459526,-0.05875115096569061,-0.1001659631729126,-0.12380906939506531,-0.13046148419380188,-0.09750664979219437,-0.10434117168188095,-0.11310623586177826,-0.11923679709434509,-0.10579806566238403,-0.19252876937389374,-0.1099005937576294,-0.06519069522619247,-0.002101088874042034,0.05570818483829498,0.0948401615023613,0.15512093901634216,0.08124177902936935,0.02282170206308365,-0.006313013844192028,-0.03665473312139511,-0.024463394656777382,-0.051802899688482285,-0.03776948153972626,-0.05029993876814842,-0.0746026411652565,-0.02248353324830532,-0.04233716428279877,-0.07477090507745743,0.0036869177129119635,-0.03182412311434746,-0.063992440700531,0.049899786710739136,-0.004226043354719877,-0.08532878011465073,0.02535560540854931,0.004257900174707174,-0.016626618802547455,-0.008755690418183804,-0.01417469047009945,0.005450330674648285,-0.007867859676480293,0.03713718056678772,-0.022235486656427383,-0.005398867651820183,0.01535019837319851,-0.02327526919543743,0.03147497773170471,-0.010718661360442638,0.021226724609732628,0.023566899821162224,-0.10003744065761566,0.041342899203300476,-0.06791780889034271,0.15639817714691162,-0.12086866796016693,0.030594680458307266,0.04628622531890869,0.10941559076309204,-0.06883272528648376,-0.04051222279667854,0.0308635663241148,-0.0455922856926918,0.1912199705839157,0.022380400449037552,0.04482503607869148,-0.2539042830467224,0.16099822521209717,0.07103421539068222,-0.11694595962762833,-0.038323260843753815,0.36750295758247375,-0.17078857123851776,0.10139375180006027,-0.1099204272031784,0.24479636549949646,-0.1727011799812317,0.2302236258983612,-0.16146153211593628,-0.008457832969725132,0.08666715025901794,0.08653333783149719,-0.18547652661800385,0.2887977361679077,-0.3207540214061737,0.10433796793222427,0.007473774254322052,0.24148567020893097,-0.03447176143527031,-0.2406001091003418,-0.16886551678180695,0.09325619786977768,0.18732278048992157,-0.44706928730010986,0.6235055923461914,-0.09125326573848724,-0.1833478957414627,0.03710313141345978,0.22058609127998352,-0.3874664902687073,0.1436227560043335,0.38373494148254395,-0.44564858078956604,0.1846189796924591,0.17699629068374634,-0.0611380897462368,0.06542355567216873,-8.531573030268191e-07,0.023846043273806572,0.00012797756062354892,2.750977273535682e-06,-1.6380579381802818e-06,-9.407609468325973e-06,0.00010041632049251348,2.437267541885376,-0.23461352288722992,-0.033244602382183075,0.013261334970593452,-0.024020174518227577,0.04079883173108101,-0.017349081113934517,-0.05634693428874016,-0.02077603153884411
485,-0.0013987537240609527,-0.005496714264154434,-0.008727362379431725,-0.0055062673054635525,0.0031523993238806725,0.010742738842964172,0.010520587675273418,0.006892478093504906,0.0009860763093456626,-0.004653500858694315,-0.0061879837885499,-0.006393943913280964,-0.008478127419948578,-0.012117665261030197,-0.014637447893619537,-0.01788276433944702,-0.019680799916386604,-0.01847570575773716,-0.02600400149822235,-0.02990969456732273,-0.039354462176561356,-0.05164257064461708,-0.03583785146474838,-0.038060035556554794,-0.041065115481615067,-0.022987449541687965,-0.032056502997875214,-0.02195250429213047,-0.02583439275622368,-0.028083011507987976,-0.04745955392718315,-0.03389131277799606,-0.012882420793175697,0.010491137392818928,0.0284643042832613,0.055366918444633484,0.06281287968158722,0.02497445046901703,-0.02915441431105137,-0.05876452475786209,-0.0853840783238411,-0.10939981043338776,-0.11734160780906677,-0.1132725402712822,-0.21188686788082123,-0.14332027733325958,-0.12128088623285294,-0.08459176868200302,-0.0734567791223526,-0.043244700878858566,-0.05098295584321022,-0.03257589414715767,-0.032590724527835846,-0.0338875912129879,-0.055294424295425415,-0.030738364905118942,-0.057564523071050644,-0.04428504407405853,-0.05722738057374954,-0.08125322312116623,-0.031664762645959854,-0.038572993129491806,-0.0584760382771492,-0.004193759057670832,-0.020912831649184227,-0.03997725620865822,0.03132650628685951,-0.01351320743560791,-0.08954545855522156,0.009331492707133293,-0.001993567682802677,-0.02756473235785961,-0.052377551794052124,-0.19866794347763062,-0.0399482399225235,-0.026553038507699966,0.06826033443212509,-0.03538135439157486,-0.008251519873738289,0.009222977794706821,-0.028774326667189598,0.039369042962789536,-0.024596570059657097,0.006315208971500397,0.01803259365260601,-0.1171739399433136,0.03129907697439194,-0.0772993341088295,0.1324760913848877,-0.1372276246547699,0.03601181134581566,0.04959879815578461,0.17830541729927063,-0.08265136182308197,-0.10292570292949677,0.11580364406108856,-0.05000946298241615,0.3075425624847412,0.011951266787946224,0.031944163143634796,-0.2585928738117218,0.14090275764465332,0.0535149946808815,-0.122611403465271,-0.03694377467036247,0.29369014501571655,-0.20380426943302155,0.008362692780792713,-0.10303718596696854,0.17059226334095,-0.09369929879903793,0.24693123996257782,-0.07646290212869644,0.02011830173432827,0.03587508574128151,0.08898236602544785,-0.19633983075618744,0.3860818147659302,-0.4394666254520416,0.06527725607156754,0.006635752972215414,0.3140508830547333,-0.05274590104818344,-0.20488642156124115,-0.16016049683094025,0.06551235169172287,0.23041102290153503,-0.33133354783058167,0.5826901197433472,-0.028362104669213295,-0.14138789474964142,0.04233362153172493,0.23172636330127716,-0.32428768277168274,0.0474822036921978,0.39607682824134827,-0.4022785425186157,0.22208687663078308,0.17809940874576569,-0.08483653515577316,0.06573091447353363,-1.1240814501434215e-06,0.021162914112210274,-0.00018514775729272515,1.2859931075581699e-06,-1.6326235936503508e-06,-2.5211138563463464e-05,-0.00047683686716482043,2.79712176322937,-0.2840253412723541,-0.022516727447509766,0.006138018798083067,-0.019796282052993774,0.04577259719371796,-0.018913788720965385,-0.051702044904232025,-0.05355067178606987
486,-0.0012753135524690151,-0.005780717823654413,-0.012029483914375305,-0.0166068933904171,-0.018751561641693115,-0.015558537095785141,-0.010935381054878235,-0.009804224595427513,-0.008581725880503654,-0.00938472617417574,-0.007608708459883928,-0.006449842359870672,-0.008345145732164383,-0.011532406322658062,-0.013978982344269753,-0.017077725380659103,-0.01875309646129608,-0.017217380926012993,-0.02389075793325901,-0.028784606605768204,-0.036478690803050995,-0.04809895530343056,-0.033990684896707535,-0.034710612148046494,-0.03341838717460632,-0.013357098214328289,-0.00536862388253212,0.006605171598494053,0.018206199631094933,0.020306821912527084,0.016092611476778984,-0.01706578955054283,-0.037142541259527206,-0.05029459297657013,-0.06359606981277466,-0.10141517966985703,-0.14401330053806305,-0.14863629639148712,-0.1414918750524521,-0.10098030418157578,-0.10032711178064346,-0.10674111545085907,-0.1006343737244606,-0.0758097842335701,-0.10167557001113892,-0.04370509833097458,-0.030345052480697632,-0.027247605845332146,-0.04020462930202484,-0.0441807396709919,-0.07811891287565231,-0.05803992226719856,-0.04998735338449478,-0.04434370622038841,-0.06048894301056862,-0.030703309923410416,-0.05403344705700874,-0.04270816594362259,-0.05341990292072296,-0.07650365680456161,-0.024766892194747925,-0.04051494970917702,-0.06075802817940712,-0.0029446978587657213,-0.02959865890443325,-0.06066752225160599,0.03687578812241554,-0.010690835304558277,-0.09246324002742767,0.023536579683423042,-0.00020912369654979557,-0.022990157827734947,-0.05367462337017059,-0.1893453299999237,-0.03556611016392708,-0.02021573856472969,0.07639160752296448,-0.022069238126277924,-0.006803940981626511,-0.020912086591124535,-0.053181130439043045,0.021303823217749596,-0.024291755631566048,0.010191217064857483,0.025379961356520653,-0.09578837454319,0.03677209094166756,-0.05796296149492264,0.1404867023229599,-0.12805256247520447,0.03983699157834053,0.051311083137989044,0.16096453368663788,-0.0792597234249115,-0.07796349376440048,0.09095631539821625,-0.060432374477386475,0.23273377120494843,-0.003696976462379098,0.019604643806815147,-0.264970064163208,0.13466468453407288,0.059703852981328964,-0.10979776829481125,-0.03616602346301079,0.3622252345085144,-0.20564593374729156,0.1306529939174652,-0.15438993275165558,0.3253844976425171,-0.35822999477386475,0.21290619671344757,-0.23802731931209564,0.004848385229706764,0.06882965564727783,0.10859272629022598,-0.1859477162361145,0.43943139910697937,-0.41931605339050293,0.08220795542001724,0.0016416425351053476,0.2816060781478882,-0.022395208477973938,-0.1966726928949356,-0.10751011222600937,0.0526929534971714,0.2174338698387146,-0.3339274823665619,0.5357023477554321,-0.05275600403547287,-0.06903810799121857,0.027561498805880547,0.22112497687339783,-0.2971317768096924,0.1472097486257553,0.42160460352897644,-0.425805926322937,0.21657517552375793,0.12349914014339447,-0.02417207881808281,0.07534098625183105,9.74321665125899e-06,-0.019271759316325188,0.0020206926856189966,-3.947895493183751e-06,7.5519978963711765e-06,0.00031592798768542707,0.002929844195023179,2.486206293106079,-0.48602399230003357,-0.03441052511334419,0.018845051527023315,0.05499810725450516,-0.004491124767810106,0.008569113910198212,-0.0500546395778656,0.05182410031557083
487,0.0023246146738529205,0.006256732624024153,0.003985998220741749,-0.004402199760079384,-0.012039200402796268,-0.013175607658922672,-0.010677658021450043,-0.01003071665763855,-0.008782962337136269,-0.009605593979358673,-0.00760109256953001,-0.0066206445917487144,-0.008580978028476238,-0.012016789987683296,-0.014632337726652622,-0.01799006015062332,-0.019607502967119217,-0.01836797036230564,-0.02517140470445156,-0.029644979164004326,-0.03856826201081276,-0.0507020503282547,-0.035458046942949295,-0.037895362824201584,-0.04056820645928383,-0.02226666361093521,-0.029719974845647812,-0.018008362501859665,-0.016071155667304993,-0.011433597654104233,-0.012257177382707596,-0.01561671867966652,-0.024843363091349602,-0.036898646503686905,-0.04782801866531372,-0.0685293897986412,-0.07374852150678635,-0.044103946536779404,-0.012528625316917896,0.002716666553169489,0.01165130827575922,0.005862535908818245,-0.015741832554340363,-0.04686247557401657,-0.1405760794878006,-0.11839272826910019,-0.11385910958051682,-0.08599510788917542,-0.08317531645298004,-0.06286990642547607,-0.09178223460912704,-0.0634474903345108,-0.0542125441133976,-0.04502345621585846,-0.06272881478071213,-0.02928544208407402,-0.05530096963047981,-0.04186147078871727,-0.05476625636219978,-0.08024230599403381,-0.02793925628066063,-0.04399484768509865,-0.07288093119859695,0.005672534462064505,-0.021739371120929718,-0.05602104589343071,0.056449081748723984,-0.008235709741711617,-0.09615975618362427,0.023733459413051605,0.0009611553978174925,-0.023338403552770615,-0.04162142798304558,-0.1635393649339676,-0.018338719382882118,-0.009733780287206173,0.03661248832941055,-0.018329212442040443,-0.007445938419550657,-0.006247118581086397,-0.0352301225066185,0.0370015949010849,-0.029641777276992798,0.0008881678804755211,0.0142676942050457,-0.0999392718076706,0.03401412069797516,-0.06710078567266464,0.14700087904930115,-0.13375994563102722,0.0429287850856781,0.05781017988920212,0.17092862725257874,-0.07737567275762558,-0.0955352783203125,0.12416496127843857,-0.03997126221656799,0.3455955982208252,0.017697911709547043,0.03883355110883713,-0.255967378616333,0.1442164033651352,0.061059046536684036,-0.10930025577545166,-0.029220394790172577,0.3434888422489166,-0.20931752026081085,0.08106985688209534,-0.11370911449193954,0.26150158047676086,-0.18252313137054443,0.25116878747940063,-0.12531685829162598,0.022153623402118683,0.059667766094207764,0.09255045652389526,-0.17884474992752075,0.32863831520080566,-0.3388075828552246,0.10252532362937927,0.02751077711582184,0.2703087031841278,-0.055670034140348434,-0.16142167150974274,-0.09638598561286926,0.052108705043792725,0.2407834231853485,-0.3045791685581207,0.5593714118003845,-0.04074845090508461,-0.13749651610851288,0.02926228754222393,0.21734566986560822,-0.32198166847229004,0.08199754357337952,0.46535056829452515,-0.46564483642578125,0.2184761017560959,0.14638283848762512,-0.061113350093364716,0.07072299718856812,-1.216603322973242e-06,0.026210283860564232,-0.00017548108007758856,2.7128639885631856e-06,-1.758016651365324e-06,-3.2525880669709295e-05,-0.0005090734921395779,2.618847370147705,-0.31799814105033875,-0.03325250372290611,0.00644684350118041,-0.035737987607717514,-0.016595041379332542,-0.01396729052066803,-0.0515444241464138,-0.03981071338057518
488,-0.0009555122232995927,-0.004206160549074411,-0.011810854077339172,-0.01153006311506033,-0.016885906457901,-0.013309795409440994,-0.009800932370126247,-0.008693914860486984,-0.007834579795598984,-0.007920658215880394,-0.006126090884208679,-0.005917633883655071,-0.007480379659682512,-0.010260306298732758,-0.01301274448633194,-0.013766033574938774,-0.009790094569325447,-0.0014132583746686578,0.010610446333885193,0.023160595446825027,0.038979917764663696,0.03800363838672638,0.00817992351949215,-0.01100606843829155,-0.027264224365353584,-0.019769499078392982,-0.02791762165725231,-0.019356250762939453,-0.024309543892741203,-0.025936748832464218,-0.05156240984797478,-0.052662357687950134,-0.050758056342601776,-0.049737658351659775,-0.057472895830869675,-0.0940418615937233,-0.13403017818927765,-0.1306823343038559,-0.12586437165737152,-0.0898662656545639,-0.08935543149709702,-0.0866057276725769,-0.05760374665260315,-0.015619986690580845,0.0430867001414299,0.04284647852182388,0.033470623195171356,-0.0019335104152560234,-0.033008281141519547,-0.042346689850091934,-0.07523374259471893,-0.052549976855516434,-0.04216969758272171,-0.03126124292612076,-0.03494009003043175,-0.018495846539735794,-0.035635486245155334,-0.02810884639620781,-0.04516702890396118,-0.05237257853150368,-0.009176108054816723,-0.03148550167679787,-0.0732957273721695,0.005757668521255255,-0.026676375418901443,-0.05791056156158447,0.040003854781389236,-0.0035346474032849073,-0.12439947575330734,0.010293379426002502,0.01734694093465805,-0.012349453754723072,-0.017052602022886276,-0.1421385407447815,-0.007198632694780827,-0.02204272337257862,0.043629225343465805,-0.022845381870865822,0.0006139515317045152,-0.003351227380335331,-0.0885196402668953,0.028036490082740784,-0.028736857697367668,-0.004244052339345217,0.004349699709564447,-0.06940000504255295,0.056850265711545944,-0.03868066146969795,0.13057935237884521,-0.12825073301792145,0.061648186296224594,0.06533190608024597,0.21072083711624146,-0.03268170729279518,-0.06484748423099518,0.1024591326713562,-0.10524991899728775,0.29856371879577637,-0.004240482579916716,0.010669028386473656,-0.19554050266742706,0.03729464113712311,-0.08097710460424423,0.4602780342102051,0.7528793811798096,-0.9448299407958984,0.562903881072998,-0.3682050406932831,-0.06761282682418823,0.2347094714641571,-0.2449103444814682,0.24280430376529694,-0.14590276777744293,-0.11165937781333923,0.04452075809240341,0.020522315055131912,-0.161155566573143,0.43786850571632385,-0.4227314591407776,0.03961028531193733,0.046019989997148514,0.2691308259963989,-0.017031924799084663,-0.11866367608308792,-0.07320979237556458,-0.007741056848317385,0.2540576159954071,-0.29926830530166626,0.4774712026119232,-0.06731238961219788,-0.07994569838047028,0.0009959122398868203,0.19160129129886627,-0.25983965396881104,-0.009905933402478695,0.3537334203720093,-0.4412083625793457,0.2684018909931183,0.13386650383472443,-0.09386087954044342,0.08871813118457794,9.332709396403516e-07,0.007077392656356096,0.0023574449587613344,2.9254849778226344e-06,2.470091203576885e-06,0.00020757768652401865,0.0042392658069729805,2.215918779373169,-0.13461941480636597,-0.006879966706037521,-0.013836320489645004,0.02587832510471344,-0.011043812148272991,-0.037047307938337326,0.06573207676410675,-0.09550052136182785
489,-0.0012261145748198032,-0.005992966238409281,-0.013102016411721706,-0.016866030171513557,-0.019116928800940514,-0.01558525301516056,-0.011148553341627121,-0.010057549923658371,-0.00875104684382677,-0.009572056122124195,-0.007708430755883455,-0.006692327558994293,-0.008635153993964195,-0.012071136385202408,-0.014711681753396988,-0.018042203038930893,-0.019718622788786888,-0.018632641062140465,-0.025892697274684906,-0.030124401673674583,-0.03892892971634865,-0.051179446280002594,-0.0356464758515358,-0.03793899342417717,-0.040649138391017914,-0.022169271484017372,-0.029026329517364502,-0.0168935414403677,-0.013808905147016048,-0.00895987544208765,-0.010370834730565548,-0.017721807584166527,-0.0290815606713295,-0.04270338639616966,-0.0550629161298275,-0.08021374046802521,-0.08339986205101013,-0.036041900515556335,0.017186837270855904,0.030605565756559372,0.03231312334537506,0.010420490056276321,-0.02725248970091343,-0.06238047406077385,-0.16624417901039124,-0.12960690259933472,-0.11845174431800842,-0.0883767232298851,-0.08442291617393494,-0.06365636736154556,-0.09190095961093903,-0.06328430771827698,-0.05497274547815323,-0.044936638325452805,-0.06274238973855972,-0.03061009757220745,-0.05600075051188469,-0.043834347277879715,-0.05744907259941101,-0.08332071453332901,-0.029512397944927216,-0.044781576842069626,-0.07434924691915512,0.0018828405300155282,-0.02555861324071884,-0.058288559317588806,0.0539841502904892,-0.008947568014264107,-0.1017720028758049,0.02501402609050274,-0.000596323050558567,-0.03045225329697132,-0.05498403683304787,-0.20442603528499603,-0.033709801733493805,-0.02177431620657444,0.06312350183725357,-0.022000588476657867,-0.0035704246256500483,0.014966794289648533,-0.019061174243688583,0.04022868350148201,-0.01220385730266571,0.023835700005292892,0.029361039400100708,-0.1142880842089653,0.029954813420772552,-0.07055097073316574,0.14290538430213928,-0.13897155225276947,0.04294537007808685,0.06040246784687042,0.1691926121711731,-0.08373712003231049,-0.10901690274477005,0.12210062146186829,-0.04252294450998306,0.3398541510105133,0.005656953435391188,0.03550135716795921,-0.2530728876590729,0.14500334858894348,0.05736171081662178,-0.11104048788547516,-0.027027463540434837,0.3634287118911743,-0.19998708367347717,0.09352203458547592,-0.11656462401151657,0.25847429037094116,-0.1698821485042572,0.2568768858909607,-0.150911346077919,0.014743003062903881,0.0641113817691803,0.11469963937997818,-0.17261698842048645,0.31991398334503174,-0.31632018089294434,0.10560714453458786,0.03122836723923683,0.23164768517017365,-0.054831407964229584,-0.16797100007534027,-0.11240077018737793,0.05831679701805115,0.24338188767433167,-0.3036770224571228,0.5828751921653748,-0.03451094031333923,-0.137112557888031,0.04471183940768242,0.2232079803943634,-0.3092676103115082,0.08506269007921219,0.45642754435539246,-0.45062386989593506,0.20405128598213196,0.16005170345306396,-0.056355077773332596,0.08209254592657089,-7.194191766757285e-07,0.04357902333140373,0.00022060527408029884,4.427055500855204e-06,-1.0449821274960414e-06,-1.644424810365308e-05,0.00044904506648890674,2.823166847229004,-0.37377840280532837,-0.010982232168316841,0.0012888654600828886,0.06427282094955444,-0.014899619854986668,-0.008337450213730335,0.07923711836338043,-0.03293060511350632
490,-0.0012963524786755443,-0.004607899580150843,-0.005383489653468132,0.003010319545865059,0.02165660262107849,0.03590140864253044,0.0337461419403553,0.027487104758620262,0.014444009400904179,0.0030169484671205282,-0.0037826858460903168,-0.005658162757754326,-0.008336905390024185,-0.011827685870230198,-0.014316926710307598,-0.017603037878870964,-0.019265713170170784,-0.017480649054050446,-0.024248847737908363,-0.029227804392576218,-0.03788527101278305,-0.049796294420957565,-0.03524285927414894,-0.037589069455862045,-0.04047161340713501,-0.022528886795043945,-0.03130791708827019,-0.02114148437976837,-0.024898963049054146,-0.02806537039577961,-0.04975883662700653,-0.04195049777626991,-0.031075499951839447,-0.02528143674135208,-0.02676088735461235,-0.04219420254230499,-0.064904123544693,-0.07273231446743011,-0.0804765447974205,-0.07024092972278595,-0.08569307625293732,-0.10347545146942139,-0.11429261416196823,-0.10702374577522278,-0.203709214925766,-0.13280825316905975,-0.11429470777511597,-0.07613842934370041,-0.054305560886859894,-0.017410898581147194,0.01335013099014759,0.02611043117940426,0.012149863876402378,-0.0016266873572021723,-0.025877108797430992,-0.021869588643312454,-0.04871851205825806,-0.03923657909035683,-0.05189284309744835,-0.07778195291757584,-0.02475312538444996,-0.042335424572229385,-0.0750589594244957,0.004874592646956444,-0.029306670650839806,-0.06368887424468994,0.0470002144575119,-0.008407501503825188,-0.08966640383005142,0.012750126421451569,-0.002148360013961792,-0.015894262120127678,-0.014407232403755188,-0.06921172142028809,-0.004266578238457441,-0.00826719868928194,0.045203372836112976,-0.023895107209682465,-0.005610229447484016,0.00959499180316925,-0.026203840970993042,0.03633483871817589,-0.021839823573827744,0.001273884903639555,0.0047171288169920444,-0.08709483593702316,0.03388677164912224,-0.062428321689367294,0.1495983600616455,-0.13078802824020386,0.035871051251888275,0.05943813920021057,0.17716482281684875,-0.07160241901874542,-0.08984287828207016,0.09852389246225357,-0.05226290225982666,0.23918567597866058,0.003398515284061432,0.033994004130363464,-0.24823619425296783,0.15389680862426758,0.06698337942361832,-0.11662669479846954,-0.03713839501142502,0.3535507917404175,-0.17882518470287323,0.07847126573324203,-0.10113627463579178,0.26862844824790955,-0.2038453072309494,0.23436200618743896,-0.16209255158901215,-0.014057430438697338,0.06780726462602615,0.10224749147891998,-0.20360416173934937,0.43776005506515503,-0.4233461916446686,0.08497656136751175,0.017346825450658798,0.2619761526584625,-0.04038654640316963,-0.2087981104850769,-0.141851544380188,0.06858842074871063,0.19774669408798218,-0.38543009757995605,0.5729978084564209,-0.0736629068851471,-0.12527316808700562,0.035837091505527496,0.23397712409496307,-0.3567871153354645,0.12209995090961456,0.444638192653656,-0.4487987458705902,0.22615700960159302,0.15956221520900726,-0.04622802138328552,0.06769029051065445,-1.165354319709877e-06,0.019009491428732872,-0.0002522769500501454,1.3068806765659247e-06,-2.212973186033196e-06,-2.9256620109663345e-05,-0.0004155639617238194,2.723785638809204,-0.29089680314064026,-0.04156620800495148,0.009136070497334003,-0.019039571285247803,-0.017605219036340714,-0.02332059107720852,-0.05406723544001579,-0.03325825184583664
491,-0.000771168852224946,-0.004961449187248945,-0.009747039526700974,-0.010022245347499847,-0.012945147231221199,-0.011601286940276623,-0.008347129449248314,-0.007051173131912947,-0.006655856501311064,-0.007918412797152996,-0.005832343362271786,-0.005449541378766298,-0.0072927274741232395,-0.010464956983923912,-0.013300063088536263,-0.015962567180395126,-0.017795665189623833,-0.01739325560629368,-0.024051140993833542,-0.026414643973112106,-0.0336652435362339,-0.0438249297440052,-0.028083890676498413,-0.023414215072989464,-0.01496732048690319,-0.0008187330677174032,0.008015512488782406,0.011021995916962624,0.012383507564663887,0.007723288144916296,-0.00408737501129508,-0.02449771761894226,-0.03610625118017197,-0.04638984799385071,-0.060544103384017944,-0.08800648152828217,-0.1279941350221634,-0.11523162573575974,-0.11375261843204498,-0.08191362023353577,-0.08464162796735764,-0.09958191215991974,-0.10333866626024246,-0.10265491157770157,-0.18265120685100555,-0.11738668382167816,-0.10824167728424072,-0.07984957844018936,-0.08088823407888412,-0.05076226219534874,-0.08329436182975769,-0.05393169820308685,-0.04479299858212471,-0.03166573494672775,3.601859862101264e-05,0.041139889508485794,0.1553238034248352,0.1859786957502365,0.21444851160049438,0.2294337898492813,0.05684030055999756,0.029913822188973427,0.020060069859027863,-0.003863838966935873,0.0349496491253376,0.1098896861076355,-0.06776119768619537,0.015272359363734722,0.14405718445777893,-0.02127951756119728,-0.0028439101297408342,0.005887438077479601,0.005749386269599199,0.022329166531562805,0.011827632784843445,-0.0024436849635094404,0.014310593716800213,-0.04622520133852959,-0.0580158568918705,0.031198855489492416,0.013611714355647564,-0.034382324665784836,-0.015223432332277298,0.018571386113762856,0.02570328861474991,-0.08411677181720734,0.05564088374376297,-0.02287173643708229,0.1598649024963379,-0.18199768662452698,0.0575721301138401,0.05323391407728195,0.16735011339187622,-0.07100342959165573,-0.046762336045503616,0.06155376881361008,-0.04215307533740997,0.13458046317100525,-0.026922566816210747,-0.006151440087705851,-0.16478008031845093,0.07298997044563293,0.023622281849384308,-0.06851818412542343,-0.012415899895131588,0.06542079895734787,-0.15352903306484222,-0.031809188425540924,-0.08492188900709152,0.16855262219905853,-0.1505882740020752,0.25334155559539795,-0.1202499121427536,-0.016989346593618393,-0.005804729647934437,0.052510570734739304,-0.16985587775707245,0.2984209358692169,-0.3543902337551117,0.09468840062618256,0.07902476191520691,0.12850140035152435,-0.05218404158949852,0.09877593070268631,0.0017494645435363054,-0.11051243543624878,-0.0662117600440979,0.25229695439338684,-0.12424889206886292,-0.04452342912554741,0.044395431876182556,-0.003257474396377802,-0.06427915394306183,0.295726478099823,0.00677331630140543,-0.38157573342323303,0.023971129208803177,-0.12973356246948242,0.03300687298178673,-0.008416003547608852,0.034141797572374344,4.9536222235246896e-08,0.016712907701730728,-0.0002464687277097255,-9.008589927361754e-07,2.4496915784766315e-07,-2.0109540855628438e-05,-0.0005695510189980268,-0.0004700867284554988,0.10112030059099197,0.040205229073762894,-0.0017857578350231051,0.04120377451181412,0.0355650968849659,0.04964523762464523,0.02401910535991192,0.051465947180986404
492,-0.0006348062306642532,-0.0030528330244123936,-0.003244964173063636,-6.0438083892222494e-05,0.006217476446181536,0.012232128530740738,0.017454884946346283,0.02487584576010704,0.03353482484817505,0.04873056337237358,0.033844366669654846,0.023450227454304695,0.018650630488991737,0.01218011137098074,0.002245423849672079,-0.0066771977581083775,-0.011795662343502045,-0.013168229721486568,-0.017781425267457962,-0.019181260839104652,-0.025660699233412743,-0.033655885607004166,-0.021258946508169174,-0.01507890410721302,0.007113851141184568,0.031930599361658096,0.10823087394237518,0.1289110779762268,0.1795186549425125,0.18614089488983154,0.258916974067688,0.14256510138511658,0.07704178243875504,0.06685833632946014,0.0822548195719719,0.10202334076166153,0.09195447713136673,0.027559684589505196,-0.011799982748925686,-0.012460706755518913,0.015578357502818108,0.06626627594232559,0.11391913145780563,0.12410374730825424,0.2134523093700409,0.12086106091737747,0.09975522011518478,0.06605475395917892,0.04434376582503319,0.014840935356914997,0.007612842135131359,0.0034882701002061367,0.013789466582238674,0.026613393798470497,0.057297483086586,0.04081547632813454,0.07244168221950531,0.05939849838614464,0.07614375650882721,0.08123515546321869,0.03653272986412048,0.030775858089327812,0.025933636352419853,0.004522732459008694,0.019800692796707153,0.028930149972438812,-0.06143186613917351,0.002488163998350501,0.11829696595668793,-0.027360985055565834,0.0735606998205185,0.06878030300140381,0.043632976710796356,0.1816580593585968,0.06923815608024597,0.11079566925764084,-0.1396755874156952,0.2892172336578369,0.10935315489768982,0.00581519678235054,-0.008969645947217941,0.014379662461578846,-0.017899131402373314,-0.03733329474925995,-0.05187584459781647,0.16964353621006012,-0.03967263922095299,0.006736446171998978,-0.05214151367545128,0.007398851215839386,-0.01904006116092205,-0.033403266221284866,-0.16172251105308533,0.1571093052625656,0.24045689404010773,-0.38667750358581543,0.10555651783943176,-0.9915111064910889,0.031022420153021812,-0.13094787299633026,0.5776708126068115,-0.31698736548423767,-0.2533445358276367,0.19925042986869812,-0.06662790477275848,-0.2565644085407257,0.05618543550372124,-0.07343120127916336,0.01939743384718895,-0.2213219404220581,0.4421226978302002,-0.4502325654029846,0.26510146260261536,0.16925226151943207,-0.17492042481899261,-0.4215014576911926,0.6823338270187378,-1.166795253753662,0.7355194091796875,-0.39943036437034607,-0.12245582044124603,-0.6873685717582703,0.16630993783473969,0.3898327648639679,0.6734442114830017,-0.07917933911085129,-0.2823055386543274,0.5355115532875061,-0.38665539026260376,-0.06904961168766022,0.04591615870594978,0.12270530313253403,-0.24453085660934448,0.8069264888763428,-0.1362290382385254,-1.404419183731079,1.7289857864379883,-0.0995204895734787,-0.19349360466003418,0.052639782428741455,-0.20385441184043884,2.2784651321217098e-07,-0.013477155938744545,-0.00027829178725369275,-2.834915449057007e-06,6.003052135383768e-07,-2.254279206681531e-05,-0.000609646609518677,-4.522418975830078,0.2817854881286621,0.04310237616300583,-0.004999738652259111,-0.013636210933327675,0.029592780396342278,0.03634253516793251,0.049642063677310944,0.04122542962431908
493,-0.001013216213323176,-0.004205547738820314,-0.0070221321657299995,-0.0055229272693395615,-0.0009896650444716215,0.005907815415412188,0.007225606124848127,0.006074555683881044,0.00307707441970706,-0.0014393505407497287,-0.0035377414897084236,-0.004486048594117165,-0.005929047241806984,-0.008252209983766079,-0.011216840706765652,-0.01276350487023592,-0.014157162047922611,-0.013486146926879883,-0.020276548340916634,-0.022828079760074615,-0.029751576483249664,-0.038914021104574203,-0.025856604799628258,-0.028513144701719284,-0.030949046835303307,-0.01700645126402378,-0.02132670022547245,-0.012130146846175194,-0.0085122836753726,-0.004920933861285448,-0.007325252518057823,-0.014688906259834766,-0.02471623569726944,-0.03322026506066322,-0.045740384608507156,-0.07432164996862411,-0.10885077714920044,-0.09786579757928848,-0.09329529106616974,-0.06601715087890625,-0.0709996297955513,-0.08587963134050369,-0.08541213721036911,-0.09413765370845795,-0.1612035185098648,-0.09396590292453766,-0.09316882491111755,-0.0666903406381607,-0.06603070348501205,-0.036561883985996246,-0.05049417167901993,-0.02937467396259308,-0.01923675462603569,-0.02461387775838375,-0.03787845000624657,-0.02447616308927536,-0.04082924872636795,-0.027663089334964752,-0.017751168459653854,0.022495953366160393,0.06504598259925842,0.18345992267131805,0.4201743006706238,0.09200606495141983,0.21125522255897522,0.24776063859462738,-0.03859863430261612,0.03439202532172203,0.31307199597358704,-0.02799006924033165,-0.10852144658565521,-0.0841251015663147,0.03485994040966034,0.043232277035713196,0.0009882047306746244,-0.004989481531083584,0.05380969122052193,-0.13981212675571442,-0.1263265311717987,0.011293328367173672,0.08625027537345886,-0.2024504840373993,0.11406027525663376,0.23408284783363342,0.18340693414211273,-0.11036666482686996,0.1495802402496338,0.000640561047475785,0.23803618550300598,-0.058513011783361435,0.0892050638794899,0.028586003929376602,0.20436368882656097,-0.03325558826327324,-0.045866452157497406,0.07663685083389282,-0.05242924019694328,0.09787903726100922,-0.052631329745054245,-0.05816859379410744,0.039364878088235855,-0.020375261083245277,-0.07946223020553589,0.028228480368852615,0.21906979382038116,-0.3993971645832062,0.019298117607831955,-0.16923807561397552,-0.1238136738538742,-0.38080015778541565,0.06754075735807419,-0.13148479163646698,-0.024470018222928047,-0.0016766267362982035,-0.022990485653281212,0.029165292158722878,-0.20330236852169037,0.37499964237213135,-0.42842212319374084,0.06627631187438965,0.17160968482494354,0.26839882135391235,0.044537030160427094,-0.30273598432540894,-0.11979261040687561,0.06093859300017357,-0.0863344743847847,-0.5361990928649902,0.6593096852302551,-0.07474937289953232,0.02975945547223091,-0.13414603471755981,-0.22877052426338196,0.4970681667327881,-0.12227291613817215,-0.38310036063194275,0.4820822477340698,-0.341947078704834,-0.39060768485069275,0.07120579481124878,-0.07931660860776901,-3.8680614267150304e-08,0.003344816854223609,-0.00018769694725051522,-2.942109915693436e-07,2.1976527264655488e-08,-1.8922917661257088e-05,-0.0003835332754533738,0.011909927241504192,0.15683047473430634,0.03377611190080643,-0.002311731455847621,-0.01216159574687481,0.030153324827551842,0.018950656056404114,0.03793897107243538,0.04514971375465393
494,-0.0008289690595120192,-0.004970152396708727,-0.009603516198694706,-0.010310045443475246,-0.013020454905927181,-0.012025750242173672,-0.0083289360627532,-0.006975376047194004,-0.0067128753289580345,-0.007162040565162897,-0.004282340873032808,-0.001860181801021099,0.0015822527930140495,0.007334755267947912,0.01310489047318697,0.011003449559211731,0.001973210135474801,-0.007640954572707415,-0.01873208023607731,-0.024780474603176117,-0.03339430317282677,-0.04445238038897514,-0.0312851145863533,-0.03388376161456108,-0.036066193133592606,-0.020325787365436554,-0.0265079103410244,-0.01733340509235859,-0.014076835475862026,-0.009501502849161625,-0.010286541655659676,-0.013815987855196,-0.023510977625846863,-0.03542129695415497,-0.053514204919338226,-0.08310025185346603,-0.12470872700214386,-0.1121959388256073,-0.11041512340307236,-0.07950899004936218,-0.08289038389921188,-0.09643961489200592,-0.10072147101163864,-0.10443669557571411,-0.18186701834201813,-0.11186622083187103,-0.10695233196020126,-0.0764375776052475,-0.07928673177957535,-0.049787189811468124,-0.08204414695501328,-0.05429529398679733,-0.04647570103406906,-0.04841475188732147,-0.06206179037690163,-0.03012794628739357,-0.03552115336060524,-0.000433240580605343,0.055029142647981644,0.21715427935123444,0.14025864005088806,0.2910986840724945,0.44778791069984436,0.023658227175474167,0.07524973899126053,0.07922885566949844,-0.01814431883394718,-0.0020251916721463203,0.04330328106880188,-0.015140964649617672,-0.023232566192746162,0.053099945187568665,0.06410054862499237,0.1277085393667221,0.012873447500169277,-0.005975051783025265,0.04349558800458908,-0.11406376957893372,-0.08868873119354248,0.04865244776010513,0.0348961278796196,-0.03365487977862358,0.015247473493218422,0.09142660349607468,0.0640857070684433,-0.10979164391756058,0.07820821553468704,-0.007931108586490154,0.2235647588968277,-0.15605881810188293,0.06371647119522095,0.057277485728263855,0.16175098717212677,-0.060472987592220306,-0.03472944349050522,0.03066529519855976,-0.024405937641859055,0.019915657117962837,-0.030962862074375153,-0.02627800963819027,-0.08450860530138016,0.02799723856151104,-0.0311677735298872,-0.056743934750556946,-0.0032368642278015614,-0.09651471674442291,0.01043523009866476,-0.09449824690818787,-0.08347059786319733,0.11483734101057053,-0.09927838295698166,0.1965850591659546,-0.10677412152290344,-0.0017745399381965399,-0.04410744458436966,-0.02746056392788887,0.0008864477276802063,0.004703038837760687,-0.17154890298843384,0.09850160777568817,0.11204668879508972,0.16951541602611542,-0.02629246562719345,-0.09221983700990677,0.008316154591739178,-0.04079510271549225,0.09705124795436859,0.21555784344673157,-0.21168756484985352,-0.006343646440654993,0.15448446571826935,-0.050312336534261703,-0.11976134032011032,0.21477845311164856,0.0633988007903099,0.009134660474956036,-0.15525111556053162,-0.03176436945796013,0.09165037423372269,-0.03830123692750931,0.049255456775426865,4.333383785137812e-08,0.02091216668486595,-0.00021491575171239674,-3.7319829004900384e-08,2.972444974602695e-07,-1.7040842067217454e-05,-0.0005602397141046822,-0.1951303333044052,0.10952979326248169,0.030499175190925598,-0.00036663442733697593,0.008252426981925964,0.02791428193449974,0.01722697913646698,-0.0012375181540846825,0.0461612232029438
495,-0.0007620107498951256,-0.004996499978005886,-0.00968440342694521,-0.010045151226222515,-0.013078336603939533,-0.011583296582102776,-0.008483692072331905,-0.007135304156690836,-0.006624834146350622,-0.00793214701116085,-0.005863667465746403,-0.005417504347860813,-0.007382107432931662,-0.010396189987659454,-0.013294697739183903,-0.015933407470583916,-0.017695829272270203,-0.017368780449032784,-0.023522131145000458,-0.026338616386055946,-0.03364696353673935,-0.0447949580848217,-0.030488792806863785,-0.029644325375556946,-0.025721153244376183,-0.008245565928518772,8.315697778016329e-05,0.008763786405324936,0.01428910344839096,0.013534876517951488,0.009511897340416908,-0.013451788574457169,-0.029507208615541458,-0.04225575551390648,-0.05879734456539154,-0.08771658688783646,-0.12770377099514008,-0.115302674472332,-0.11393062770366669,-0.08226937800645828,-0.08443907648324966,-0.09816616773605347,-0.10344873368740082,-0.10064829885959625,-0.18276238441467285,-0.11609309166669846,-0.10822273790836334,-0.07891252636909485,-0.07952247560024261,-0.05116654932498932,-0.08176004141569138,-0.053188301622867584,-0.0443781316280365,-0.0295405350625515,0.002302766777575016,0.03777501359581947,0.1402483731508255,0.16769908368587494,0.1939147710800171,0.21926754713058472,0.05343731865286827,0.033504780381917953,0.01166336890310049,-0.005912811961025,0.01312796026468277,0.06387004256248474,-0.061415895819664,-1.0049977390735876e-05,0.1329510360956192,-0.03273851051926613,-0.007352029904723167,0.0074571650475263596,0.005869558081030846,0.01214443426579237,0.01222253032028675,-0.0034644952975213528,0.004158104304224253,-0.03616361692547798,-0.051643211394548416,0.03719059377908707,0.01297769881784916,-0.03712159022688866,-0.012014657258987427,0.027729462832212448,0.03809972107410431,-0.08107874542474747,0.04139857366681099,-0.01804664358496666,0.12915349006652832,-0.1562395691871643,0.06283720582723618,0.052318595349788666,0.1874072104692459,-0.07133461534976959,-0.049762602895498276,0.06429260224103928,-0.03883921727538109,0.10685347020626068,-0.028177903965115547,-0.009748568758368492,-0.16185981035232544,0.0776183009147644,0.02886534482240677,-0.07122600823640823,-0.011477397754788399,0.050734493881464005,-0.13538581132888794,-0.042537350207567215,-0.09151607006788254,0.16742706298828125,-0.16697785258293152,0.29122844338417053,-0.1400085836648941,-0.022057555615901947,0.0020833394955843687,0.052590493112802505,-0.1650393307209015,0.28339436650276184,-0.34759581089019775,0.09501078724861145,0.07367973029613495,0.15844690799713135,-0.05294615030288696,0.0485139936208725,0.012034582905471325,-0.1217639371752739,-0.037117041647434235,0.24778538942337036,-0.1146022379398346,-0.0582352876663208,0.020295806229114532,0.019154712557792664,0.03796575963497162,0.21597829461097717,0.028586367145180702,-0.41817012429237366,0.05024394020438194,-0.15340422093868256,0.03266492486000061,-0.024536997079849243,0.03713799640536308,2.8201114332659927e-08,0.014116206206381321,-0.00027465412858873606,-1.263320086763997e-06,2.0338403317055054e-07,-2.374928408244159e-05,-0.0005903398850932717,0.08950462937355042,0.088447704911232,0.03661476448178291,-0.0013831515097990632,0.044101350009441376,0.03393930196762085,0.05173162370920181,0.01927034929394722,0.05078813433647156
496,-0.0008457653457298875,-0.005240552127361298,-0.010063843801617622,-0.010946106165647507,-0.013594778254628181,-0.01211373321712017,-0.008976693265140057,-0.007353519089519978,-0.007161551620811224,-0.008074849843978882,-0.006132530514150858,-0.005670767277479172,-0.007387828081846237,-0.010465336963534355,-0.013161960989236832,-0.015974126756191254,-0.01758894883096218,-0.017039256170392036,-0.024390675127506256,-0.026872757822275162,-0.03446843847632408,-0.04493507742881775,-0.02995489165186882,-0.028276674449443817,-0.02272765338420868,-0.0068970913998782635,-0.0021132484544068575,0.00038757469155825675,-0.003090895712375641,-0.010856115259230137,-0.0269071776419878,-0.024609271436929703,-0.019938087090849876,-0.021894248202443123,-0.03386567533016205,-0.06486589461565018,-0.11088190227746964,-0.11175379157066345,-0.11545166373252869,-0.08539967983961105,-0.08766009658575058,-0.10039608925580978,-0.1043386459350586,-0.1046690046787262,-0.18643520772457123,-0.11719155311584473,-0.10887270420789719,-0.07967784255743027,-0.0801856517791748,-0.05089985951781273,-0.07645490765571594,-0.04081842675805092,-0.0199957937002182,0.009112255647778511,0.04875103756785393,0.0338253490626812,0.061938244849443436,0.038310810923576355,0.031059110537171364,0.05378783121705055,0.021579815074801445,0.04053203761577606,0.07902790606021881,0.0005591328372247517,0.03698807582259178,0.07174673676490784,-0.037634607404470444,0.0018485611071810126,0.04077443107962608,-0.009522384963929653,-0.00817503035068512,0.011257477104663849,0.008464259095489979,0.03179674595594406,0.014301431365311146,0.0006998673197813332,-0.005442881025373936,-0.011845633387565613,-0.018923822790384293,0.0025001612957566977,-0.0192328542470932,0.003947341348975897,-0.022727107629179955,0.045756589621305466,0.05355652794241905,-0.13626892864704132,0.068220354616642,-0.027160050347447395,0.16431689262390137,-0.13536381721496582,0.03371477499604225,0.06663895398378372,0.20592667162418365,-0.07133625447750092,-0.06816118955612183,0.07429243624210358,-0.03956502303481102,0.20120488107204437,-0.020420905202627182,-0.007202095817774534,-0.14913831651210785,0.056496743112802505,0.001738833962008357,-0.06349659711122513,-0.009489001706242561,0.08070989698171616,-0.16236844658851624,-0.022770386189222336,-0.09078383445739746,0.15166853368282318,-0.11310990899801254,0.2116485834121704,-0.11626636981964111,-0.016508735716342926,-0.0033150098752230406,0.034743115305900574,-0.1242033839225769,0.12353441119194031,-0.1829824149608612,0.07022331655025482,0.04094279184937477,0.06974456459283829,-0.04102541133761406,-0.04418233409523964,0.018419604748487473,-0.014718565158545971,0.15110628306865692,-0.05473433434963226,0.12889590859413147,-0.05888191983103752,0.048192545771598816,0.007161303423345089,0.06641829013824463,0.04891011491417885,0.09998444467782974,0.0077618020586669445,-0.18718652427196503,-0.0148690827190876,0.13334333896636963,-0.03558071330189705,0.04529203847050667,4.355152682933294e-08,-0.0030158141162246466,-0.0003545235376805067,-2.3396573851641733e-06,4.5269959514371294e-07,-2.768983358691912e-05,-0.0007311802473850548,-0.023166563361883163,0.06028741970658302,0.033465802669525146,-0.002337263198569417,0.04337690398097038,0.03733353316783905,0.030497781932353973,0.01310744695365429,0.041512276977300644
497,-0.0010701428400352597,-0.004560236819088459,-0.007642669137567282,-0.00511109409853816,0.00010750767978606746,0.00733097642660141,0.008647036738693714,0.006566472351551056,0.0024813637137413025,-0.0024711228907108307,-0.004239647649228573,-0.0050906105898320675,-0.006521609146147966,-0.00951630249619484,-0.01230405643582344,-0.014465706422924995,-0.016127409413456917,-0.015159481205046177,-0.02342846244573593,-0.024910002946853638,-0.03292204067111015,-0.042609814554452896,-0.029063187539577484,-0.03235878050327301,-0.03593239188194275,-0.020290011540055275,-0.02670532464981079,-0.019402379170060158,-0.02113039419054985,-0.021778417751193047,-0.030016306787729263,-0.019620561972260475,-0.016211794689297676,-0.020969314500689507,-0.03570401296019554,-0.06716024875640869,-0.10930470377206802,-0.10801316052675247,-0.10765129327774048,-0.07850411534309387,-0.08057420700788498,-0.09480713307857513,-0.09688352048397064,-0.10187359154224396,-0.1761300265789032,-0.10733483731746674,-0.09887578338384628,-0.07133952528238297,-0.0666763186454773,-0.03574618324637413,-0.04882632568478584,-0.027019385248422623,-0.021683447062969208,-0.02175173908472061,-0.012078959494829178,0.01713651977479458,0.10042234510183334,0.1118188202381134,0.16822165250778198,0.23305106163024902,0.0764080286026001,0.054037854075431824,0.09638690948486328,0.006609039846807718,0.09209664911031723,0.19522741436958313,-0.07946038991212845,0.04080315679311752,0.12921421229839325,-0.016653012484312057,-0.027733834460377693,-0.010517322458326817,0.03182287514209747,0.11135367304086685,0.005258982535451651,-0.001864737132564187,0.0003431314544286579,-0.08142466098070145,-0.10276442021131516,0.02198719047009945,0.013747664168477058,-0.12645462155342102,0.03204577416181564,0.11163627356290817,0.07041715085506439,-0.12771598994731903,0.1279720813035965,-0.04259302839636803,0.3350282311439514,-0.14189918339252472,0.079982228577137,0.049583498388528824,0.1608308106660843,-0.051441509276628494,-0.0340392142534256,0.04449661821126938,-0.04637230187654495,0.17087134718894958,-0.030911095440387726,-0.024071091786026955,-0.054060570895671844,-0.011153344064950943,-0.07698839902877808,0.008834163658320904,0.089280866086483,-0.20966412127017975,-0.07376421242952347,-0.06919945776462555,-0.07484494894742966,-0.19296705722808838,0.12986478209495544,-0.06926888227462769,-0.06343475729227066,0.0263920109719038,-0.022081416100263596,0.05337073281407356,-0.16675710678100586,0.2527269721031189,-0.277622789144516,0.08540799468755722,0.10255534946918488,0.18888980150222778,0.0037718145176768303,-0.22299666702747345,-0.07753124833106995,0.046369075775146484,0.12607775628566742,-0.3898155093193054,0.4402236342430115,-0.07554525136947632,0.1391797810792923,-0.06329769641160965,-0.18229582905769348,0.2868122160434723,0.06737329810857773,-0.07852823287248611,-0.0005505697336047888,-0.1868760585784912,-0.1048877164721489,0.11551368236541748,0.0029757022857666016,-3.185860819598929e-08,0.010401454754173756,-0.00022726587485522032,-3.480907082575868e-07,-6.016435349920357e-08,-1.6219197277678177e-05,-0.0005050245672464371,-0.3241991698741913,0.13683737814426422,0.03661418333649635,-0.0016045052325353026,-0.014103706926107407,0.03572642803192139,0.034595027565956116,0.04337786138057709,0.05024465546011925
498,-0.0007394286221824586,-0.005001151468604803,-0.008922635577619076,-0.010541131719946861,-0.012069297954440117,-0.010258559137582779,-0.007891747169196606,-0.0052238889038562775,-0.0020685808267444372,0.0024810885079205036,0.005840642843395472,0.007820796221494675,0.007990308105945587,0.003738383064046502,-0.00300932046957314,-0.011007474735379219,-0.01587894931435585,-0.01659393683075905,-0.023980814963579178,-0.02646436169743538,-0.03275185450911522,-0.04568193107843399,-0.02911989763379097,-0.02675311453640461,-0.022521857172250748,-0.0068149748258292675,-0.002500290982425213,-0.0003960440226364881,-0.0041481382213532925,-0.014274457469582558,-0.04062257334589958,-0.047468386590480804,-0.04731109365820885,-0.052450042217969894,-0.05963717773556709,-0.08992519974708557,-0.12326768040657043,-0.1161467581987381,-0.11249399930238724,-0.08104759454727173,-0.0823703333735466,-0.09727134555578232,-0.09554530680179596,-0.0959533154964447,-0.1776328682899475,-0.11828211694955826,-0.10124658793210983,-0.08214353024959564,-0.07882510870695114,-0.05132870748639107,-0.0813186839222908,-0.04885416477918625,-0.03860624134540558,-0.010002457536756992,0.051681287586688995,0.07323699444532394,0.20365533232688904,0.1911952793598175,0.2002960592508316,0.18171846866607666,0.03149218112230301,0.009859669022262096,-0.006615050137042999,-0.005747474264353514,-0.0057836975902318954,-0.0005057393573224545,-0.017385870218276978,-0.01417122408747673,0.10873262584209442,-0.040555428713560104,0.04492286592721939,0.07821540534496307,0.025169609114527702,0.022291332483291626,0.0030630051624029875,-0.00600019283592701,0.040399178862571716,-0.048186611384153366,-0.05899742990732193,0.011539301835000515,-0.0012291325256228447,-0.05233190953731537,-0.02012629806995392,-0.012630018405616283,-0.03233220428228378,-0.03299345076084137,0.010842534713447094,-0.023814328014850616,0.08585552126169205,-0.157316654920578,-0.007036271970719099,0.13533885776996613,0.27028128504753113,-0.07797035574913025,-0.03946002945303917,0.05608486384153366,-0.036644347012043,0.08757372945547104,-0.014175177551805973,0.00019749697821680456,-0.20282208919525146,0.12244012206792831,0.07046875357627869,-0.09277842938899994,0.008992996998131275,0.07874748855829239,-0.07430902123451233,-0.1790439933538437,-0.039091601967811584,-0.043498020619153976,0.07268083840608597,0.16437691450119019,-0.1362605094909668,-0.0755213126540184,0.005548016633838415,0.1295337826013565,-0.22139251232147217,0.21970424056053162,-0.12215413898229599,0.05398859828710556,0.07737166434526443,-0.2445971518754959,0.048885177820920944,0.22280482947826385,0.2161485105752945,-0.2334873527288437,0.02195948176085949,0.04069952294230461,0.24946516752243042,-0.13142898678779602,-0.10932420194149017,0.011065137572586536,0.2650742530822754,-0.12386301159858704,0.07584891468286514,-0.11001870036125183,0.13472910225391388,-0.08587342500686646,-0.0799584686756134,0.01403199601918459,0.0316196084022522,7.970506743504302e-08,0.0205578301101923,-0.00020938772649969906,-5.640725220246168e-08,2.066394415578543e-07,-1.9636112483567558e-05,-0.00044139064266346395,-0.34505409002304077,0.11162146925926208,0.039374515414237976,-0.002770066261291504,-5.1242346671642736e-05,0.032839782536029816,0.03509581461548805,0.028708817437291145,0.04207544028759003
499,-0.00089178018970415,-0.004841657821089029,-0.010186232626438141,-0.009470220655202866,-0.013144499622285366,-0.0109243243932724,-0.008081160485744476,-0.006837350316345692,-0.005255755968391895,-0.003721886547282338,0.0003804645093623549,0.004194280598312616,0.009958313778042793,0.019149113446474075,0.029644770547747612,0.04791444167494774,0.06504551321268082,0.07583069801330566,0.1010187491774559,0.10252819955348969,0.12300703674554825,0.14626646041870117,0.08496565371751785,0.08514102548360825,0.07615777105093002,0.03764794394373894,0.04897055774927139,0.03215934336185455,0.03741203248500824,0.03352394327521324,0.04898777976632118,0.022328950464725494,-0.005524730775505304,-0.027304286137223244,-0.04777597635984421,-0.082747682929039,-0.10862720757722855,-0.08484479039907455,-0.05724058672785759,-0.02760685235261917,-0.013756344094872475,-0.00568762281909585,-0.0014348366530612111,-0.0027799035888165236,-0.009236792102456093,-0.0052491528913378716,0.009405417367815971,0.04431061074137688,0.1110571026802063,0.14212273061275482,0.26289626955986023,0.18328075110912323,0.20319437980651855,0.16578005254268646,0.2391379028558731,0.11994201689958572,0.15750975906848907,0.0867920070886612,0.07603111118078232,0.055924538522958755,0.006177384406328201,0.00017168965132441372,-0.023822471499443054,-0.002876328770071268,-0.013999922201037407,-0.02693713642656803,0.05591585114598274,-0.009342771023511887,-0.06177574768662453,-0.0025617373175919056,-0.0005941803683526814,2.0315463189035654e-05,0.02079085446894169,0.09206634014844894,0.062163133174180984,0.08197374641895294,-0.06489095836877823,0.17753461003303528,0.09709500521421432,0.02766967937350273,-0.09140586853027344,0.1493326723575592,0.001213095965795219,-0.10301108658313751,-0.0772370845079422,0.3151502013206482,-0.14851121604442596,0.1301708072423935,-0.2208491563796997,-0.004393663723021746,-0.04209498316049576,-0.024785224348306656,-0.05108260735869408,-0.0014419674407690763,-0.00764089822769165,-0.014876697212457657,-0.026466915383934975,-0.023709729313850403,-0.04406019672751427,-0.03598788008093834,0.019948340952396393,-0.11667880415916443,-0.11128870397806168,0.09199286997318268,-0.03370393067598343,-0.2517559826374054,0.4278390109539032,-0.29520806670188904,0.278163343667984,-0.3914199769496918,0.6020267605781555,-0.2948450744152069,0.16958773136138916,0.023358730599284172,0.028099143877625465,-0.29715171456336975,0.7346827387809753,-0.7287392616271973,0.7045539021492004,-0.13705025613307953,0.025838198140263557,-0.5881579518318176,0.24391843378543854,0.23078382015228271,0.30554139614105225,-0.002720573451370001,-0.20793326199054718,0.1751108020544052,-0.2598263621330261,0.007830744609236717,0.328995019197464,0.12140993028879166,-0.04509744048118591,0.5362698435783386,0.2010943591594696,-0.9704407453536987,1.1662425994873047,-0.5269417762756348,0.005355488043278456,0.5440147519111633,-0.3243860602378845,7.002961410762509e-08,-0.04243181645870209,-0.00039937286055646837,-3.780362249017344e-06,5.636254627461312e-07,-2.6657664420781657e-05,-0.0006487609934993088,-3.461538076400757,0.24609093368053436,0.04851074516773224,-0.003975487779825926,0.0033723150845617056,0.03548688814043999,0.0264666099101305,0.06926936656236649,0.056804053485393524
500,-0.0008576947147957981,-0.005016871262341738,-0.00991833209991455,-0.010192783549427986,-0.013416875153779984,-0.01201653853058815,-0.008559255860745907,-0.007089527789503336,-0.007159632630646229,-0.008009074255824089,-0.005966528318822384,-0.005532957147806883,-0.007030434440821409,-0.010086406022310257,-0.013026559725403786,-0.01544040534645319,-0.01695116236805916,-0.016423139721155167,-0.02414306439459324,-0.02596893534064293,-0.0339343398809433,-0.043912895023822784,-0.030390877276659012,-0.03345893323421478,-0.03671041503548622,-0.02072596363723278,-0.027874914929270744,-0.020777206867933273,-0.022880468517541885,-0.02426871657371521,-0.034527137875556946,-0.018674669787287712,-0.005027617793530226,0.00042945536551997066,-0.0032405059318989515,-0.026936056092381477,-0.0708296149969101,-0.08850812166929245,-0.10145921260118484,-0.07892495393753052,-0.08362039923667908,-0.09528114646673203,-0.10144402831792831,-0.10358340293169022,-0.1849101185798645,-0.1103845164179802,-0.10494861006736755,-0.0746825784444809,-0.07770701497793198,-0.0489903949201107,-0.07989098876714706,-0.04746081307530403,-0.030036399140954018,-0.0027063710149377584,0.059206217527389526,0.062265437096357346,0.1486138254404068,0.09735831618309021,0.07470954954624176,0.06543249636888504,0.01684800535440445,0.03762039542198181,0.12767541408538818,-0.0041772606782615185,0.08183322846889496,0.141806498169899,-0.05762411281466484,0.003896906739100814,0.06912100315093994,-0.022559698671102524,-0.036162760108709335,-0.001570339547470212,0.02343551255762577,0.08768617361783981,0.0041215550154447556,-0.0046703508123755455,0.015531064011156559,-0.061032962054014206,-0.07794605195522308,0.016931699588894844,0.01142059825360775,-0.07903874665498734,-0.021748432889580727,0.1082969680428505,0.09587980806827545,-0.13633295893669128,0.11465966701507568,-0.032814498990774155,0.2860426604747772,-0.1853046417236328,0.06277067214250565,0.039423368871212006,0.15148191154003143,-0.06614729017019272,-0.043147508054971695,0.07008188217878342,-0.05934124067425728,0.20653723180294037,-0.028065752238035202,-0.015073785558342934,-0.10874834656715393,0.035870980471372604,-0.011261788196861744,-0.06195471063256264,-0.018493788316845894,0.06627439707517624,-0.1271597445011139,-0.06551593542098999,-0.09997238963842392,0.05349641665816307,-0.05683108791708946,0.15301287174224854,-0.12489154189825058,-0.035396117717027664,0.006028214935213327,0.09717512875795364,-0.21349899470806122,0.35134682059288025,-0.4026906192302704,0.09247992187738419,0.10320622473955154,0.18088020384311676,-0.00041555616189725697,-0.12598612904548645,-0.008402874693274498,-0.0027883690781891346,0.17322881519794464,-0.11398869752883911,0.009734703227877617,-0.04387635365128517,0.16378256678581238,-0.03378371521830559,-0.038931768387556076,0.22075650095939636,0.08109699189662933,-0.15171463787555695,0.07033156603574753,-0.24455095827579498,-0.1591048687696457,0.046218689531087875,-0.011335613206028938,2.8360297221752262e-08,-0.0012675037141889334,-0.00029393270961008966,-1.7513490320197889e-06,2.2734253946055105e-07,-2.7855987354996614e-05,-0.0006276620551943779,0.06412047147750854,0.07415833324193954,0.03217220678925514,0.0015437803231179714,0.05904488265514374,0.03203556686639786,0.041816916316747665,-0.006747974082827568,0.050867874175310135
501,-0.0007828238303773105,-0.004928828217089176,-0.009692471474409103,-0.010137884877622128,-0.012914581224322319,-0.01057520043104887,-0.005832034163177013,-0.00112601846922189,0.004424438811838627,0.009888844564557076,0.008243336342275143,0.0052939001470804214,0.0015736344503238797,-0.004289210774004459,-0.009925128892064095,-0.014279037714004517,-0.016655417159199715,-0.01636885665357113,-0.02366575039923191,-0.026232322677969933,-0.03366390988230705,-0.04435161501169205,-0.030619731172919273,-0.03368727117776871,-0.03614906221628189,-0.020720187574625015,-0.02781904675066471,-0.02086750604212284,-0.023764466866850853,-0.02701905183494091,-0.04477454721927643,-0.03473197668790817,-0.02571541629731655,-0.022645214572548866,-0.029668817296624184,-0.05576217174530029,-0.09836705774068832,-0.10239430516958237,-0.10820828378200531,-0.08076576888561249,-0.08382067829370499,-0.09531328827142715,-0.09957387298345566,-0.10263583064079285,-0.18034793436527252,-0.1112808808684349,-0.1065187156200409,-0.07740738987922668,-0.07713215053081512,-0.049449171870946884,-0.07943180948495865,-0.05169690400362015,-0.040044985711574554,-0.022583577781915665,0.017946980893611908,0.0400613471865654,0.12893037497997284,0.10785683244466782,0.09630821645259857,0.09791632741689682,0.023205667734146118,0.03543383628129959,0.09698257595300674,0.008699417114257812,0.08349015563726425,0.146775484085083,-0.06555856019258499,0.005255532916635275,0.028686469420790672,-0.0026049185544252396,-0.008568928577005863,0.009000971913337708,0.019706837832927704,0.08731774985790253,0.015496795065701008,-0.0006990543333813548,-0.01750428043305874,-0.019096890464425087,-0.04110037907958031,0.02789137326180935,0.010291784070432186,-0.027668286114931107,0.001220242353156209,0.061976488679647446,0.033641424030065536,-0.10083604604005814,0.06566416472196579,-0.014281933195888996,0.22572223842144012,-0.1251033991575241,0.06663443148136139,0.07983476668596268,0.23255807161331177,-0.05211595073342323,-0.054666586220264435,0.059366218745708466,-0.03353574499487877,0.1405387669801712,-0.022058185189962387,-0.016309291124343872,-0.13864126801490784,0.05765758827328682,0.003783263498917222,-0.054692596197128296,0.0003968185046687722,-0.14620040357112885,0.08931494504213333,-0.12733440101146698,-0.08576900511980057,0.0299278125166893,-0.0592360682785511,0.19263343513011932,-0.10910159349441528,-0.005402646027505398,-0.019883185625076294,-0.005856253206729889,-0.054173000156879425,0.059522733092308044,-0.14881053566932678,0.07027389109134674,0.05878205597400665,0.09274150431156158,-0.03188728913664818,-0.07911321520805359,0.0035674029495567083,-0.012813766486942768,0.14667025208473206,-0.06432781368494034,0.18732041120529175,-0.06668093800544739,0.02397344261407852,0.00537694850936532,0.07812752574682236,0.028152497485280037,0.09141164273023605,0.03788301721215248,-0.134608656167984,-0.04510752856731415,0.09134142100811005,-0.005895127076655626,0.03543419763445854,7.309400729127447e-08,0.003239263314753771,-0.0002372980525251478,-4.1603621525609924e-07,3.315550998195249e-07,-2.3302165573113598e-05,-0.0005681643378920853,-0.19199295341968536,0.09593672305345535,0.031945839524269104,-0.0013265694724395871,-0.003617467125877738,0.03439278528094292,0.017764313146471977,0.014649582095444202,0.040003735572099686
502,-0.0006952268304303288,-0.0045317779295146465,-0.009354913607239723,-0.009166386909782887,-0.012241799384355545,-0.010141552425920963,-0.005325726233422756,-0.0010824836790561676,0.0042265066877007484,0.009686097502708435,0.007959973067045212,0.004934918135404587,0.0014158501289784908,-0.004089402500540018,-0.009657692164182663,-0.013761060312390327,-0.015905342996120453,-0.01544702984392643,-0.02293417975306511,-0.02453482709825039,-0.03254392370581627,-0.042015716433525085,-0.029145745560526848,-0.03177014738321304,-0.03401629254221916,-0.018270274624228477,-0.02148507907986641,-0.011400533840060234,-0.006607911549508572,-0.003382961731404066,-0.008917208760976791,-0.019695714116096497,-0.03088013082742691,-0.038690824061632156,-0.05479356274008751,-0.08148466050624847,-0.11964229494333267,-0.10518080741167068,-0.10281547158956528,-0.0729936733841896,-0.07812163978815079,-0.09015335887670517,-0.09406331926584244,-0.10132250189781189,-0.17570137977600098,-0.10179018974304199,-0.10146176815032959,-0.07210240513086319,-0.07243174314498901,-0.04594279080629349,-0.07691025733947754,-0.05154086649417877,-0.039708495140075684,-0.046937134116888046,-0.06087552756071091,-0.029490021988749504,-0.04149211198091507,-0.02297496795654297,-0.006007084622979164,0.05097563564777374,0.057643432170152664,0.19178342819213867,0.4320453703403473,0.08779842406511307,0.25665372610092163,0.35413503646850586,-0.09748753905296326,0.04519748315215111,0.23226958513259888,-0.04535343125462532,-0.06287141889333725,-0.014610974118113518,0.0005491420160979033,-0.03814517334103584,-0.0010704885935410857,-0.00642752181738615,0.04331779107451439,-0.08992485702037811,-0.11160959303379059,0.012283246032893658,0.08877125382423401,-0.14724260568618774,0.01980452984571457,0.2165156751871109,0.13884013891220093,-0.09784508496522903,0.1132369264960289,0.0028468556702136993,0.1619126945734024,-0.10832652449607849,0.08018647879362106,0.053193263709545135,0.21233169734477997,-0.08030538260936737,-0.05998130515217781,0.04772607609629631,-0.03873853385448456,0.11185566335916519,-0.02987111173570156,-0.054033223539590836,0.10985855758190155,-0.11949613690376282,-0.23433911800384521,0.0013755670515820384,0.07662572711706161,-0.12133713066577911,0.020816588774323463,-0.10765427350997925,-0.09350335597991943,0.04847216233611107,-0.06793458759784698,0.1218215823173523,-0.07185476273298264,-0.01808193139731884,-0.03914244845509529,-0.00407828763127327,-0.0758148580789566,0.13101008534431458,-0.20645290613174438,0.10157875716686249,0.08244293183088303,0.14911045134067535,0.021079543977975845,-0.17528203129768372,-0.0034478111192584038,0.0220098365098238,0.1573195904493332,-0.3769075572490692,0.5716477036476135,-0.07522249221801758,0.07567819952964783,-0.10195209085941315,-0.3037635087966919,0.45894667506217957,-0.2378282994031906,-0.5840821266174316,0.34005206823349,-0.23951438069343567,-0.1701967865228653,0.06224669888615608,-0.04043106734752655,1.2583204522798042e-07,0.01822679676115513,-0.00016557132767047733,3.739595513252425e-07,2.7409186031945865e-07,-1.9396309653529897e-05,-0.00044199018157087266,-0.06558210402727127,0.13855774700641632,0.03323904052376747,-6.444695463869721e-05,-0.0035430972930043936,0.033656347543001175,0.02165355160832405,0.016348903998732567,0.048420265316963196
503,-0.0010356493294239044,-0.005027777049690485,-0.009937908500432968,-0.010852732695639133,-0.014100400730967522,-0.012133405543863773,-0.008531617932021618,-0.0070837996900081635,-0.006832570768892765,-0.0076308404095470905,-0.005557657219469547,-0.00530916266143322,-0.00671433424577117,-0.009406039491295815,-0.012290766462683678,-0.014262234792113304,-0.016041049733757973,-0.015138207003474236,-0.022510521113872528,-0.02425995282828808,-0.0324503630399704,-0.042003314942121506,-0.028709979727864265,-0.031854912638664246,-0.03468483313918114,-0.019134700298309326,-0.024305881932377815,-0.01508550625294447,-0.01197688840329647,-0.007502986583858728,-0.006965389009565115,-0.009381193667650223,-0.01417037844657898,-0.018436549231410027,-0.024803733453154564,-0.043429143726825714,-0.07466542720794678,-0.08227882534265518,-0.09213303029537201,-0.07163824141025543,-0.077626071870327,-0.09215020388364792,-0.09525884687900543,-0.0998225063085556,-0.17562727630138397,-0.1028536781668663,-0.10133685916662216,-0.07288066297769547,-0.07332023233175278,-0.045673687011003494,-0.07622445374727249,-0.0507175587117672,-0.03939543291926384,-0.045978229492902756,-0.0567048043012619,-0.025294624269008636,-0.024504544213414192,0.005350745283067226,0.044384878128767014,0.14499466121196747,0.09647364169359207,0.1375221461057663,0.2070591300725937,0.011796656996011734,0.0845162644982338,0.17503513395786285,-0.06417505443096161,0.013758067972958088,0.23252160847187042,-0.02451620250940323,-0.06966336071491241,-0.03668295219540596,0.032225772738456726,0.04175542667508125,0.0017295842990279198,-0.002883404027670622,0.03626985475420952,-0.08955614268779755,-0.09491953253746033,0.027406888082623482,0.017472274601459503,-0.1230214312672615,0.023566225543618202,0.18004976212978363,0.17057861387729645,-0.15426312386989594,0.15437565743923187,-0.0102505162358284,0.2553318440914154,-0.11613687127828598,0.07048588991165161,0.0239743422716856,0.18809464573860168,-0.06078494340181351,-0.052366774529218674,0.0830305889248848,-0.0586964413523674,0.14597217738628387,-0.0380806066095829,-0.03889583796262741,-0.060514990240335464,0.019819770008325577,-0.03813246637582779,-0.009822918102145195,0.07214539498090744,-0.20065876841545105,-0.026573004201054573,-0.09967173635959625,-0.1133042499423027,-0.11188498139381409,-0.011587209068238735,0.09565062075853348,-0.10309505462646484,-0.03368343412876129,0.02333788573741913,0.10031848400831223,-0.2458406388759613,0.4736007750034332,-0.49002164602279663,0.11309315264225006,0.17772965133190155,0.29869747161865234,0.03096594847738743,-0.23518246412277222,-0.04107414931058884,-0.0031884973868727684,0.10842663794755936,-0.18172858655452728,0.17480328679084778,-0.06078629568219185,0.09112679958343506,-0.05770542100071907,-0.08005400747060776,0.33286386728286743,-0.01945907063782215,-0.36169618368148804,0.33461135625839233,-0.3510648310184479,-0.23825900256633759,0.037720564752817154,-0.023012734949588776,2.1156951746093e-09,0.0066168964840471745,-0.0002960624697152525,-1.9412129859119887e-06,1.2211336297696107e-07,-2.3415728719555773e-05,-0.0006104817730374634,0.018292294815182686,0.10698173195123672,0.031609222292900085,-0.0005785840330645442,0.04921723157167435,0.033865779638290405,0.027892444282770157,0.001198918791487813,0.05383922532200813
504,-0.0007518145721405745,-0.004268299788236618,-0.009899077005684376,-0.010870933532714844,-0.012519490905106068,-0.006213371641933918,0.0022632640320807695,0.011883120983839035,0.024698354303836823,0.02703092433512211,0.01754777692258358,0.009906948544085026,0.002842543413862586,-0.0041066561825573444,-0.009695525281131268,-0.013389910571277142,-0.01501989271491766,-0.014161929488182068,-0.021264726296067238,-0.024169037118554115,-0.03164133056998253,-0.041459690779447556,-0.02752142772078514,-0.03046507202088833,-0.03287079185247421,-0.019154148176312447,-0.02595525048673153,-0.017982160672545433,-0.02235199697315693,-0.026506762951612473,-0.04882791265845299,-0.04723799601197243,-0.04478750750422478,-0.04613388329744339,-0.051155708730220795,-0.07767624408006668,-0.11121071130037308,-0.10398516058921814,-0.10103504359722137,-0.07202808558940887,-0.07604458183050156,-0.09037432819604874,-0.08969008922576904,-0.10143115371465683,-0.16328348219394684,-0.10738743096590042,-0.09984634071588516,-0.07590219378471375,-0.07347001135349274,-0.045401621609926224,-0.07481314986944199,-0.053900301456451416,-0.041077468544244766,-0.044524550437927246,-0.04640111327171326,-0.016106681898236275,-0.009189540520310402,0.005243279971182346,0.030810922384262085,0.0806221216917038,0.09514369070529938,0.16140173375606537,0.36627626419067383,0.02592259831726551,0.12963330745697021,0.20221613347530365,-0.043913908302783966,0.04714566469192505,0.16262449324131012,-0.02014957182109356,-0.04145001992583275,0.007960375398397446,0.026803942397236824,0.050609976053237915,0.001704795053228736,0.0034242423716932535,0.04769451916217804,-0.05609595403075218,-0.02248510904610157,0.07285063713788986,0.03318065404891968,-0.10090302675962448,0.08866948634386063,0.1611950695514679,0.20346352458000183,-0.1638718992471695,0.16478407382965088,-0.0005451211472973228,0.2659635841846466,-0.07689676433801651,0.09780501574277878,0.09847865253686905,0.23227274417877197,-0.012737492099404335,-0.06150291860103607,0.0981573536992073,-0.04114609956741333,0.17263655364513397,-0.029402025043964386,-0.029438195750117302,0.015372821129858494,-0.0052328878082334995,-0.10733787715435028,-0.03474675118923187,0.12939736247062683,-0.2455938756465912,-0.043369367718696594,-0.06987558305263519,-0.006332107353955507,-0.21877966821193695,0.10675391554832458,-0.2593074142932892,0.02932036854326725,0.04483892396092415,-0.13253681361675262,-0.2325069010257721,-0.005019796546548605,-0.003249441273510456,-0.12176050245761871,0.07389909029006958,0.06853950023651123,0.11313583701848984,-0.014999441802501678,-0.18266157805919647,-0.01620088890194893,0.06394600123167038,0.23737004399299622,-0.5088536143302917,0.84987872838974,-0.1139487475156784,-0.1714574694633484,0.030887005850672722,0.0867965966463089,0.06946861743927002,0.0774054154753685,-0.008589361794292927,-0.17183901369571686,-0.06837225705385208,0.12388590723276138,-0.037917301058769226,0.02091708406805992,-1.2031384244437504e-07,0.06831860542297363,-0.00021273389575071633,2.5702388484205585e-06,-4.7544097014906583e-07,-1.6234636859735474e-05,-0.0004049004928674549,-0.5519569516181946,0.16300110518932343,0.03910421207547188,-0.004211285151541233,-0.005458521191030741,0.03395635634660721,0.015371512621641159,0.04797719419002533,0.04663430154323578
505,-0.000857053673826158,-0.005093294661492109,-0.010006069205701351,-0.010193441063165665,-0.01309963222593069,-0.01191863976418972,-0.008761873468756676,-0.007183820940554142,-0.007124921772629023,-0.008004067465662956,-0.005956659093499184,-0.00565557973459363,-0.007029970642179251,-0.010122476145625114,-0.01306837610900402,-0.015551675111055374,-0.017163563519716263,-0.01667925901710987,-0.024696463719010353,-0.025786178186535835,-0.03402350842952728,-0.04360686242580414,-0.029667910188436508,-0.02954908087849617,-0.026424722746014595,-0.00935165211558342,-0.004528165794909,0.0011628430802375078,0.001221445039846003,-0.002545369789004326,-0.009058663621544838,-0.011209722608327866,-0.014924084767699242,-0.024628140032291412,-0.04273582622408867,-0.07526001334190369,-0.12009982764720917,-0.11334052681922913,-0.11360310018062592,-0.08116666972637177,-0.08432155847549438,-0.09653915464878082,-0.10300096869468689,-0.10457026958465576,-0.18607120215892792,-0.11326446384191513,-0.10652760416269302,-0.07553080469369888,-0.0793488621711731,-0.04872624948620796,-0.08343207091093063,-0.053718049079179764,-0.04620072618126869,-0.04587530717253685,-0.05016418173909187,-0.013270119205117226,0.014656218700110912,0.043919652700424194,0.08476585894823074,0.16355770826339722,0.07566133886575699,0.10285422950983047,0.19637158513069153,0.010780858807265759,0.08779200911521912,0.1344956010580063,-0.04559725895524025,0.00012478134885895997,0.08113007992506027,-0.021181166172027588,-0.020820165053009987,0.011252817697823048,0.011116944253444672,0.04266411066055298,0.006253061816096306,-0.00015212598373182118,0.011839060112833977,-0.04767868295311928,-0.06081358715891838,0.014980409294366837,-0.0018834774382412434,-0.036965202540159225,-0.01605345495045185,0.10981941968202591,0.09633135795593262,-0.13085415959358215,0.0702856034040451,-0.013565260916948318,0.1862884908914566,-0.17178378999233246,0.06193459406495094,0.04759088531136513,0.21533972024917603,-0.10169485956430435,-0.05857504904270172,0.04822755232453346,-0.028951916843652725,0.06934104859828949,-0.02719110995531082,-0.032727811485528946,-0.06765558570623398,0.02767026610672474,-0.01716146059334278,-0.054165299981832504,-0.005226700566709042,0.026918742805719376,-0.09780121594667435,-0.04438815638422966,-0.08514582365751266,0.08808613568544388,-0.056568339467048645,0.1652141958475113,-0.11334041506052017,-0.02098741941154003,0.02818313054740429,0.09862413257360458,-0.19218434393405914,0.3188334107398987,-0.3297392725944519,0.11051414906978607,0.10337117314338684,0.1917526125907898,-0.0005958689725957811,-0.1179976537823677,0.009246700443327427,-0.010448195040225983,0.15469343960285187,0.012331672012805939,-0.0314030684530735,-0.061460573226213455,0.1439986526966095,6.0250211390666664e-05,-0.07627508789300919,0.21828825771808624,0.05310240387916565,-0.2281782180070877,0.008396186865866184,-0.12696385383605957,0.0007643106509931386,0.036069318652153015,0.03481360524892807,1.0457790011741963e-07,0.010167432017624378,-0.00031212883186526597,-1.6813876300147967e-06,5.369804512156406e-07,-2.75743477686774e-05,-0.0007114741019904613,-0.12359569221735,0.09691890329122543,0.042035602033138275,-0.0018956571584567428,0.043427322059869766,0.03554798662662506,0.04991251975297928,0.03379645571112633,0.05062929913401604
506,-0.0007586751016788185,-0.004781544674187899,-0.009718984365463257,-0.010064341127872467,-0.01301956083625555,-0.011566972360014915,-0.007865818217396736,-0.0053054094314575195,-0.002247690688818693,0.002628297545015812,0.005793567281216383,0.007168624084442854,0.007332339882850647,0.003678161185234785,-0.003054569708183408,-0.010485471226274967,-0.01507202535867691,-0.015515627339482307,-0.02322935126721859,-0.025496061891317368,-0.033420804888010025,-0.043464332818984985,-0.030285287648439407,-0.033149756491184235,-0.035811059176921844,-0.02037084847688675,-0.02716551348567009,-0.01982923224568367,-0.020706795156002045,-0.020012889057397842,-0.025844864547252655,-0.01716569997370243,-0.01635805144906044,-0.02399314008653164,-0.04022888094186783,-0.07124414294958115,-0.11430520564317703,-0.1086156815290451,-0.10835060477256775,-0.07797830551862717,-0.08143237233161926,-0.09434215724468231,-0.09799224138259888,-0.10266939550638199,-0.17809239029884338,-0.10843764990568161,-0.10311447083950043,-0.07595527172088623,-0.07656388729810715,-0.048618849366903305,-0.07995106279850006,-0.052756939083337784,-0.04582875967025757,-0.047335244715213776,-0.05553166940808296,-0.020691365003585815,-0.003296113573014736,0.03266530856490135,0.08528623729944229,0.18615277111530304,0.08034470677375793,0.12272245436906815,0.17134630680084229,0.013723792508244514,0.06855367124080658,0.1673961877822876,-0.0750579684972763,0.022655248641967773,0.14047883450984955,-0.015563846565783024,-0.021649539470672607,0.006081337109208107,0.01525211427360773,0.0579652301967144,0.009428526274859905,-0.0007400696049444377,0.012640302069485188,-0.06063053011894226,-0.058923281729221344,0.0444444976747036,0.018952663987874985,-0.025630636140704155,-0.0018648662371560931,0.09704308211803436,0.06431518495082855,-0.12366949021816254,0.10883595794439316,0.001800580765120685,0.2313774675130844,-0.12693117558956146,0.05828551948070526,0.06120818853378296,0.20090390741825104,-0.06460537761449814,-0.06459733098745346,0.0643288865685463,-0.029168888926506042,0.07189884781837463,-0.030737418681383133,-0.025788618251681328,-0.10397922992706299,0.03488435596227646,-0.04273310676217079,-0.06314758211374283,0.017861954867839813,-0.16288743913173676,0.022784335538744926,-0.07058345526456833,-0.07763468474149704,0.020893825218081474,0.011788160540163517,0.06814389675855637,-0.09243433177471161,0.005344333592802286,-0.024790585041046143,-0.002658986486494541,-0.06367481499910355,0.007684458512812853,-0.10179860144853592,0.0673188716173172,0.06969371438026428,0.1482573300600052,-0.020975826308131218,-0.14313727617263794,-0.015483109280467033,-0.003949732054024935,0.14677447080612183,-0.06309200823307037,0.13536132872104645,-0.06381750851869583,0.02572186104953289,0.009063616394996643,0.049727458506822586,0.09095192700624466,0.0778505951166153,-0.077125184237957,-0.0747634619474411,-0.07732418924570084,0.06373825669288635,-0.001706575509160757,0.028793158009648323,9.213069773750249e-08,0.013263118453323841,-0.00027910631615668535,-6.562654562003445e-07,4.935096171720943e-07,-2.343634514545556e-05,-0.0006159117328934371,-0.21155737340450287,0.10388004034757614,0.032797105610370636,-0.001463786931708455,0.00014557600661646575,0.03592102229595184,0.02274426817893982,0.024135321378707886,0.044384248554706573
507,-0.0007319353171624243,-0.0043912772089242935,-0.009492123499512672,-0.010200876742601395,-0.011195171624422073,-0.004569094628095627,0.004827524535357952,0.014664886519312859,0.02601206861436367,0.027831697836518288,0.01604452170431614,0.007675370667129755,0.000861703185364604,-0.005793782416731119,-0.0108561459928751,-0.01435470674186945,-0.015717390924692154,-0.014889229089021683,-0.022639302536845207,-0.025151781737804413,-0.032778121531009674,-0.04239702597260475,-0.029969466850161552,-0.032220207154750824,-0.034474484622478485,-0.020348893478512764,-0.027267199009656906,-0.01986527256667614,-0.023392414674162865,-0.02756773680448532,-0.050872933119535446,-0.048360683023929596,-0.044838402420282364,-0.04658908396959305,-0.05363497883081436,-0.08084657788276672,-0.11720233410596848,-0.10826177150011063,-0.10629736632108688,-0.07355271279811859,-0.07810495793819427,-0.09291230142116547,-0.09325706958770752,-0.10469979047775269,-0.1670565903186798,-0.10711715370416641,-0.1025548055768013,-0.07861698418855667,-0.07464009523391724,-0.047070421278476715,-0.0788675844669342,-0.054467495530843735,-0.042250774800777435,-0.04019739851355553,-0.03616294637322426,-0.006353132892400026,0.02830374799668789,0.04982044920325279,0.1244177594780922,0.23672077059745789,0.18429313600063324,0.2443855106830597,0.3872629404067993,0.030274368822574615,0.08345886319875717,0.09633321315050125,-0.013772142119705677,-0.0006928520742803812,0.052011631429195404,-0.022222695872187614,-0.06164942681789398,0.03164910897612572,0.0417761392891407,0.1774243861436844,0.0033934754319489002,-0.006512004882097244,0.03512776643037796,-0.052190084010362625,-0.02994885854423046,0.12411213666200638,0.09012484550476074,-0.09689966589212418,0.05116204172372818,0.11264137923717499,0.0799669623374939,-0.0933096781373024,0.06338661909103394,-0.005847369320690632,0.2260182499885559,-0.13281719386577606,0.11738486588001251,0.12216803431510925,0.233692929148674,-0.03617456927895546,-0.040267862379550934,0.04556802287697792,-0.04487590864300728,0.1892598420381546,-0.027845455333590508,-0.033454056829214096,0.029008865356445312,-0.015379241667687893,-0.1677817404270172,-0.05052020028233528,0.08941458910703659,-0.17572395503520966,-0.05456986278295517,-0.09446470439434052,-0.016774771735072136,-0.10493352264165878,0.20632269978523254,-0.22074103355407715,0.12600167095661163,0.019137147814035416,-0.05648748204112053,-0.03899691626429558,-0.0992821678519249,0.07718483358621597,-0.07521744072437286,0.04674640670418739,-0.013014172203838825,-0.002496228087693453,-0.0657738447189331,-0.1198267713189125,-0.030098481103777885,-0.012402304448187351,0.20075048506259918,-0.6118535995483398,0.9042664170265198,-0.16310743987560272,-0.03610049933195114,-0.07486233860254288,-0.09200143069028854,0.24799610674381256,-0.05337017774581909,-0.14997263252735138,-0.18199819326400757,0.024895017966628075,0.24131840467453003,-0.0554499551653862,0.09243074804544449,-4.358713567853556e-08,0.06787562370300293,-0.00021124423074070364,2.301232825629995e-06,-2.4482986304974474e-07,-2.7376274374546483e-05,-0.00028132961597293615,-0.6530493497848511,0.15074187517166138,0.027735387906432152,-0.0024801597464829683,-0.006739300675690174,0.031144285574555397,-0.0019064032239839435,0.024485435336828232,0.03670012578368187
508,-0.0008498042006976902,-0.005118994507938623,-0.00991820078343153,-0.010197448544204235,-0.013124237768352032,-0.011930429376661777,-0.008616970852017403,-0.007163291797041893,-0.0070414915680885315,-0.00799004826694727,-0.0059810904785990715,-0.005529227200895548,-0.0071442704647779465,-0.010334866121411324,-0.013168921694159508,-0.015875136479735374,-0.01746627688407898,-0.017087172716856003,-0.024317070841789246,-0.025865396484732628,-0.031864020973443985,-0.03587201610207558,-0.01722794584929943,-0.007428441196680069,-0.0004751523374579847,-0.00014480779645964503,-0.0059170047752559185,-0.009903507307171822,-0.015530652366578579,-0.017993193119764328,-0.025497712194919586,-0.017558222636580467,-0.016854461282491684,-0.025076517835259438,-0.04309913143515587,-0.07548721134662628,-0.1205468475818634,-0.1133098229765892,-0.11366549879312515,-0.08294142782688141,-0.08529864996671677,-0.09866867959499359,-0.1036810651421547,-0.10466677695512772,-0.18698757886886597,-0.1151360347867012,-0.10800734162330627,-0.077142134308815,-0.08164341002702713,-0.05094553902745247,-0.0832555890083313,-0.05278534069657326,-0.04145083948969841,-0.027239996939897537,-0.0008383688400499523,0.02394980564713478,0.08622843772172928,0.0855049192905426,0.09996329993009567,0.14192338287830353,0.048140302300453186,0.06759031116962433,0.11850977689027786,0.007721589878201485,0.05900458246469498,0.10763213038444519,-0.05055311694741249,0.004577708430588245,0.08638153970241547,-0.016235429793596268,-0.01802670769393444,0.018410079181194305,0.01430142018944025,0.02186182327568531,0.005271430127322674,-0.004532232880592346,0.01827048882842064,-0.045056410133838654,-0.04442102462053299,0.008214726112782955,-0.00833043921738863,-0.011401149444282055,-0.02122591808438301,0.0662316083908081,0.08183993399143219,-0.1418524831533432,0.08564173430204391,-0.025148484855890274,0.1719120442867279,-0.14839716255664825,0.033492352813482285,0.04261447861790657,0.1551913619041443,-0.08671382069587708,-0.069500632584095,0.07680149376392365,-0.04544556140899658,0.1387617588043213,-0.030979914590716362,-0.017393561080098152,-0.11551052331924438,0.04437810182571411,-0.00013741737348027527,-0.05856810137629509,-0.006743424106389284,0.046528346836566925,-0.12779176235198975,-0.03260725736618042,-0.08636806160211563,0.16042989492416382,-0.12862235307693481,0.2383595108985901,-0.12673352658748627,-0.025901848450303078,0.004750343505293131,0.0579252652823925,-0.16361770033836365,0.2142406702041626,-0.2514480650424957,0.08014286309480667,0.05340329930186272,0.06859428435564041,-0.037315767258405685,-0.012856746092438698,0.03342360258102417,-0.02386072650551796,0.13366584479808807,0.046462494879961014,-0.08608101308345795,-0.036159925162792206,0.13460850715637207,0.0048087844625115395,-0.061140887439250946,0.20229050517082214,0.07919128239154816,-0.1644931137561798,-0.04165274649858475,-0.08385526388883591,0.04843480885028839,0.0008735554292798042,0.040667738765478134,9.99122278244613e-08,0.004864804446697235,-0.00033752882154658437,-2.1433340862131445e-06,5.176952413421532e-07,-2.770774699456524e-05,-0.0007106139091774821,-0.1671503484249115,0.08834481239318848,0.04028903320431709,-0.002264449605718255,0.03692229464650154,0.036983102560043335,0.04369286447763443,0.039888110011816025,0.044231049716472626
509,0.00031807259074412286,0.002722189063206315,0.006597728002816439,0.007467508781701326,0.003874110523611307,-0.0019825592171400785,-0.005508028902113438,-0.007780109066516161,-0.007982444949448109,-0.009208009578287601,-0.007490829098969698,-0.006425701547414064,-0.008359739556908607,-0.011539365164935589,-0.014046610333025455,-0.01720343343913555,-0.01879151538014412,-0.01731489598751068,-0.023797951638698578,-0.028723090887069702,-0.036381758749485016,-0.048115868121385574,-0.034184008836746216,-0.036346547305583954,-0.039040543138980865,-0.021885091438889503,-0.030375711619853973,-0.020827079191803932,-0.024436429142951965,-0.028777102008461952,-0.056584715843200684,-0.05524754151701927,-0.05223798006772995,-0.05356212705373764,-0.05838552117347717,-0.08159180730581284,-0.09755372256040573,-0.08331389725208282,-0.07018683105707169,-0.05019967630505562,-0.05019298568367958,-0.05640442669391632,-0.06065432354807854,-0.05879134684801102,-0.11323224008083344,-0.07600276172161102,-0.07198357582092285,-0.05886860936880112,-0.0627756342291832,-0.054549772292375565,-0.08381886035203934,-0.05995340272784233,-0.05146782845258713,-0.04418598487973213,-0.060909658670425415,-0.03049628436565399,-0.05396214500069618,-0.04251442849636078,-0.055165234953165054,-0.08078014850616455,-0.026072291657328606,-0.048501014709472656,-0.07446196675300598,0.0032607601024210453,-0.028796162456274033,-0.0639423131942749,0.04485487565398216,-0.007155054714530706,-0.08806896209716797,0.03057198040187359,0.0039695086888968945,-0.01888742670416832,-0.04639676958322525,-0.1765240877866745,-0.021973099559545517,-0.008732803165912628,0.04753924906253815,-0.01725543476641178,-0.009505544789135456,-0.020369205623865128,-0.04745471477508545,0.023772627115249634,-0.027400629594922066,0.0026363306678831577,0.010113881900906563,-0.08346947282552719,0.03249765932559967,-0.0486808605492115,0.12945465743541718,-0.12439101189374924,0.04113912954926491,0.05747358500957489,0.15598967671394348,-0.0858495831489563,-0.08729110658168793,0.11053511500358582,-0.0604543462395668,0.3366672396659851,0.014914451166987419,0.032180383801460266,-0.28375834226608276,0.1425374150276184,0.06496413797140121,-0.10662511736154556,-0.037686921656131744,0.3614344000816345,-0.2110351026058197,0.13535240292549133,-0.17164185643196106,0.3118853271007538,-0.3590013086795807,0.2034798413515091,-0.23427662253379822,0.0036638325545936823,0.09215644747018814,0.11541399359703064,-0.1857181340456009,0.39147433638572693,-0.3561560809612274,0.1008547991514206,0.019352683797478676,0.2828359007835388,-0.03778144717216492,-0.18681004643440247,-0.1001259908080101,0.060863230377435684,0.23431254923343658,-0.31073546409606934,0.5301021337509155,-0.04847412183880806,-0.1272762268781662,0.025577686727046967,0.23347355425357819,-0.3300429880619049,0.130763441324234,0.47137320041656494,-0.43596330285072327,0.1885536015033722,0.12096706032752991,-0.022078068926930428,0.07988041639328003,-1.0094569233842776e-06,0.04165518656373024,0.0005276068113744259,6.3361071624967735e-06,1.2419759798376617e-07,-2.8365320758894086e-05,-3.523639315972105e-05,2.3232505321502686,-0.4768315851688385,-0.05716029927134514,0.018762581050395966,-0.027684679254889488,-0.008935215882956982,0.010951165109872818,-0.06377352029085159,-0.026804178953170776
510,-0.0012901229783892632,-0.006134519819170237,-0.012644452042877674,-0.016264600679278374,-0.01883046329021454,-0.015616093762218952,-0.011285822838544846,-0.009968648664653301,-0.008662424981594086,-0.009556056931614876,-0.007269068621098995,-0.006478317081928253,-0.008395966142416,-0.011759674176573753,-0.013415497727692127,-0.013743594288825989,-0.009506065398454666,-0.0027240312192589045,0.001916785491630435,0.0035052530001848936,-0.0021157986484467983,-0.01626240834593773,-0.02196691371500492,-0.03179361671209335,-0.038521330803632736,-0.022203538566827774,-0.03136026859283447,-0.021396454423666,-0.023686347529292107,-0.02254892699420452,-0.028716396540403366,-0.011554975993931293,0.0032274597324430943,0.013216465711593628,0.019000021740794182,0.03073952905833721,0.04222668334841728,0.03914269804954529,0.03193873167037964,0.011793317273259163,0.004783240612596273,-0.014006110839545727,-0.033424921333789825,-0.04920089989900589,-0.11428104341030121,-0.09072509407997131,-0.09433170408010483,-0.07684017717838287,-0.0791386067867279,-0.06225054711103439,-0.09032531827688217,-0.05822702497243881,-0.046995531767606735,-0.03415655717253685,-0.0393703430891037,-0.016931938007473946,-0.02701411023736,-0.021816859021782875,-0.0289755966514349,-0.046097055077552795,-0.01966003328561783,-0.03777264803647995,-0.06689170747995377,-0.0004148815351072699,-0.02513839490711689,-0.053020723164081573,0.053145166486501694,-0.008380609564483166,-0.09006983786821365,0.009264282882213593,-0.0034905709326267242,-0.022079117596149445,-0.02940027415752411,-0.097584068775177,-0.0050130258314311504,-0.009318153373897076,0.0007687949691899121,-0.016237899661064148,-0.004408636596053839,-0.01650746911764145,-0.03562306612730026,0.03194905072450638,-0.02124871127307415,0.01368591096252203,0.03481864556670189,-0.11730289459228516,0.036256346851587296,-0.06035998836159706,0.1342432200908661,-0.11976344138383865,0.020864252001047134,0.03293846175074577,0.10049912333488464,-0.07302547246217728,-0.050876498222351074,0.06523343175649643,-0.04677198827266693,0.24107708036899567,0.008534842170774937,0.039553701877593994,-0.259249746799469,0.15641538798809052,0.0695314034819603,-0.11066827178001404,-0.008564772084355354,0.2626590132713318,-0.2344215214252472,0.04142151027917862,-0.10826621204614639,0.24174700677394867,-0.16874028742313385,0.23646079003810883,-0.09240775555372238,0.02152938023209572,0.013592424802482128,0.03342960774898529,-0.16862145066261292,0.2526647448539734,-0.3311483860015869,0.09995103627443314,0.02807185985147953,0.24764218926429749,-0.06785300374031067,-0.1674199402332306,-0.0877542644739151,0.008094316348433495,0.20519092679023743,-0.25675055384635925,0.40983593463897705,-0.06740449368953705,0.008713293820619583,-0.0011436269851401448,0.1516057252883911,-0.16999900341033936,0.09458655118942261,0.26318615674972534,-0.4473157227039337,0.20636089146137238,0.15240152180194855,-0.09114491939544678,0.05120067298412323,-7.201509788501426e-07,-0.03427363187074661,-0.00032824158552102745,-1.7954107534023933e-06,-1.0601678468447062e-06,-1.3540848158299923e-05,-0.0005455228383652866,1.8871046304702759,-0.15258894860744476,0.014183578081429005,0.00447792187333107,0.02582499198615551,0.03541931137442589,0.002035480923950672,0.02620532549917698,0.03651689738035202
511,-0.0007589893066324294,-0.004669590387493372,-0.00949731282889843,-0.009269069880247116,-0.012374329380691051,-0.011032343842089176,-0.007802934385836124,-0.006424655672162771,-0.006610667333006859,-0.007585915271192789,-0.0055882432498037815,-0.005111658480018377,-0.006545425392687321,-0.009278254583477974,-0.012132157571613789,-0.014099993743002415,-0.015913447365164757,-0.015100969932973385,-0.022367089986801147,-0.023781631141901016,-0.03192191570997238,-0.0407654233276844,-0.027269650250673294,-0.027732383459806442,-0.024677954614162445,-0.008762706071138382,-0.004530964884907007,0.00035560416290536523,-0.0009569951216690242,-0.006521741393953562,-0.018526799976825714,-0.017550142481923103,-0.016006777063012123,-0.019007928669452667,-0.03280211240053177,-0.06178203225135803,-0.1061968058347702,-0.09841262549161911,-0.09901802986860275,-0.07258521020412445,-0.07712898403406143,-0.08798743784427643,-0.09289294481277466,-0.09872425347566605,-0.1743820309638977,-0.09784996509552002,-0.1008567288517952,-0.0705309584736824,-0.070586197078228,-0.04335896298289299,-0.07549937069416046,-0.04916460067033768,-0.03639380633831024,-0.046420518308877945,-0.06021350249648094,-0.030020087957382202,-0.04487381502985954,-0.03191813826560974,-0.021272117272019386,0.02601149119436741,0.06027648225426674,0.20345395803451538,0.5191670656204224,0.09845206141471863,0.30282288789749146,0.36067602038383484,-0.04550689831376076,0.01893683895468712,0.1585501879453659,-0.046350494027137756,-0.06555148214101791,-0.04622092843055725,0.018846137449145317,0.05826416611671448,0.001133903511799872,-0.001553369453176856,0.051734667271375656,-0.12777554988861084,-0.16066677868366241,0.017296336591243744,0.08930645883083344,-0.19056902825832367,0.0021999110467731953,0.21119004487991333,0.13213182985782623,-0.09412362426519394,0.13183923065662384,0.0001170375180663541,0.2668570578098297,-0.13370084762573242,0.09889689087867737,0.028593355789780617,0.13012677431106567,-0.047640446573495865,-0.025674931704998016,0.03379157930612564,-0.02756492979824543,0.06166018545627594,-0.034961897879838943,-0.08325763046741486,0.06947872787714005,-0.021977845579385757,-0.04386211559176445,-0.02116757072508335,0.0421774759888649,-0.19140209257602692,0.07815926522016525,-0.09971502423286438,-0.13055379688739777,0.06124468147754669,-0.1281987726688385,0.31119516491889954,-0.1592915654182434,-0.041254181414842606,0.06042560562491417,0.1171998679637909,-0.3086734712123871,0.5647477507591248,-0.6070751547813416,0.13589932024478912,0.18712788820266724,0.26683446764945984,0.08622017502784729,-0.24928322434425354,-0.00815302599221468,0.025066005066037178,0.12925001978874207,-0.025280863046646118,-0.220650777220726,-0.056985411792993546,0.1902732104063034,-0.21488241851329803,-0.2944139838218689,0.513924241065979,-0.32814908027648926,-0.7431319952011108,0.8538205027580261,-0.4644542634487152,-0.614922821521759,0.14415302872657776,-0.13268020749092102,8.604045831361873e-08,0.018126562237739563,-0.00021269312128424644,-4.7123464241849433e-07,3.033202631286258e-07,-1.937598608492408e-05,-0.00048421742394566536,0.1376463621854782,0.1531541794538498,0.042280156165361404,-0.0009976689470931888,0.04025338962674141,0.034648504108190536,0.061367589980363846,0.035952914506196976,0.06120774522423744
512,-0.0006528198719024658,-0.0031634948682039976,-0.0034267085138708353,-0.00015519415319431573,0.006343606393784285,0.012780504301190376,0.01827639900147915,0.02608073316514492,0.03492359071969986,0.05052785947918892,0.03487001359462738,0.0239896047860384,0.018890902400016785,0.01212125364691019,0.0018716397462412715,-0.007161485962569714,-0.012246567755937576,-0.013593226671218872,-0.018239691853523254,-0.01969929225742817,-0.02639137953519821,-0.03471876680850983,-0.021938012912869453,-0.015517954714596272,0.00739729218184948,0.03299221396446228,0.11173458397388458,0.13286402821540833,0.18447890877723694,0.1906527429819107,0.26535966992378235,0.14693795144557953,0.08003517985343933,0.06990726292133331,0.08557776361703873,0.10502899438142776,0.09287496656179428,0.026751048862934113,-0.012634551152586937,-0.011741633526980877,0.018358848989009857,0.07115530222654343,0.1187225952744484,0.12705394625663757,0.21644006669521332,0.12184210866689682,0.10040480643510818,0.0668061226606369,0.044218145310878754,0.014599604532122612,0.007344121113419533,0.0036694437731057405,0.014495503157377243,0.02771702967584133,0.05980060622096062,0.04247182980179787,0.07601602375507355,0.062035851180553436,0.07928964495658875,0.083275705575943,0.03624947741627693,0.03065469302237034,0.024709315970540047,0.003528166562318802,0.01825420744717121,0.029245927929878235,-0.06687302887439728,-0.003402129979804158,0.12126502394676208,-0.029564352706074715,0.07330705970525742,0.06561253219842911,0.04122307151556015,0.18118727207183838,0.06675279140472412,0.10874513536691666,-0.15315407514572144,0.28654634952545166,0.11237169057130814,0.010140147991478443,-0.006736922077834606,0.018023833632469177,-0.015287689864635468,-0.03225545957684517,-0.05544453486800194,0.17293377220630646,-0.03678818792104721,0.011567560955882072,-0.05339028313755989,0.01141985785216093,-0.015746982768177986,-0.03266741335391998,-0.16521434485912323,0.15534700453281403,0.23003455996513367,-0.41305097937583923,0.09500738233327866,-1.0187046527862549,-0.003787679597735405,-0.14964251220226288,0.5958216786384583,-0.32035717368125916,-0.2837052047252655,0.20736707746982574,-0.0754391998052597,-0.26237228512763977,0.05605955421924591,-0.0732201412320137,0.010375427082180977,-0.2244068682193756,0.45085573196411133,-0.47644707560539246,0.2888551950454712,0.13999700546264648,-0.1892802119255066,-0.4483626186847687,0.7035661339759827,-1.2644906044006348,0.7733823657035828,-0.3758634924888611,-0.08647000789642334,-0.6877157092094421,0.14665473997592926,0.3777942955493927,0.6593997478485107,-0.08169007301330566,-0.2706005871295929,0.5310355424880981,-0.37116655707359314,-0.06355788558721542,0.041646406054496765,0.13275887072086334,-0.2222513109445572,0.8767648339271545,-0.20084528625011444,-1.5105445384979248,1.8183585405349731,-0.18325789272785187,-0.16439875960350037,0.015832645818591118,-0.1832657754421234,2.3877888111201173e-07,-0.013762101531028748,-0.0002824506373144686,-2.8658644168899627e-06,5.955632786935894e-07,-2.405476334388368e-05,-0.0006242661038413644,-4.230612277984619,0.28641995787620544,0.04383150860667229,-0.004966111853718758,-0.01400748547166586,0.030368154868483543,0.03490510582923889,0.051025666296482086,0.042662885040044785
513,-0.000846993993036449,-0.005130337551236153,-0.010057281702756882,-0.010354261845350266,-0.0132810790091753,-0.012102718465030193,-0.008868138305842876,-0.0072990842163562775,-0.007174758706241846,-0.008082744665443897,-0.006011493504047394,-0.00567314587533474,-0.007132587488740683,-0.010246715508401394,-0.01320554781705141,-0.01576584205031395,-0.017327647656202316,-0.016742005944252014,-0.024769039824604988,-0.026219015941023827,-0.03433007001876831,-0.04448363557457924,-0.031203530728816986,-0.03376464173197746,-0.037107907235622406,-0.020730746909976006,-0.027191169559955597,-0.018303023651242256,-0.016209758818149567,-0.011252404190599918,-0.0059646181762218475,0.0014510529581457376,0.0009805054869502783,-0.006220924202352762,-0.02045377716422081,-0.05061087757349014,-0.0967019572854042,-0.10320251435041428,-0.10977374762296677,-0.08136959373950958,-0.08486168831586838,-0.09744605422019958,-0.10433275252580643,-0.10437709093093872,-0.18817667663097382,-0.11394206434488297,-0.10726498067378998,-0.07626772671937943,-0.0804605558514595,-0.04999523609876633,-0.0811210349202156,-0.04760757461190224,-0.027574941515922546,0.006990889552980661,0.07990670204162598,0.07289575040340424,0.158651202917099,0.10124078392982483,0.07996027916669846,0.07964164763689041,0.028856856748461723,0.05419744923710823,0.12996049225330353,-0.00640637893229723,0.06693635880947113,0.12018900364637375,-0.04870114475488663,-0.000555853417608887,0.09125278145074844,-0.02707786113023758,-0.026960520073771477,0.009146144613623619,0.013730206526815891,0.07210807502269745,0.01090286485850811,0.005437447689473629,0.006870993413031101,-0.05262115225195885,-0.08118176460266113,0.038813259452581406,0.009886612184345722,-0.05016561597585678,-0.02024029940366745,0.08052557706832886,0.07647792249917984,-0.12233518064022064,0.07896540313959122,-0.030957048758864403,0.20431843400001526,-0.1823372095823288,0.06095345318317413,0.03947446867823601,0.18639813363552094,-0.10320413112640381,-0.07702264189720154,0.08878715336322784,-0.052135638892650604,0.15723061561584473,-0.027712441980838776,-0.021183842793107033,-0.1028798446059227,0.0402526892721653,-0.0015637781471014023,-0.06262290477752686,-0.016986358910799026,0.11244155466556549,-0.1592705249786377,-0.03645223379135132,-0.09129780530929565,0.10522585362195969,-0.07584880292415619,0.19391775131225586,-0.12528173625469208,-0.027271371334791183,0.03657912090420723,0.11206012219190598,-0.21905748546123505,0.35440292954444885,-0.3690982162952423,0.10100856423377991,0.07565577328205109,0.1535552591085434,-0.012177033349871635,-0.08070610463619232,0.018604833632707596,-0.0122032780200243,0.15926305949687958,0.0706939771771431,-0.15055860579013824,-0.04649972543120384,0.13865281641483307,-0.0240518506616354,-0.03248338773846626,0.22188131511211395,0.03801407292485237,-0.26347607374191284,0.034947335720062256,-0.20324759185314178,-0.08502739667892456,0.040863268077373505,0.03744255751371384,1.1154957491044115e-07,-0.00012759522360283881,-0.00022396218264475465,-1.2109038607377443e-06,3.530535366280674e-07,-2.023375236603897e-05,-0.00041085161501541734,-0.0749131366610527,0.08223409205675125,0.03869844973087311,0.0009271152666769922,0.05445342883467674,0.034167516976594925,0.05874169245362282,0.0030525962356477976,0.0565270259976387
514,0.0028223982080817223,0.009979061782360077,0.015403224155306816,0.015547032468020916,0.014605438336730003,0.008230009116232395,0.0013195989886298776,-0.00350189208984375,-0.0062722801230847836,-0.00840772595256567,-0.0069758091121912,-0.005967477802187204,-0.008024663664400578,-0.011534938588738441,-0.013750092126429081,-0.017251363024115562,-0.018756898120045662,-0.017191100865602493,-0.023216258734464645,-0.027772799134254456,-0.03721919655799866,-0.04771805554628372,-0.03399689495563507,-0.037205349653959274,-0.03864794224500656,-0.021763861179351807,-0.029813464730978012,-0.020627915859222412,-0.02440733276307583,-0.02865803986787796,-0.05587153509259224,-0.05498458817601204,-0.05007009953260422,-0.04617263376712799,-0.041313543915748596,-0.02945457398891449,0.018514174968004227,0.07255993038415909,0.09249980747699738,0.052551187574863434,0.027150914072990417,-0.006672237068414688,-0.03245064243674278,-0.04467939957976341,-0.09040939062833786,-0.06118956580758095,-0.0540812686085701,-0.037327706813812256,-0.03781469166278839,-0.03640212491154671,-0.06589239835739136,-0.054498448967933655,-0.053254954516887665,-0.04618430882692337,-0.06466169655323029,-0.031923722475767136,-0.05469353869557381,-0.03773484006524086,-0.048958420753479004,-0.0720902606844902,-0.02161194570362568,-0.0504639595746994,-0.07167541235685349,-0.005589619744569063,-0.020529065281152725,-0.05017257481813431,0.05511057749390602,-0.01703612506389618,-0.08812358230352402,0.03499937057495117,-0.009152465499937534,-0.02591346576809883,-0.0466080978512764,-0.14344313740730286,-0.003966693766415119,-0.005942593794316053,-0.01946665719151497,-0.014412357471883297,-0.01979087106883526,-0.028084786608815193,-0.046450015157461166,0.011963658966124058,-0.040906891226768494,-0.01912224479019642,-0.012454927898943424,-0.08526861667633057,0.019298145547509193,-0.052238866686820984,0.1257796436548233,-0.1085367202758789,0.03460480272769928,0.05076539143919945,0.13971206545829773,-0.0655190646648407,-0.07732043415307999,0.10910706967115402,-0.0414896197617054,0.3108498752117157,0.025304481387138367,0.037986721843481064,-0.2520190179347992,0.1292070895433426,0.07723971456289291,-0.1051177829504013,-0.06141173839569092,0.3219616115093231,-0.3021593987941742,0.07800132781267166,-0.17347070574760437,0.2821199595928192,-0.25725847482681274,0.23700350522994995,-0.104860819876194,-0.02012590318918228,-0.1634339839220047,-0.19759710133075714,-0.07266656309366226,-0.2104405015707016,-0.1802339255809784,0.0922713577747345,0.04396110773086548,0.29034295678138733,-0.07832083106040955,-0.21319861710071564,-0.13008961081504822,0.03893597051501274,0.22769206762313843,-0.2984428107738495,0.41778120398521423,-0.07998884469270706,-0.10853897035121918,0.0050332918763160706,0.19205617904663086,-0.2728944420814514,0.06214456260204315,0.450381875038147,-0.46732228994369507,0.14582782983779907,0.11629300564527512,-0.057521943002939224,0.07832185924053192,-8.009107546058658e-07,0.0363323800265789,-0.0003314766800031066,1.8134778656531125e-06,-1.8599705526867183e-06,-3.1393065000884235e-05,-0.000728007173165679,1.093403935432434,-0.09314249455928802,0.009791706688702106,-0.001077363034710288,-0.03404613956809044,0.018244590610265732,0.017284449189901352,-0.02069789543747902,-0.010281488299369812
515,-0.0008164210012182593,-0.0042787822894752026,-0.00877735298126936,-0.010002798400819302,-0.012631198391318321,-0.010532005690038204,-0.007916171103715897,-0.006472501903772354,-0.006304723210632801,-0.006525656674057245,-0.005191227421164513,-0.005107278469949961,-0.006330057978630066,-0.008502500131726265,-0.011720594950020313,-0.013222545385360718,-0.014400903135538101,-0.013715625740587711,-0.020831355825066566,-0.02246476523578167,-0.029750309884548187,-0.038339514285326004,-0.026555044576525688,-0.02844301424920559,-0.0315340980887413,-0.01713116653263569,-0.022993337363004684,-0.013681966811418533,-0.009678368456661701,-0.00022060098126530647,0.01695406436920166,0.01822977140545845,0.0078244274482131,-0.009739360772073269,-0.031626537442207336,-0.06744975596666336,-0.10808007419109344,-0.09817270189523697,-0.0967465192079544,-0.06847524642944336,-0.07156568020582199,-0.08506123721599579,-0.08630519360303879,-0.09539642184972763,-0.1648314893245697,-0.09280765056610107,-0.09615689516067505,-0.06790641695261002,-0.0677802562713623,-0.04220348596572876,-0.06659657508134842,-0.0500945970416069,-0.03437475860118866,-0.04463215917348862,-0.05370581895112991,-0.0267478097230196,-0.043111953884363174,-0.03434911370277405,-0.03698407858610153,-0.04154251143336296,-0.002384887309744954,0.06348519027233124,0.25338199734687805,0.0057642338797450066,0.2747120261192322,0.3064606487751007,-0.04012354835867882,-0.05029013380408287,0.29453957080841064,-0.09583663940429688,-0.1772201955318451,-0.09860119223594666,0.01001143641769886,0.015558794140815735,0.00015818201063666493,-0.0015343568520620465,0.08962320536375046,-0.11083098500967026,-0.1390792727470398,0.025723611935973167,0.14898210763931274,-0.2611294984817505,0.10745948553085327,0.2204308807849884,0.24666231870651245,-0.11776120215654373,0.17891840636730194,0.04611814022064209,0.22558696568012238,-0.08355620503425598,0.07900096476078033,0.014059324748814106,0.14171329140663147,-0.05096350982785225,-0.03410748019814491,0.06984604150056839,-0.08506149798631668,0.221023827791214,0.003260835073888302,-0.025825802236795425,-0.018495678901672363,0.0004244659503456205,-0.11215651035308838,0.128389373421669,0.22026103734970093,-0.30190804600715637,0.02339712344110012,-0.14127464592456818,-0.16608721017837524,-0.29294243454933167,0.059436772018671036,0.10939729958772659,-0.11238934844732285,-0.06774024665355682,0.19809463620185852,0.23803213238716125,-0.4459911286830902,0.9831645488739014,-0.7397003173828125,-0.023988621309399605,0.08597464114427567,0.27955368161201477,0.08187054842710495,-0.24591577053070068,0.026104148477315903,0.026232242584228516,-0.022157112136483192,-0.2469182014465332,0.29082003235816956,-0.07374921441078186,0.028315939009189606,-0.12522166967391968,-0.12469910830259323,0.597149133682251,-0.24799515306949615,-0.9590944051742554,1.2502938508987427,-0.84231036901474,-0.38147225975990295,0.042017288506031036,-0.006445868406444788,-5.061580932164134e-09,0.0240789782255888,-1.1048615306208376e-05,1.917894678626908e-06,-1.5902649863619445e-07,-1.5566494766972028e-05,7.987208664417267e-05,0.09088604897260666,0.14183621108531952,0.03068234585225582,-0.0005667966906912625,0.04806293919682503,0.030526066198945045,0.019766738638281822,0.040048059076070786,0.058907005935907364
516,0.001445331727154553,0.004879082553088665,0.0034635807387530804,-0.0023832570295780897,-0.008174583315849304,-0.009514451958239079,-0.00789479911327362,-0.0074431411921978,-0.007126606069505215,-0.0074905515648424625,-0.005605724174529314,-0.005435001105070114,-0.006299735978245735,-0.009238585829734802,-0.007861008867621422,0.000711082830093801,0.021815374493598938,0.0447128489613533,0.09813915193080902,0.12770912051200867,0.15318408608436584,0.15854372084140778,0.057626523077487946,0.01571163721382618,-0.01588536612689495,-0.016528474166989326,-0.026394039392471313,-0.017129892483353615,-0.021260404959321022,-0.02538429945707321,-0.05041027441620827,-0.05001582205295563,-0.04510413110256195,-0.05146080628037453,-0.05476335808634758,-0.06504008173942566,-0.02748897485435009,0.07983217388391495,0.20369456708431244,0.26479578018188477,0.3079993426799774,0.3153495788574219,0.20274238288402557,0.07233255356550217,-0.022878801450133324,-0.07477974891662598,-0.08829429000616074,-0.07335054874420166,-0.07341577857732773,-0.05112387612462044,-0.08618269115686417,-0.05419139936566353,-0.045216646045446396,-0.039249710738658905,-0.050716351717710495,-0.02024560049176216,-0.011361544020473957,0.012374150566756725,0.07899730652570724,0.1226930245757103,0.02288680151104927,0.04157470911741257,0.05024384707212448,-0.007216722704470158,-0.015085741877555847,-0.041191957890987396,0.044962186366319656,0.00026121927658095956,-0.08044129610061646,0.06041383370757103,-0.0016577016795054078,-0.032987434417009354,-0.03570445254445076,-0.19524721801280975,-0.01975218765437603,-0.01346411183476448,-0.0466507226228714,0.0854024589061737,0.08643682301044464,-0.18736758828163147,-0.11389563232660294,0.0856778621673584,-0.07448370009660721,-0.06962549686431885,-0.030889131128787994,-0.04554327577352524,0.03886500746011734,-0.05527159199118614,0.09916901588439941,-0.13542520999908447,0.00025641225511208177,0.09248941391706467,0.11465051770210266,-0.06044495850801468,-0.05482843518257141,0.024596476927399635,-0.06194232404232025,-0.49805891513824463,-0.2579142451286316,-0.18550045788288116,0.9815493822097778,-0.5393632650375366,-0.25556305050849915,-0.023610733449459076,0.020861197263002396,0.20874673128128052,-0.2548023462295532,0.1251259595155716,-0.22888755798339844,0.1818624883890152,-0.4995245337486267,0.2609439790248871,-0.2214176058769226,-0.1484658420085907,0.13351580500602722,0.045559030026197433,-0.05087922513484955,-0.5772135257720947,0.9783163070678711,0.16447007656097412,0.005435292609035969,-1.1590595245361328,0.16675545275211334,0.270913302898407,0.004663988947868347,-0.04890751466155052,0.15099534392356873,-0.2421955168247223,0.5215595960617065,-0.07725950330495834,-0.14099282026290894,-0.0020765988156199455,0.15995663404464722,-0.24806661903858185,0.1841195672750473,0.09514225274324417,0.024178456515073776,-0.36439386010169983,0.42331066727638245,0.060648538172245026,-0.49815633893013,-7.405639479429738e-08,-0.012738185003399849,-0.00010311161167919636,1.3451810900733108e-06,1.664563455960888e-07,-1.5702065866207704e-05,-0.000671298592351377,-0.6845356822013855,0.12735925614833832,0.04191060736775398,0.0016881420742720366,-0.02749534323811531,0.03444404900074005,0.030277905985713005,0.03578801080584526,0.0744856745004654
517,-0.0008137469994835556,-0.005027181003242731,-0.009967599995434284,-0.010181410238146782,-0.013191387057304382,-0.012058245949447155,-0.00871712900698185,-0.007273020688444376,-0.007104303687810898,-0.008062869310379028,-0.005963676143437624,-0.00551686342805624,-0.007139553315937519,-0.010264843702316284,-0.013065790757536888,-0.01563231460750103,-0.017253272235393524,-0.016594015061855316,-0.024228964000940323,-0.026052452623844147,-0.03423123434185982,-0.04416026175022125,-0.031110677868127823,-0.033741410821676254,-0.03644563630223274,-0.020024308934807777,-0.025151574984192848,-0.014910963363945484,-0.009452945552766323,-0.0013585571432486176,0.011637087911367416,0.01164808589965105,0.003160882508382201,-0.01151012722402811,-0.03239387273788452,-0.06672053039073944,-0.1142057478427887,-0.1104351058602333,-0.11204355955123901,-0.08185234665870667,-0.08434959501028061,-0.09681441634893417,-0.10351740568876266,-0.10440926998853683,-0.1862206608057022,-0.112541563808918,-0.10764305293560028,-0.07618587464094162,-0.0797123834490776,-0.0497206412255764,-0.08141317218542099,-0.051510460674762726,-0.03757505491375923,-0.01660071685910225,0.03161529451608658,0.05066550895571709,0.13492967188358307,0.10956047475337982,0.10462214797735214,0.1244330182671547,0.04559392109513283,0.07069481909275055,0.12878185510635376,0.0022997555788606405,0.04149237647652626,0.0690646842122078,-0.03289051726460457,0.0012429869966581464,0.09189550578594208,-0.02737327478826046,-0.04716479033231735,0.009972772561013699,0.019725924357771873,0.05553227663040161,0.007845859974622726,-0.000797112297732383,0.01777869090437889,-0.06356111913919449,-0.07438033074140549,0.034436389803886414,0.012209160253405571,-0.03778218850493431,-0.02051709033548832,0.0814456194639206,0.07268161326646805,-0.12371265888214111,0.0793561115860939,-0.012979657389223576,0.17405004799365997,-0.1498449295759201,0.049821026623249054,0.044794149696826935,0.20110298693180084,-0.11868897080421448,-0.09477677196264267,0.0951855406165123,-0.05799363553524017,0.15756045281887054,-0.03410939872264862,-0.022308193147182465,-0.10250088572502136,0.03797777369618416,-0.014804735779762268,-0.058986783027648926,-0.0015855345409363508,0.01515648327767849,-0.12544016540050507,-0.031917691230773926,-0.08814312517642975,0.19276545941829681,-0.1427229642868042,0.24217034876346588,-0.12720760703086853,-0.024622179567813873,0.02530347928404808,0.08683020621538162,-0.21335352957248688,0.3214590847492218,-0.3405892252922058,0.11149832606315613,0.09880702942609787,0.17711180448532104,-0.01105993241071701,-0.10961943864822388,0.006847767159342766,-0.021815940737724304,0.1430148184299469,0.14101752638816833,-0.24989980459213257,-0.03189468756318092,0.13275769352912903,-0.0030142967589199543,-0.050683874636888504,0.1719660460948944,0.047335270792245865,-0.22632235288619995,-0.01186427753418684,-0.08971375226974487,0.02309551276266575,-0.0026781063061207533,0.02883189357817173,9.394980082788607e-08,0.004821754060685635,-0.0003096729633398354,-1.8386624560662312e-06,4.833278239857464e-07,-2.3980705009307712e-05,-0.0006268480210565031,-0.09733707457780838,0.08797292411327362,0.03558866307139397,-0.00035265268525108695,0.05187875032424927,0.035880833864212036,0.05130612105131149,0.0046288748271763325,0.04695133492350578
518,-0.0007938176277093589,-0.005046335514634848,-0.010188648477196693,-0.010991949588060379,-0.013265316374599934,-0.012287109158933163,-0.008677823469042778,-0.007249575108289719,-0.006850255653262138,-0.008088839240372181,-0.006203329656273127,-0.005659238900989294,-0.0075361826457083225,-0.010622543282806873,-0.013353446498513222,-0.016009410843253136,-0.01782454177737236,-0.017469322308897972,-0.02446754276752472,-0.026629850268363953,-0.03399844467639923,-0.042782630771398544,-0.026419145986437798,-0.019414445385336876,-0.008227300830185413,0.003799286438152194,0.01449495181441307,0.014700410887598991,0.013347347266972065,0.004418686497956514,-0.01599215529859066,-0.034773461520671844,-0.042027559131383896,-0.049666356295347214,-0.06243574619293213,-0.08952035754919052,-0.1310296505689621,-0.11896029859781265,-0.11671161651611328,-0.08338598161935806,-0.08528101444244385,-0.09930010885000229,-0.10752444714307785,-0.10483763366937637,-0.18699447810649872,-0.12008292973041534,-0.11057273298501968,-0.07999789714813232,-0.08298217505216599,-0.051268309354782104,-0.08411997556686401,-0.05690184608101845,-0.048449113965034485,-0.04655519500374794,-0.052708953619003296,-0.01508801057934761,0.02427501417696476,0.09066552668809891,0.16144783794879913,0.30044275522232056,0.13760706782341003,0.14457234740257263,0.1853489875793457,-0.0010331835364922881,0.06097310408949852,0.10333181917667389,-0.038555290549993515,0.013299868442118168,0.08598747849464417,-0.012318316847085953,-0.005786021705716848,0.012113419361412525,0.017370834946632385,0.05495195463299751,0.023254187777638435,0.0031436863355338573,0.007740344852209091,-0.05351652577519417,-0.06472880393266678,0.04025496169924736,0.014213389717042446,-0.024983668699860573,0.006424678489565849,0.07192855328321457,0.09616317600011826,-0.13792350888252258,0.0618705153465271,-0.016947656869888306,0.11009287089109421,-0.1344349980354309,0.025400429964065552,0.046275220811367035,0.13612322509288788,-0.09371501952409744,-0.058761533349752426,0.061667125672101974,-0.043381527066230774,0.12841574847698212,-0.03523973003029823,-0.00562540115788579,-0.14985895156860352,0.05099181830883026,-0.0028993471059948206,-0.0722130537033081,-0.018855782225728035,0.008726507425308228,-0.15771213173866272,-0.03851277381181717,-0.07997146993875504,0.17178082466125488,-0.13867849111557007,0.24270105361938477,-0.11901304125785828,-0.012602921575307846,0.017832819372415543,0.07235658168792725,-0.1749536097049713,0.26881128549575806,-0.3030637204647064,0.08975907415151596,0.09185284376144409,0.1722276210784912,-0.031036967411637306,0.017669297754764557,0.01118058804422617,-0.11159858852624893,-0.054059043526649475,0.45644962787628174,-0.39175763726234436,-0.030410895124077797,0.11335545778274536,-0.032073624432086945,-0.13057634234428406,0.24240297079086304,0.06293594837188721,-0.19105173647403717,-0.12970738112926483,-0.05606554076075554,0.07778903096914291,-0.04606672376394272,0.02973507158458233,-7.362380216591191e-08,0.022977955639362335,-0.00029133775387890637,-1.070186385732086e-06,-2.6028770250263733e-08,-2.4307410058099777e-05,-0.000582100183237344,-0.09982182830572128,0.10361891984939575,0.03898780047893524,-0.002214452950283885,0.04075145348906517,0.03573479503393173,0.055676426738500595,0.024987924844026566,0.041527099907398224
519,-0.0005596450064331293,-0.0019195913337171078,0.001697388244792819,0.010730416513979435,0.03579727187752724,0.05295538529753685,0.05303848907351494,0.04911623150110245,0.0350363664329052,0.02429005317389965,0.008957118727266788,0.0048619220033288,0.006688996683806181,0.010173606686294079,0.009621991775929928,0.005077095702290535,-0.00015857127436902374,-0.0005991358775645494,0.0027986897621303797,0.009204930625855923,0.027402114123106003,0.07732519507408142,0.09470812231302261,0.14024028182029724,0.16124875843524933,0.07336942106485367,0.06696410477161407,0.029178878292441368,0.027232011780142784,0.037575654685497284,0.08107201009988785,0.06959950923919678,0.05194469541311264,0.05095597729086876,0.07140413671731949,0.09336333721876144,0.09810066968202591,0.03830098360776901,-0.010784038342535496,-0.03686879202723503,-0.04864808917045593,-0.04562567174434662,-0.017237193882465363,0.02822093293070793,0.1292586773633957,0.11004439741373062,0.10267261415719986,0.07854023575782776,0.0975717082619667,0.11595328152179718,0.3167596459388733,0.27663591504096985,0.3103795647621155,0.23238959908485413,0.2392536699771881,0.07751238346099854,0.054429005831480026,0.02131236344575882,0.026087386533617973,0.0369301438331604,0.014755998738110065,0.02636040188372135,0.02918667532503605,0.0030391241889446974,0.008845723234117031,0.015950951725244522,-0.068924181163311,-0.0035426404792815447,0.16316644847393036,-0.0010055912425741553,0.09496724605560303,0.18199539184570312,0.13011527061462402,0.38477641344070435,0.09811393916606903,0.10777539014816284,-0.09355785697698593,0.17099687457084656,0.07127746939659119,-0.013077165000140667,-0.016686169430613518,0.07861372828483582,-0.008446888998150826,-0.09912725538015366,-0.05611417442560196,0.12364079803228378,-0.06496843695640564,0.07582435756921768,-0.1552736610174179,0.17824037373065948,-0.023549415171146393,-0.060741934925317764,-0.23003728687763214,0.10986503958702087,0.23191089928150177,-0.24343475699424744,0.15530140697956085,-0.8407917618751526,-0.08648145943880081,-0.37628474831581116,0.7327921390533447,-0.43772998452186584,-0.26769378781318665,0.1198098286986351,-0.12658391892910004,-0.4072069525718689,0.5254881978034973,-0.13802023231983185,0.061426807194948196,-0.2713123857975006,0.3632301688194275,-0.2106248438358307,0.11993385851383209,0.07795422524213791,-0.023058677092194557,-0.21513383090496063,0.9537056088447571,-1.1402933597564697,1.2562777996063232,-0.2532840967178345,-0.17426025867462158,-0.7494950294494629,0.10996578633785248,0.5293498039245605,0.30762481689453125,0.040586140006780624,-0.09212975203990936,0.6954729557037354,-1.265742301940918,0.16829778254032135,0.07126949727535248,-0.0672156810760498,-0.39223501086235046,1.131636142730713,-0.27105236053466797,-1.454093098640442,1.8599685430526733,-0.9590994715690613,-0.35711669921875,0.39309030771255493,-0.38150322437286377,2.7954726533607754e-07,-0.0317237451672554,-0.0002706215891521424,-2.698685648283572e-06,7.495788736378017e-07,-2.2675054424325936e-05,-0.0005539290141314268,-5.048441410064697,0.28504884243011475,0.04237610474228859,-0.004248271230608225,-0.013073603622615337,0.027812063694000244,0.03253520652651787,0.05207178369164467,0.04220570996403694
520,-0.0007076957263052464,-0.004393652081489563,-0.009332487359642982,-0.008794222958385944,-0.012443157844245434,-0.011252413503825665,-0.0074914894066751,-0.005531574599444866,-0.0035170423798263073,0.00042621875763870776,0.004332679323852062,0.00626767985522747,0.0079515241086483,0.006004348862916231,-0.0002455986978020519,-0.008497306145727634,-0.013921687379479408,-0.015364817343652248,-0.022595906630158424,-0.024870779365301132,-0.03317637741565704,-0.04258937016129494,-0.02924824133515358,-0.03188404440879822,-0.03206587955355644,-0.015316559933125973,-0.014116603881120682,-0.004398352932184935,-0.0006425888277590275,-0.0033244581427425146,-0.020330365747213364,-0.03248118236660957,-0.03966248035430908,-0.042763009667396545,-0.05680082365870476,-0.08301510661840439,-0.12188948690891266,-0.10599368065595627,-0.10277413576841354,-0.0750371515750885,-0.07935576885938644,-0.09124378859996796,-0.09569168835878372,-0.10302981734275818,-0.17788922786712646,-0.10359740257263184,-0.10229480266571045,-0.0711677297949791,-0.07391706109046936,-0.048301756381988525,-0.07886062562465668,-0.05080397054553032,-0.041489601135253906,-0.04649835824966431,-0.06103873997926712,-0.031804800033569336,-0.047185905277729034,-0.031565237790346146,-0.02153872698545456,0.028175683692097664,0.05062127858400345,0.20046240091323853,0.5615359544754028,0.08314406126737595,0.250774085521698,0.3282596468925476,-0.10458026826381683,0.06417684257030487,0.22516518831253052,-0.045225080102682114,-0.04077634960412979,-0.005799487698823214,-0.004939698614180088,-0.027437252923846245,-0.002603044966235757,-0.007660494185984135,0.038940828293561935,-0.09484469890594482,-0.09629664570093155,0.034594375640153885,0.12048953771591187,-0.14206501841545105,0.005289362743496895,0.256384938955307,0.14050625264644623,-0.09477876871824265,0.11729907244443893,-0.008935945108532906,0.15393799543380737,-0.10900434851646423,0.07366903126239777,0.045535650104284286,0.17059136927127838,-0.0718940794467926,-0.060756415128707886,0.05857014283537865,-0.04735002666711807,0.09984040260314941,-0.031202785670757294,-0.04266860708594322,0.08011920005083084,-0.11700434237718582,-0.2238096445798874,-0.005269540473818779,0.09705103933811188,-0.18265119194984436,0.056200046092271805,-0.08714348822832108,-0.09231336414813995,0.23826324939727783,-0.24503301084041595,0.30635011196136475,-0.12750452756881714,-0.0316895991563797,-0.0727844312787056,-0.10126534104347229,0.004298503510653973,0.0025433676782995462,-0.1284969449043274,0.07528956234455109,0.06599742919206619,0.11800380051136017,-0.0013291207142174244,-0.14168652892112732,-0.010949341580271721,-0.019360730424523354,0.17658783495426178,-0.269334077835083,0.24975071847438812,-0.027682505548000336,0.28492751717567444,-0.2268921285867691,-0.36687082052230835,0.5114042162895203,-0.07045811414718628,-0.467344731092453,0.30295491218566895,-0.16942162811756134,-0.03713236376643181,-0.006233700085431337,0.043765801936388016,5.358767296570477e-08,0.030658161267638206,0.00028937406023032963,3.2128837119671516e-06,-7.283888976417074e-07,3.066788849537261e-05,0.0001360738679068163,-0.08723226189613342,0.11931771039962769,0.02714066207408905,0.0004001974011771381,0.0011204761685803533,0.020952103659510612,0.0075966292060911655,0.0009275139309465885,0.04398922249674797
521,-0.0008010863093659282,-0.004841833375394344,-0.00968004297465086,-0.010430978611111641,-0.011455436237156391,-0.011143311858177185,-0.008858980610966682,-0.007176594343036413,-0.007080431561917067,-0.007787339389324188,-0.006429136265069246,-0.005471805110573769,-0.007456689607352018,-0.009712633676826954,-0.012257448397576809,-0.014876283705234528,-0.016718391329050064,-0.015415117144584656,-0.022942177951335907,-0.02503703162074089,-0.03320901468396187,-0.041920434683561325,-0.028697850182652473,-0.03079885244369507,-0.028657792136073112,-0.009647246450185776,0.0006449533975683153,0.012284516356885433,0.02343018911778927,0.021838078275322914,0.010206089355051517,-0.019655926153063774,-0.035372860729694366,-0.045124512165784836,-0.058874692767858505,-0.08436762541532516,-0.12326502054929733,-0.11167589575052261,-0.11071886122226715,-0.0829942524433136,-0.07571892440319061,-0.08588925004005432,-0.09969262778759003,-0.09287722408771515,-0.17864881455898285,-0.1147647276520729,-0.10500003397464752,-0.07324517518281937,-0.07774568349123001,-0.05031429976224899,-0.08133838325738907,-0.0514901764690876,-0.048881277441978455,-0.04431068152189255,-0.05247575789690018,-0.013840703293681145,0.025615183636546135,0.09485133737325668,0.19294391572475433,0.45483866333961487,0.11200004816055298,0.16452062129974365,0.1530253142118454,-0.020876727998256683,-0.0098316241055727,-0.025572748854756355,-0.0060255881398916245,-0.01204158365726471,0.13442638516426086,-0.06568942964076996,-0.020647143945097923,0.06924435496330261,0.04231122508645058,0.050335194915533066,0.003493654076009989,-0.0039784274995327,0.04838719591498375,-0.1001085489988327,-0.1137465313076973,0.022390611469745636,0.041071388870477676,-0.07421603798866272,0.041508156806230545,0.07567284256219864,0.046993304044008255,-0.0682583898305893,0.04069392755627632,-0.002838709857314825,0.16107310354709625,-0.11807852238416672,0.08646130561828613,0.12382028996944427,0.24859969317913055,-0.16316474974155426,-0.0706649199128151,0.06064256653189659,-0.028096219524741173,-0.009501359425485134,-0.0464218445122242,-0.04800040274858475,0.06256645172834396,-0.013735296204686165,-0.029980018734931946,-0.05859415978193283,0.014482301659882069,0.26915961503982544,-0.23356378078460693,-0.01708296686410904,-0.09434860944747925,0.08188901841640472,-0.04393688961863518,0.08954071998596191,-0.08817056566476822,-0.034208763390779495,0.052325159311294556,0.10206186771392822,-0.199977308511734,0.3913453221321106,-0.29035937786102295,0.09578212350606918,0.10850732773542404,0.19255565106868744,0.01538754440844059,-0.1994813084602356,0.0175500325858593,-0.09649864584207535,0.06733663380146027,0.8081442713737488,-1.4885022640228271,-0.0634164959192276,0.12838058173656464,0.02119891531765461,0.175794780254364,-0.12348725646734238,0.09479989856481552,0.020697593688964844,-0.0868695005774498,-0.24334518611431122,-0.3320912718772888,-0.06634054332971573,-0.16389040648937225,-7.915580368944575e-08,0.0234177615493536,-0.0002373674069531262,-6.492454929230007e-08,-1.481197120511979e-08,-2.8341717552393675e-05,-0.00043651950545609,0.1825285702943802,0.12902018427848816,0.0454479344189167,-0.000534438353497535,0.045876745134592056,0.036472830921411514,0.06688714027404785,0.03059881553053856,0.06957235187292099
522,-0.0010602481197565794,-0.005058792885392904,-0.009433994069695473,-0.009364406578242779,-0.008996883407235146,-0.0019726010505110025,0.0045335497707128525,0.00823625922203064,0.009519366547465324,0.006167523562908173,0.0002452645276207477,-0.002913118340075016,-0.005655238404870033,-0.009295736439526081,-0.012396663427352905,-0.014650063589215279,-0.016351236030459404,-0.01566314324736595,-0.02351337857544422,-0.02532600425183773,-0.03295912593603134,-0.04327278211712837,-0.029752038419246674,-0.03264641389250755,-0.035920966416597366,-0.02040041796863079,-0.02680457942187786,-0.01966235786676407,-0.020407188683748245,-0.019766435027122498,-0.02514149621129036,-0.016657469794154167,-0.016044609248638153,-0.023520268499851227,-0.03937630355358124,-0.07176443189382553,-0.11354169994592667,-0.1083129420876503,-0.10691453516483307,-0.07721755653619766,-0.08037473261356354,-0.09421229362487793,-0.09631892293691635,-0.10218393802642822,-0.17676973342895508,-0.10840143263339996,-0.1012679859995842,-0.07383246719837189,-0.07576002925634384,-0.04676811024546623,-0.07810071855783463,-0.048081401735544205,-0.03612411767244339,-0.030729059129953384,-0.025448383763432503,-0.00026362037169747055,0.040566518902778625,0.06645917147397995,0.12590117752552032,0.23678793013095856,0.09639604389667511,0.07766218483448029,0.10250075906515121,0.01313213724642992,0.07528304308652878,0.19307541847229004,-0.07984156906604767,0.0458974651992321,0.22051078081130981,-0.011933787725865841,-0.038900990039110184,-0.002646125154569745,0.013687528669834137,0.010102670639753342,0.0042796810157597065,-0.005516928154975176,0.0033947108313441277,-0.046537552028894424,-0.07028160989284515,-0.007420456036925316,-0.00432142149657011,-0.08815080672502518,0.009636778384447098,0.11914920061826706,0.07719557732343674,-0.11798924952745438,0.11047220975160599,-0.021440040320158005,0.24017831683158875,-0.140335813164711,0.06141015514731407,0.053516194224357605,0.23688656091690063,-0.05059394985437393,-0.05024303123354912,0.060564689338207245,-0.042913954704999924,0.12790684401988983,-0.030440088361501694,-0.028670694679021835,0.012517305091023445,-0.022514330223202705,-0.0689707025885582,-0.035021692514419556,0.02872903272509575,-0.16658847033977509,0.045024480670690536,-0.18913136422634125,-0.052859965711832047,-0.17832821607589722,0.05406039580702782,0.06361331045627594,-0.07706104218959808,-0.0049328492023050785,-0.02083861082792282,0.014572922140359879,-0.11974839866161346,0.19717922806739807,-0.2717167139053345,0.09518580883741379,0.1222139447927475,0.1740827113389969,-0.005230090580880642,-0.15969747304916382,-0.03474440053105354,0.0023631593212485313,0.15459950268268585,-0.44675859808921814,0.6362454295158386,-0.08268430083990097,0.11820352077484131,-0.06817340105772018,-0.10342855751514435,0.2615869343280792,0.07742118835449219,-0.001177511177957058,-0.0473722442984581,-0.12796014547348022,-0.03339499235153198,0.05580718815326691,0.02529917284846306,-2.6214419079906293e-08,0.005195649340748787,-0.0002516038657631725,-5.892650278838119e-07,2.99704794315403e-07,-2.3337277525570244e-05,-0.0004894615849480033,-0.2608009874820709,0.11653405427932739,0.030284427106380463,-0.0010018835309892893,-0.0100093400105834,0.03523661568760872,0.01092524640262127,0.021549606695771217,0.045390062034130096
523,-0.0009980484610423446,-0.004891177173703909,-0.009578289464116096,-0.010876179672777653,-0.013314579613506794,-0.009146230295300484,-0.0029718854930251837,0.002331317402422428,0.007966889999806881,0.010362925939261913,0.006115756928920746,0.002260734559968114,-0.001870031701400876,-0.006791368126869202,-0.011069807223975658,-0.013847656548023224,-0.015705766156315804,-0.014757366850972176,-0.022007590159773827,-0.024742666631937027,-0.03217621147632599,-0.0421922467648983,-0.028598327189683914,-0.031627241522073746,-0.03425801917910576,-0.019348008558154106,-0.026456253603100777,-0.019468821585178375,-0.02292359434068203,-0.027092736214399338,-0.04769905284047127,-0.041291214525699615,-0.03406907618045807,-0.028140317648649216,-0.028754178434610367,-0.044972531497478485,-0.07552370429039001,-0.08392374962568283,-0.09188266098499298,-0.06876463443040848,-0.07681833952665329,-0.09147360920906067,-0.09267007559537888,-0.10019449144601822,-0.17122186720371246,-0.1050867810845375,-0.09969267249107361,-0.07454528659582138,-0.07434713840484619,-0.04698639735579491,-0.0755876749753952,-0.05062117800116539,-0.04145778343081474,-0.04534194990992546,-0.05280890688300133,-0.02107778564095497,-0.010440965183079243,0.019046859815716743,0.06259787082672119,0.15065120160579681,0.10219495743513107,0.13717147707939148,0.2111882120370865,0.02801486849784851,0.08158033341169357,0.16039922833442688,-0.06598350405693054,0.04750102013349533,0.24391686916351318,-0.03743495047092438,-0.08325671404600143,-0.023483438417315483,0.03113960474729538,0.02802247740328312,0.0012740277452394366,-0.0019757829140871763,0.033455487340688705,-0.08968167006969452,-0.05856480076909065,0.037682972848415375,0.006068934220820665,-0.09368845820426941,0.04694921895861626,0.156131312251091,0.15227089822292328,-0.14279566705226898,0.15347088873386383,-0.007113825064152479,0.23525431752204895,-0.09338170289993286,0.07062915712594986,0.06245045363903046,0.2203918993473053,-0.03827684372663498,-0.04922056570649147,0.09058970212936401,-0.04877422749996185,0.16323505342006683,-0.029204266145825386,-0.029849372804164886,-0.049790751188993454,0.011572304181754589,-0.05044647306203842,-0.027500050142407417,0.06208987534046173,-0.25054728984832764,0.0014398453058674932,-0.17293326556682587,-0.061530712991952896,-0.21488817036151886,0.06788747757673264,-0.046918705105781555,-0.05918022617697716,-0.00025458462187089026,-0.03020329400897026,-0.024387197569012642,-0.07044915854930878,0.10898840427398682,-0.21981562674045563,0.09355700016021729,0.12020207196474075,0.21223032474517822,0.003071633167564869,-0.2122931331396103,-0.025882450863718987,0.010827168822288513,0.14314644038677216,-0.31638607382774353,0.526586651802063,-0.09544002264738083,-0.0497887097299099,-0.009777710773050785,0.05521542578935623,0.12329398840665817,0.04330990090966225,-0.10150034725666046,0.03699157387018204,-0.12228957563638687,-0.035432469099760056,-0.015359626151621342,0.0135151082649827,-4.556069743699709e-09,0.008152434602379799,-0.00029594567604362965,-9.9966132438567e-07,1.426901405920944e-07,-2.7002808565157466e-05,-0.0005916878581047058,-0.13500812649726868,0.11938469856977463,0.032821767032146454,-0.0018803214188665152,-0.005428262986242771,0.035675499588251114,0.011161703616380692,0.038674961775541306,0.046853043138980865
524,-0.0007862513302825391,-0.004820577800273895,-0.009797055274248123,-0.01000396627932787,-0.013205476105213165,-0.011624869890511036,-0.008468150161206722,-0.006923339329659939,-0.006916949525475502,-0.007825040258467197,-0.005823228042572737,-0.005504063796252012,-0.006757696624845266,-0.009658100083470345,-0.012585900723934174,-0.014956007711589336,-0.016423596069216728,-0.015740403905510902,-0.023604845628142357,-0.02487076073884964,-0.03316948935389519,-0.04250486195087433,-0.029277954250574112,-0.03207351639866829,-0.03474406898021698,-0.018285362049937248,-0.02079329639673233,-0.010168883018195629,-0.00494380434975028,-0.0006874462706036866,-1.983433321584016e-05,-0.005354315973818302,-0.009629999287426472,-0.01538293156772852,-0.027393635362386703,-0.0567035898566246,-0.10082811862230301,-0.10100527852773666,-0.10502076894044876,-0.07609838247299194,-0.0804804265499115,-0.09264266490936279,-0.09740730375051498,-0.10202217102050781,-0.18085718154907227,-0.10481797158718109,-0.10278841853141785,-0.07204606384038925,-0.07367946207523346,-0.045730192214250565,-0.07884079217910767,-0.051389556378126144,-0.039682537317276,-0.04602285474538803,-0.060431383550167084,-0.02696308121085167,-0.03469030186533928,-0.008086374029517174,0.02700686827301979,0.12765243649482727,0.08569175004959106,0.15244734287261963,0.28702208399772644,0.016359686851501465,0.12481639534235,0.19896696507930756,-0.04792367294430733,0.011731699109077454,0.18397408723831177,-0.05401192978024483,-0.060028962790966034,-0.026432130485773087,0.011793908663094044,0.041428253054618835,0.0019821522291749716,-0.005173512734472752,0.04295075684785843,-0.08007239550352097,-0.10017850995063782,0.015205591917037964,0.023350125178694725,-0.1185111477971077,-0.006811566185206175,0.19816745817661285,0.1509108543395996,-0.12598325312137604,0.11215373128652573,-0.006494833622127771,0.2255304604768753,-0.15570266544818878,0.08839768916368484,0.04256652295589447,0.21176262199878693,-0.09013058245182037,-0.06969479471445084,0.07255317270755768,-0.04820947349071503,0.08447708934545517,-0.03441277891397476,-0.06380686163902283,-0.001369428588077426,-0.01931879110634327,-0.06064751371741295,-0.030898384749889374,0.036831796169281006,-0.14127956330776215,-0.030835865065455437,-0.07853569835424423,-0.12745989859104156,0.009300093166530132,-0.007253115996718407,0.10800100862979889,-0.10122890770435333,-0.04474985972046852,0.044638607650995255,0.1336940973997116,-0.25574880838394165,0.47382184863090515,-0.478918194770813,0.10824665427207947,0.14326968789100647,0.27435651421546936,0.05729022994637489,-0.21296963095664978,-0.02026437409222126,0.009454235434532166,0.14321109652519226,-0.14446087181568146,0.1123301312327385,-0.08242297172546387,0.1214616671204567,-0.12264343351125717,-0.15887600183486938,0.40901726484298706,-0.1372610330581665,-0.4454307556152344,0.2811499834060669,-0.2809838056564331,-0.18540184199810028,0.08245614916086197,-0.046147413551807404,6.229984705896641e-08,0.012376836501061916,-0.0003183252119924873,-1.7633973357078503e-06,4.295558255762444e-07,-2.3453778339899145e-05,-0.0006667920388281345,0.05088748410344124,0.10390443354845047,0.03690296411514282,8.934463403420523e-05,0.04758425056934357,0.03500083461403847,0.047689247876405716,0.03092549927532673,0.056013599038124084
525,-0.0009960320312529802,-0.005387180019170046,-0.01164211519062519,-0.01575649157166481,-0.017742134630680084,-0.01513716857880354,-0.010756587609648705,-0.009762400761246681,-0.008772664703428745,-0.009466203860938549,-0.007671348750591278,-0.006501592695713043,-0.008393321186304092,-0.01145192515105009,-0.013571376912295818,-0.014520914293825626,-0.010288871824741364,-0.0010315190302208066,0.010928723961114883,0.028448594734072685,0.03800450637936592,0.040569864213466644,0.009795799851417542,-0.011042526923120022,-0.028435522690415382,-0.020190056413412094,-0.03003990277647972,-0.02053910680115223,-0.024289973080158234,-0.028689034283161163,-0.05717684328556061,-0.05620415136218071,-0.052464134991168976,-0.056023117154836655,-0.06446155160665512,-0.09462625533342361,-0.11247128993272781,-0.06872148811817169,-0.002510152757167816,0.03495834395289421,0.054656919091939926,0.032919201999902725,-0.013165229000151157,-0.05723845213651657,-0.1614551544189453,-0.11992038786411285,-0.11360073834657669,-0.08292201161384583,-0.07601670175790787,-0.05805688723921776,-0.08924902975559235,-0.05975716561079025,-0.05019393935799599,-0.04286281764507294,-0.06003006547689438,-0.02899191528558731,-0.046897873282432556,-0.03201167285442352,-0.031599339097738266,-0.030909890308976173,-0.010548748075962067,-0.023711154237389565,-0.05309652164578438,0.0006399545818567276,-0.03214170038700104,-0.06244250386953354,0.042994000017642975,-0.008219324052333832,-0.09018360078334808,0.042386993765830994,-0.0023424900136888027,-0.026234712451696396,-0.046903882175683975,-0.20562072098255157,-0.03205360844731331,-0.020389428362250328,0.07272333651781082,-0.022050486877560616,-0.021026914939284325,-0.08581763505935669,-0.11790406703948975,0.0008009845041669905,-0.05295121669769287,-0.013145052827894688,0.009606990031898022,-0.08141813427209854,0.043263208121061325,-0.05757817625999451,0.143304705619812,-0.14061345160007477,0.04049977287650108,0.07345692813396454,0.15023887157440186,-0.09811040014028549,-0.08729565888643265,0.10462977737188339,-0.06679720431566238,0.26100125908851624,-0.020968709141016006,-0.0002699951292015612,-0.14903424680233002,0.1005365177989006,0.04231518879532814,-0.10303643345832825,-0.009782121516764164,0.3443613648414612,-0.23101000487804413,0.1574328988790512,-0.1528206169605255,0.2846900224685669,-0.42983511090278625,0.23421211540699005,-0.2819671332836151,-0.05020247772336006,0.09753767400979996,0.09945416450500488,-0.18220899999141693,0.40123721957206726,-0.2914057672023773,0.10777851194143295,0.057751212269067764,0.08883247524499893,-0.08695279806852341,-0.14811676740646362,-0.09791538864374161,0.025971343740820885,0.22517745196819305,-0.32677698135375977,0.5295249819755554,-0.06480108201503754,-0.13298138976097107,-0.024898510426282883,0.22618217766284943,-0.3717060983181,0.15183709561824799,0.42999157309532166,-0.45271942019462585,0.1669096201658249,0.11391571909189224,-0.04284920543432236,0.07930418103933334,1.1198570064152591e-05,-0.009897977113723755,0.0025370707735419273,-3.4048193811031524e-06,7.063830707920715e-06,0.00037570600397884846,0.00354353548027575,2.703739643096924,-0.3542141914367676,-0.05397839471697807,0.010998730547726154,0.027890924364328384,-0.07066501677036285,-0.06773199141025543,-0.050144441425800323,-0.014784476719796658
526,-0.0015296735800802708,-0.005635331850498915,-0.009395371191203594,-0.00801984965801239,0.001950789475813508,0.01983923837542534,0.03267258405685425,0.04750808700919151,0.056274544447660446,0.0589144192636013,0.04162335768342018,0.0211578831076622,0.013225466944277287,0.003945153206586838,-0.003041707444936037,-0.004388084635138512,0.003411028767004609,0.01112358458340168,0.023408260196447372,0.039029017090797424,0.05067272484302521,0.051209259778261185,0.020545190200209618,-0.0012347579468041658,-0.02001016214489937,-0.015778008848428726,-0.020243093371391296,-0.009311987087130547,-0.0009822632418945432,0.009574415162205696,0.030545052140951157,0.029251066967844963,0.020959405228495598,0.01310302410274744,0.005082432646304369,-0.010530812665820122,-0.03846920654177666,-0.05253556743264198,-0.045605167746543884,-0.012974568642675877,0.018717193976044655,0.06061185151338577,0.10963631421327591,0.10098346322774887,0.1819043606519699,0.09203823655843735,0.07017046958208084,0.021364228799939156,-0.00588538171723485,-0.014173341915011406,-0.01729661412537098,0.014835823327302933,0.045161157846450806,0.08776697516441345,0.1637309342622757,0.10300420224666595,0.20563359558582306,0.0745222195982933,0.07014419138431549,0.06455942243337631,-0.0054047550074756145,-0.00376515812240541,-0.01258243340998888,-0.011070577427744865,0.0073218755424022675,0.07646337896585464,-0.07227037847042084,-0.011139370501041412,0.00955942366272211,-0.06952471286058426,-0.02586492896080017,-0.011978643015027046,-0.007753397803753614,-0.07606754451990128,0.0039585367776453495,-0.005461535416543484,-0.07355894148349762,0.010939748026430607,0.045700132846832275,-0.24898386001586914,-0.18372267484664917,-0.04455690458416939,-0.09264084696769714,-0.15553821623325348,-0.0860191285610199,0.02063089609146118,-0.027231357991695404,0.004839705768972635,-0.20018908381462097,0.013708477839827538,-0.1527787148952484,-0.15026988089084625,-0.4297170639038086,0.011542505584657192,0.043262943625450134,-0.15565365552902222,0.026566995307803154,-0.07913094758987427,-0.04282468929886818,-0.003475319128483534,-0.1740572452545166,0.11715374886989594,0.036082345992326736,-0.08715496957302094,0.0027498521376401186,0.3555797040462494,-0.19033339619636536,0.14124885201454163,-0.07104737311601639,0.3869492709636688,-0.3888259530067444,0.2005046159029007,-0.29608264565467834,0.04809349775314331,0.3145585060119629,0.0927487164735794,-0.1281464397907257,0.4940245747566223,-0.4161570370197296,0.11375449597835541,-0.009677192196249962,0.17999854683876038,0.04085360839962959,-0.23132549226284027,-0.06334473192691803,-0.006594481412321329,0.12347503006458282,-0.40673696994781494,0.4707702398300171,-0.08563282340765,-0.08556735515594482,-0.12270492315292358,0.18573486804962158,-0.4381965398788452,0.22206051647663116,0.4457424283027649,-0.3305966556072235,0.22061188519001007,0.028022948652505875,0.12742774188518524,0.015100883319973946,-7.296241619769717e-07,-0.04475460574030876,-0.0002001013926928863,-2.50958873948548e-06,-4.531578952082782e-07,6.430621397157665e-06,-0.0004091068694833666,0.22102563083171844,-0.05831997096538544,-0.13822214305400848,-0.008909140713512897,-0.01416350994259119,-0.1735602170228958,-0.15644453465938568,-0.11239108443260193,-0.15869788825511932
527,-0.0010250975610688329,-0.005706561263650656,-0.012508143670856953,-0.015445256605744362,-0.018466994166374207,-0.015206699259579182,-0.01097253616899252,-0.009819949977099895,-0.008682092651724815,-0.009476087987422943,-0.007064868696033955,-0.0064958492293953896,-0.008300960063934326,-0.012003044597804546,-0.014755881391465664,-0.018192514777183533,-0.01930820383131504,-0.017552990466356277,-0.0218594241887331,-0.020471803843975067,-0.01683378592133522,-0.006148815155029297,0.002268158830702305,0.0005691986298188567,-0.01191728375852108,-0.013823477551341057,-0.025189323350787163,-0.017951304093003273,-0.018198076635599136,-0.014406183734536171,-0.01544700562953949,-0.012294945307075977,-0.015414061956107616,-0.021846933290362358,-0.02965071052312851,-0.04429202899336815,-0.05098015069961548,-0.02252674102783203,0.023540548980236053,0.044469404965639114,0.0623767115175724,0.046199556440114975,0.00707759615033865,-0.031081560999155045,-0.09706379473209381,-0.07954372465610504,-0.08422106504440308,-0.06959082931280136,-0.07401541620492935,-0.06105560436844826,-0.09088889509439468,-0.06084706261754036,-0.05246073380112648,-0.04368259757757187,-0.05826863646507263,-0.023551488295197487,-0.03851184993982315,-0.02528419718146324,-0.03237147256731987,-0.04745423421263695,-0.015996914356946945,-0.03022807464003563,-0.051477983593940735,0.0029046700801700354,-0.019960857927799225,-0.04113112762570381,0.04788535088300705,-0.0030365842394530773,-0.08742822706699371,0.024431204423308372,0.009037251584231853,-0.022097481414675713,-0.03349084034562111,-0.13895073533058167,-0.012282876297831535,-0.012007740326225758,0.011012568138539791,-0.021544387564063072,-0.0070909918285906315,-0.013921155594289303,-0.03441768139600754,0.03440207988023758,-0.027582503855228424,-0.0015777628868818283,0.00765822222456336,-0.08469457924365997,0.045093853026628494,-0.05307218059897423,0.14705686271190643,-0.12725935876369476,0.03330950811505318,0.0477004237473011,0.13872851431369781,-0.07317782193422318,-0.07151240855455399,0.10529965162277222,-0.03414459526538849,0.2794802486896515,0.014108278788626194,0.031121015548706055,-0.22336402535438538,0.12162107974290848,0.04126480221748352,-0.10481440275907516,0.00035735886194743216,0.2692066431045532,-0.23542694747447968,0.08578448742628098,-0.13634108006954193,0.2757268249988556,-0.24484673142433167,0.23352010548114777,-0.13868345320224762,0.004005480092018843,0.05768031254410744,0.07528137415647507,-0.17720244824886322,0.23891499638557434,-0.27312326431274414,0.10127556324005127,0.025838200002908707,0.1657700538635254,-0.07343266904354095,-0.13562190532684326,-0.06538935005664825,0.010351993143558502,0.21305182576179504,-0.2767334580421448,0.513285219669342,-0.06186867132782936,-0.08503059297800064,0.018228327855467796,0.18094228208065033,-0.24057987332344055,0.10201682895421982,0.28618350625038147,-0.41984057426452637,0.12926316261291504,0.18323403596878052,-0.06705709546804428,0.06723739206790924,6.458761276917357e-07,-0.03388901799917221,0.00020437866623979062,-1.5628730807293323e-06,-1.1989754966634791e-07,5.7691668189363554e-05,5.803416934213601e-05,2.0402963161468506,-0.20240278542041779,0.015804877504706383,0.00774853490293026,0.03565807268023491,0.033238112926483154,0.01604335382580757,0.06015685945749283,0.03927929699420929
528,-0.0007284883176907897,-0.005012829322367907,-0.008897518739104271,-0.01021528709679842,-0.012113991193473339,-0.010540848597884178,-0.008142812177538872,-0.006642719265073538,-0.0064695002511143684,-0.007473326753824949,-0.0056841010227799416,-0.005436265841126442,-0.007202416192740202,-0.010488809086382389,-0.013513641431927681,-0.01618954911828041,-0.017843686044216156,-0.01748669706285,-0.024097131565213203,-0.025995291769504547,-0.031977877020835876,-0.0438900850713253,-0.026535840705037117,-0.018989473581314087,-0.004830868449062109,0.009369654580950737,0.024931123480200768,0.019192863255739212,0.012331826612353325,-0.0033333837054669857,-0.03251726180315018,-0.04521816223859787,-0.045788440853357315,-0.05187965929508209,-0.06081642583012581,-0.08975440263748169,-0.12535277009010315,-0.11656881123781204,-0.11358410120010376,-0.08099319785833359,-0.08615721762180328,-0.10206425189971924,-0.09915368258953094,-0.09883547574281693,-0.1793425977230072,-0.11719450354576111,-0.10267121344804764,-0.0834723487496376,-0.0806138888001442,-0.05120358616113663,-0.07957267761230469,-0.046950191259384155,-0.03333008661866188,-0.0025642337277531624,0.06740197539329529,0.08841423690319061,0.20213598012924194,0.2020963430404663,0.20473825931549072,0.16171862185001373,0.029191583395004272,-0.006247956771403551,-0.04090751335024834,-0.0006951395189389586,-0.008398642763495445,0.025366956368088722,-0.08528298884630203,-0.008385545574128628,0.2369309365749359,-0.028621496632695198,0.029262518510222435,0.017755847424268723,-0.0029369303956627846,-0.09918471425771713,-0.008601568639278412,-0.01521332934498787,0.042708463966846466,-0.028765836730599403,-0.03708343207836151,0.013885019347071648,0.006871285382658243,-0.03823023661971092,-0.02614664100110531,-0.01303226500749588,-0.008878313936293125,-0.0668727457523346,0.04423655942082405,-0.02623024955391884,0.12713322043418884,-0.1498095989227295,0.014063715934753418,0.11158433556556702,0.25405216217041016,-0.0998242050409317,-0.04428211227059364,0.03943568468093872,-0.03715578839182854,0.04637044668197632,-0.026087690144777298,0.003069629892706871,-0.21055826544761658,0.1309134066104889,0.08448508381843567,-0.10848649591207504,0.027731912210583687,0.24957607686519623,-0.17206449806690216,-0.07664787024259567,-0.09482457488775253,-0.0016484444495290518,0.007827447727322578,0.20707429945468903,-0.16068094968795776,-0.0825292319059372,0.021586911752820015,0.15172645449638367,-0.2619113326072693,0.291812926530838,-0.18544608354568481,0.07451634854078293,0.06512433290481567,-0.10224092751741409,0.03958809748291969,0.15909118950366974,0.07126296311616898,-0.2015901356935501,0.03891368582844734,-0.027487175539135933,0.31061965227127075,-0.12420720607042313,-0.012216849252581596,0.036510810256004333,0.05338934436440468,0.24583594501018524,-0.058769430965185165,-0.5585731267929077,0.29532569646835327,-0.12979251146316528,0.01956932432949543,-0.015368911437690258,0.03980778902769089,1.0892314605825959e-07,0.01924956403672695,-7.926875696284696e-05,9.022968470162596e-07,2.0500357322816853e-07,-8.306322342832573e-06,-0.0003034027467947453,-0.19153153896331787,0.10543040186166763,0.040122468024492264,-0.002451471984386444,0.042192477732896805,0.035451482981443405,0.044063813984394073,0.02739136293530464,0.05593333765864372
529,-0.00082523247692734,-0.005134702660143375,-0.009675848297774792,-0.011141817085444927,-0.012887002900242805,-0.011441555805504322,-0.00869040284305811,-0.007264095824211836,-0.00658371951431036,-0.00685466080904007,-0.0037441449239850044,-0.0005638736765831709,0.004133245907723904,0.009575854986906052,0.01397315226495266,0.009386489167809486,-0.0013484235387295485,-0.010223357006907463,-0.020737042650580406,-0.0259544737637043,-0.03406830132007599,-0.04652503505349159,-0.03191225975751877,-0.03381756693124771,-0.03662261366844177,-0.02052425593137741,-0.0249171182513237,-0.01414793822914362,-0.009661111049354076,-0.005114689934998751,-0.008218886330723763,-0.018323315307497978,-0.029795508831739426,-0.04196735844016075,-0.05557157099246979,-0.08753545582294464,-0.1243867427110672,-0.11812952160835266,-0.11446241289377213,-0.08582227677106857,-0.08485442399978638,-0.09699403494596481,-0.10144020617008209,-0.10126733034849167,-0.18111611902713776,-0.11992785334587097,-0.10781636834144592,-0.0811595618724823,-0.07957961410284042,-0.050880901515483856,-0.08240802586078644,-0.051959745585918427,-0.04429759830236435,-0.023482363671064377,0.01702885888516903,0.05134882777929306,0.1619611531496048,0.19482846558094025,0.184828981757164,0.2340284287929535,0.048346444964408875,0.04477262124419212,0.03020910546183586,-0.006872661877423525,0.0005667316727340221,0.007220045663416386,-0.02619539014995098,-0.00497128302231431,0.12606512010097504,-0.03672954812645912,0.017305703833699226,0.06658224016427994,0.03192634508013725,0.05682012438774109,0.00853666104376316,-0.004394585266709328,0.035395532846450806,-0.06965870410203934,-0.055577922612428665,0.03760718181729317,0.011832443065941334,-0.019660532474517822,-0.012328166514635086,0.0061636921018362045,-0.00846686027944088,-0.04845846816897392,0.021853666752576828,-0.01570616476237774,0.11765836179256439,-0.12550348043441772,0.023860495537519455,0.12112320214509964,0.2692687213420868,-0.07888134568929672,-0.054569341242313385,0.06586603075265884,-0.03656841814517975,0.13588401675224304,-0.023370929062366486,-0.004470159765332937,-0.16821354627609253,0.08878467231988907,0.03157084062695503,-0.08413679152727127,-0.008397845551371574,0.039581939578056335,-0.14075295627117157,-0.0654391422867775,-0.10252807289361954,0.054686855524778366,-0.05152486637234688,0.11977957934141159,-0.07633891701698303,-0.01685710810124874,-0.010175979696214199,0.038697678595781326,-0.1512937992811203,0.14619532227516174,-0.18079283833503723,0.06863050162792206,0.017620373517274857,-0.03625284880399704,-0.04056858271360397,0.21081583201885223,0.14942358434200287,-0.1520763337612152,0.03425920754671097,0.25432589650154114,-0.13686540722846985,-0.05365818738937378,0.03218835964798927,0.01789371855556965,0.1693515032529831,-0.08969687670469284,0.09552959352731705,0.07781586050987244,-0.18385988473892212,-0.025962598621845245,0.08287392556667328,-0.06064072251319885,0.012736671604216099,-1.3118490471697442e-07,0.01335136592388153,-0.00024863757425919175,-6.35644028079696e-07,-1.6430828964075772e-07,-2.0271063476684503e-05,-0.0005195083795115352,-0.025908946990966797,0.08919437974691391,0.030691685155034065,-0.0016918907640501857,0.007429057266563177,0.03335760906338692,0.0318213626742363,0.006270488724112511,0.034341711550951004
530,-0.00077904446516186,-0.005022456403821707,-0.010036897845566273,-0.010252557694911957,-0.012986277230083942,-0.012064133770763874,-0.008777991868555546,-0.0072248573414981365,-0.007012274581938982,-0.008017725311219692,-0.005985205061733723,-0.005547585431486368,-0.007274166215211153,-0.010215460322797298,-0.013101807795464993,-0.01555950753390789,-0.017209479585289955,-0.016742803156375885,-0.024187220260500908,-0.026207154616713524,-0.034131430089473724,-0.04398893937468529,-0.030992882326245308,-0.03343799710273743,-0.03511233627796173,-0.017644325271248817,-0.017230750992894173,-0.002672165399417281,0.010909302160143852,0.022181600332260132,0.036942724138498306,0.008472742512822151,-0.01746439002454281,-0.036247618496418,-0.05701255798339844,-0.08575160056352615,-0.12755867838859558,-0.11466632783412933,-0.1135854423046112,-0.08150433748960495,-0.08363250643014908,-0.0957215204834938,-0.10534362494945526,-0.10369929671287537,-0.1865418255329132,-0.11255542188882828,-0.10717242956161499,-0.07569491863250732,-0.07992272078990936,-0.05015545338392258,-0.08206631988286972,-0.05398057401180267,-0.04564247652888298,-0.04032101482152939,-0.03072383441030979,0.006449595093727112,0.06801886856555939,0.10007816553115845,0.14264892041683197,0.2315998077392578,0.09148930758237839,0.10822755098342896,0.1520196944475174,0.00030757402419112623,0.04146499186754227,0.07629520446062088,-0.03663518279790878,0.004050436895340681,0.12907001376152039,-0.03333541378378868,-0.034861303865909576,0.01215526182204485,0.01672329381108284,0.05409983545541763,0.010514109395444393,-0.0017392407171428204,0.02343323826789856,-0.0785488560795784,-0.08685823529958725,0.05078749731183052,0.022336406633257866,-0.044953733682632446,-0.002706415019929409,0.10065247118473053,0.08931171149015427,-0.12193704396486282,0.07062327861785889,-0.004044299945235252,0.12974220514297485,-0.12584517896175385,0.038761213421821594,0.039445910602808,0.1676330715417862,-0.11278152465820312,-0.09127487242221832,0.10314476490020752,-0.06296521425247192,0.172552689909935,-0.032326675951480865,-0.03534139692783356,-0.02531423792243004,0.002676957519724965,-0.041501954197883606,-0.06204816326498985,-0.0042212591506540775,0.0045393179170787334,-0.1481812298297882,-0.03322935476899147,-0.08606923371553421,0.22325873374938965,-0.18650807440280914,0.313000351190567,-0.13870950043201447,-0.029118286445736885,0.030395349487662315,0.0694822296500206,-0.1792493313550949,0.2777900993824005,-0.32054373621940613,0.10910788923501968,0.10181315243244171,0.17050915956497192,0.0022768459748476744,-0.1286650449037552,0.005231039132922888,-0.03374471142888069,0.1359633058309555,0.29586613178253174,-0.5613839030265808,-0.028955427929759026,0.19279751181602478,-0.01777048222720623,-0.12131045013666153,0.17489367723464966,0.04687674343585968,-0.20136038959026337,-0.022228384390473366,-0.09311024099588394,-0.016598409041762352,-0.023304438218474388,0.02632678486406803,3.9912080751491885e-08,0.016116565093398094,-0.0002060142287518829,-4.833754587707517e-07,1.3282843269735167e-07,-1.2724425687338226e-05,-0.00041933765169233084,-0.04384424164891243,0.09414557367563248,0.036810971796512604,-0.0007566988351754844,0.0502658486366272,0.031286101788282394,0.053343288600444794,0.014328445307910442,0.045976076275110245
531,-0.0011572442017495632,-0.005550703499466181,-0.011670460924506187,-0.015214335173368454,-0.01468628365546465,-0.006801311392337084,0.0023457231000065804,0.009896610863506794,0.012801140546798706,0.01127539947628975,0.0039433748461306095,-0.001347981858998537,-0.005722313188016415,-0.010432706214487553,-0.01342561561614275,-0.015721039846539497,-0.014466211199760437,-0.009176807478070259,-0.006168645806610584,-0.00026475658523850143,0.000893995224032551,-0.0038395151495933533,-0.012192857451736927,-0.02362658455967903,-0.033735428005456924,-0.020844940096139908,-0.029827488586306572,-0.02018877863883972,-0.021585654467344284,-0.020789023488759995,-0.027978811413049698,-0.020221758633852005,-0.01888005994260311,-0.027508364990353584,-0.04552294313907623,-0.08667057752609253,-0.13524849712848663,-0.1446627825498581,-0.13898979127407074,-0.09930595755577087,-0.10015392303466797,-0.10961441695690155,-0.11405649781227112,-0.10364259779453278,-0.1980178952217102,-0.1280820518732071,-0.1142156571149826,-0.08284644782543182,-0.07619994878768921,-0.058402836322784424,-0.08459415286779404,-0.05534062907099724,-0.04064842313528061,-0.02407751977443695,-0.012317299842834473,-0.000778508314397186,0.009068361483514309,-0.003523562103509903,-0.020050792023539543,-0.05147803574800491,-0.021523261442780495,-0.04395420849323273,-0.07258141040802002,0.0038958583027124405,-0.027850400656461716,-0.05431409552693367,0.037283893674612045,-0.0074552614241838455,-0.08225163072347641,0.016985725611448288,0.006442075129598379,-0.017662659287452698,-0.03953690454363823,-0.18200156092643738,-0.026187896728515625,-0.012190229259431362,0.08296291530132294,-0.02332373335957527,-0.007772310636937618,-0.010938193649053574,-0.04301529377698898,0.024665014818310738,-0.02816416509449482,0.0016449167160317302,0.014162400737404823,-0.08504705876111984,0.03969372436404228,-0.051063332706689835,0.14092746376991272,-0.1286798119544983,0.033757373690605164,0.04611667990684509,0.13566257059574127,-0.07496069371700287,-0.07567057758569717,0.105189748108387,-0.06666362285614014,0.33726540207862854,0.021764393895864487,0.0458676777780056,-0.276886522769928,0.14144904911518097,0.06486943364143372,-0.10114872455596924,-0.024147264659404755,0.31177300214767456,-0.20673492550849915,0.1228971928358078,-0.14146386086940765,0.3347277343273163,-0.36234113574028015,0.2016066610813141,-0.24197649955749512,-0.012956534512341022,0.08826634287834167,0.11579085886478424,-0.19251708686351776,0.4065052568912506,-0.38178810477256775,0.09992475807666779,0.010631603188812733,0.2700057923793793,-0.0335434228181839,-0.17814946174621582,-0.08983097970485687,0.03452085703611374,0.20021751523017883,-0.30292415618896484,0.5188888311386108,-0.05457201600074768,-0.09234009683132172,0.017943553626537323,0.23020099103450775,-0.32948026061058044,0.13360834121704102,0.4344862699508667,-0.4387627840042114,0.20133168995380402,0.13817818462848663,-0.022835582494735718,0.07105758786201477,1.0244078794130473e-06,0.004046843387186527,0.0010071734432131052,1.1657474487947184e-06,4.3415707295935135e-06,0.00011892333714058623,0.001761706080287695,2.3005197048187256,-0.4500420391559601,-0.06029141694307327,0.0233784057199955,-0.010581474751234055,0.024269351735711098,-0.04569867625832558,-0.1081157773733139,-0.037879761308431625
532,-0.0008812334854155779,-0.005100558046251535,-0.010130735114216805,-0.011057938449084759,-0.01256264466792345,-0.012121305800974369,-0.009069335646927357,-0.007418265100568533,-0.007307321764528751,-0.008105671964585781,-0.006633860059082508,-0.005671229679137468,-0.007644079625606537,-0.01018864382058382,-0.012897130101919174,-0.015468554571270943,-0.017242448404431343,-0.016337115317583084,-0.024073852226138115,-0.026246555149555206,-0.03407101333141327,-0.04364331439137459,-0.030597416684031487,-0.032911237329244614,-0.03342968970537186,-0.014860766008496284,-0.009381682612001896,0.005124835297465324,0.01817403733730316,0.024736836552619934,0.02707662060856819,-0.004408698063343763,-0.026509834453463554,-0.04157812148332596,-0.05838729441165924,-0.08553831279277802,-0.12702840566635132,-0.11636459082365036,-0.11501570045948029,-0.08432044833898544,-0.08012523502111435,-0.0926147922873497,-0.1057337149977684,-0.1002453938126564,-0.1843089908361435,-0.11872295290231705,-0.10728392004966736,-0.07625127583742142,-0.08122774213552475,-0.05192757025361061,-0.08367355167865753,-0.053998835384845734,-0.049352794885635376,-0.04692961648106575,-0.05387669801712036,-0.01585162617266178,0.021505141630768776,0.09582123160362244,0.19177669286727905,0.4492533504962921,0.14303535223007202,0.18706023693084717,0.2077120840549469,-0.0226741973310709,0.0027708271518349648,-0.012254170142114162,-0.003297993680462241,-0.0042254128493368626,0.077536940574646,-0.03504837304353714,-0.026367442682385445,0.07007616758346558,0.06738417595624924,0.11946098506450653,0.013582483865320683,-0.0062381005845963955,0.036038368940353394,-0.10199948400259018,-0.10994059592485428,0.0661102682352066,0.056940481066703796,-0.05726071447134018,0.032841313630342484,0.07787786424160004,0.04235003888607025,-0.0760989561676979,0.04493821784853935,-0.007955925539135933,0.1545877754688263,-0.11460350453853607,0.06561200320720673,0.1043485552072525,0.24986058473587036,-0.16141103208065033,-0.07834827154874802,0.06823719292879105,-0.03515540435910225,0.022844700142741203,-0.03816094622015953,-0.050185803323984146,0.08738671243190765,-0.027560492977499962,-0.03211069479584694,-0.06000376492738724,0.005137710366398096,0.2817224860191345,-0.23314177989959717,-0.012980089522898197,-0.089594267308712,0.05794893950223923,-0.010298463515937328,0.08976290374994278,-0.09737558662891388,-0.027747856453061104,0.05859857797622681,0.10916145890951157,-0.220893993973732,0.4312679171562195,-0.3665979206562042,0.08288032561540604,0.13098306953907013,0.1836906373500824,0.004815944004803896,-0.2118120640516281,0.004749627783894539,-0.04191577434539795,0.07301145046949387,0.6357998251914978,-1.239919662475586,0.08063292503356934,0.15720663964748383,0.010292085818946362,0.023116346448659897,-0.06906101852655411,0.10333576053380966,0.18648822605609894,-0.22901682555675507,-0.09327065944671631,-0.08833923190832138,-0.04822767898440361,-0.07436859607696533,-1.2042725927585707e-07,0.020961526781320572,-0.0002778484777081758,-5.776822149528016e-07,-6.534241947520059e-08,-2.3253980543813668e-05,-0.0006563942297361791,-0.16188876330852509,0.12055160105228424,0.036621417850255966,-0.0010260792914777994,0.0489768385887146,0.038217004388570786,0.051454391330480576,0.00537307420745492,0.03509416803717613
533,-0.0006162828649394214,-0.00301959621720016,-0.003289327258244157,2.9076174541842192e-05,0.007501595187932253,0.01613571122288704,0.024941319599747658,0.035800643265247345,0.046352699398994446,0.061674538999795914,0.03974414989352226,0.024922767654061317,0.01739080622792244,0.008937118574976921,-0.0008446690044365823,-0.008429291658103466,-0.012202583253383636,-0.012883392162621021,-0.017401061952114105,-0.018630560487508774,-0.02478826977312565,-0.032509103417396545,-0.019979676231741905,-0.012895925901830196,0.009326540865004063,0.030536778271198273,0.09559792280197144,0.1085277646780014,0.14721739292144775,0.15280969440937042,0.2193818837404251,0.12886160612106323,0.07544156163930893,0.0675416961312294,0.07975561171770096,0.09466985613107681,0.08006643503904343,0.021150702610611916,-0.0115917157381773,-0.009724066592752934,0.014076758176088333,0.054289378225803375,0.09328826516866684,0.10804656147956848,0.2028837949037552,0.1225866749882698,0.09776882827281952,0.061057064682245255,0.04090817645192146,0.01707121916115284,0.021508414298295975,0.0200943760573864,0.040609925985336304,0.05863410234451294,0.11950713396072388,0.09022162109613419,0.15522949397563934,0.11820002645254135,0.13893288373947144,0.1308853030204773,0.051473185420036316,0.03741846978664398,0.02567695453763008,0.003981842193752527,0.018509458750486374,0.03156725689768791,-0.06285376101732254,0.008109531365334988,0.11579541862010956,-0.020573407411575317,0.05889109522104263,0.06133464723825455,0.04415344074368477,0.21005192399024963,0.08433131128549576,0.15086053311824799,-0.16321566700935364,0.34037747979164124,0.12372890114784241,0.005627242382615805,-0.01004016399383545,0.017491992563009262,-0.01945079118013382,-0.037821829319000244,-0.05873652920126915,0.17154285311698914,-0.04170100390911102,0.0067112683318555355,-0.06416487693786621,0.03319048509001732,-0.021770520135760307,-0.04877724498510361,-0.20166265964508057,0.1820071041584015,0.25410041213035583,-0.35155174136161804,0.09105732291936874,-0.7684558033943176,0.01050204411149025,-0.12347858399152756,0.5722713470458984,-0.3355764150619507,-0.257303923368454,0.1972423493862152,-0.06998008489608765,-0.37258169054985046,0.25428080558776855,-0.11958523839712143,0.06636923551559448,-0.22664907574653625,0.3975001871585846,-0.39411020278930664,0.2760827839374542,0.1997649222612381,-0.14412342011928558,-0.4546546936035156,0.8723759055137634,-1.2767271995544434,0.8169608116149902,-0.44780445098876953,-0.14473271369934082,-0.7557156682014465,0.20354658365249634,0.5063941478729248,0.7841473817825317,-0.08895464241504669,-0.3819217085838318,0.6185016632080078,-0.43778082728385925,-0.06364261358976364,0.07409432530403137,0.13773739337921143,-0.3377639353275299,0.836886465549469,-0.12034498155117035,-1.3034205436706543,1.5283480882644653,-0.09450487047433853,-0.21499113738536835,0.10548961907625198,-0.31174737215042114,2.3239543622821657e-07,-0.012317503802478313,-0.00027573195984587073,-2.849705424523563e-06,6.190441013131931e-07,-2.2176751372171566e-05,-0.0006119508761912584,-4.898718357086182,0.28326302766799927,0.04246772080659866,-0.005059727467596531,-0.01282260287553072,0.02825968898832798,0.03921852260828018,0.05078699067234993,0.0365261547267437
534,7.300936704268679e-05,0.0015781266847625375,0.005379721522331238,0.006159466225653887,0.010425282642245293,0.011162856593728065,0.011302158236503601,0.013433084823191166,0.015430011786520481,0.023556049913167953,0.021328633651137352,0.02219059318304062,0.027602288872003555,0.03286440297961235,0.031509771943092346,0.029796548187732697,0.025627007707953453,0.023136882111430168,0.027337543666362762,0.0336553193628788,0.046174269169569016,0.0653945654630661,0.04533391818404198,0.05176394805312157,0.055664148181676865,0.029783671721816063,0.03911023959517479,0.029513170942664146,0.03409160301089287,0.03391427546739578,0.052848752588033676,0.039561688899993896,0.026865225285291672,0.01946030743420124,0.011123663745820522,-6.404308078344911e-05,-0.0060802907682955265,-0.007430654484778643,-0.010949093848466873,-0.012125037610530853,-0.011346002109348774,-0.005160202272236347,0.005638545379042625,0.02299923077225685,0.10068321228027344,0.10550388693809509,0.11752625554800034,0.10130247473716736,0.10737735778093338,0.08061359822750092,0.13170912861824036,0.08123932033777237,0.09053163230419159,0.08549389243125916,0.13717947900295258,0.061241861432790756,0.06633919477462769,0.03479853644967079,0.03225749731063843,0.03595305234193802,0.010003913193941116,0.031755611300468445,0.05296817049384117,-0.009021880105137825,0.002028655493631959,-0.001188652589917183,-0.042785875499248505,-0.018987752497196198,0.012263794429600239,-0.015164053998887539,0.006477848161011934,0.03234744817018509,0.020869428291916847,0.07751370221376419,0.036659568548202515,0.019987137988209724,-0.07116297632455826,0.06914220750331879,0.09430209547281265,-0.03121129609644413,-0.050735119730234146,0.07320848852396011,-0.03679617866873741,-0.09920753538608551,-0.1090221032500267,0.1135101169347763,-0.07000167667865753,0.06118515506386757,-0.10696714371442795,0.029337376356124878,-0.02603183500468731,0.019913362339138985,-0.13312643766403198,0.004669452551752329,0.006602059584110975,-0.14769244194030762,-0.017936905845999718,-0.3789631128311157,-0.0900081992149353,-0.11843236535787582,0.20623116195201874,-0.24962066113948822,-0.1648520827293396,0.05263736471533775,-0.054817814379930496,-0.25742441415786743,0.19422489404678345,-0.10542663931846619,-0.08883530646562576,-0.11347609013319016,0.17030318081378937,-0.011045943945646286,0.04738543555140495,0.001987275667488575,-0.09846120327711105,-0.1803298443555832,0.12612198293209076,-0.46191951632499695,0.3897143006324768,-0.08188585191965103,-0.004591889213770628,-0.36086252331733704,0.049224477261304855,0.14691586792469025,0.308702677488327,0.08579286187887192,-0.07011871784925461,0.37425193190574646,-0.6008776426315308,-0.016453567892313004,0.05822678655385971,0.0918939858675003,0.056824855506420135,0.5317363142967224,-0.039155736565589905,-0.6043610572814941,0.48178982734680176,-0.23255328834056854,0.12374688684940338,0.0039049291517585516,0.04968786984682083,-5.667853315571847e-07,-0.051733244210481644,3.9838047086959705e-05,-4.599719886755338e-06,-8.244346076935472e-07,4.861567140324041e-05,2.7567026336328126e-05,-0.7286402583122253,0.19511942565441132,0.0291786827147007,-0.001298091490752995,-0.02312307059764862,0.01603684388101101,0.02487706020474434,0.02675682306289673,0.04395341873168945
535,-0.0010518005583435297,-0.004775772802531719,-0.008600686676800251,-0.009989140555262566,-0.012087363749742508,-0.010487198829650879,-0.007131627760827541,-0.005495631601661444,-0.005933145526796579,-0.006062586326152086,-0.005177510902285576,-0.0041516912169754505,-0.006148247979581356,-0.007908213883638382,-0.008433429524302483,-0.007016921415925026,-0.0009592436836101115,0.006739287171512842,0.016449272632598877,0.02696511708199978,0.02611546218395233,0.012922684662044048,-0.005724502727389336,-0.019928572699427605,-0.02741599828004837,-0.017056329175829887,-0.02431000955402851,-0.018411079421639442,-0.02118600346148014,-0.02604156918823719,-0.047971293330192566,-0.04299459978938103,-0.038610804826021194,-0.03666657209396362,-0.04955179989337921,-0.06779303401708603,-0.1030680239200592,-0.09389837086200714,-0.09297757595777512,-0.061990886926651,-0.06937553733587265,-0.07168321311473846,-0.08722703903913498,-0.09218833595514297,-0.14141303300857544,-0.09470882266759872,-0.09539541602134705,-0.06585506349802017,-0.06995115429162979,-0.046706125140190125,-0.07043753564357758,-0.04539618268609047,-0.04058542102575302,-0.02872048318386078,-0.008039304055273533,0.03490951284766197,0.13991239666938782,0.2145046591758728,0.241384819149971,0.32757100462913513,0.15342344343662262,0.10200190544128418,0.10689684748649597,0.03803248330950737,0.011451353318989277,-0.005691697355359793,0.004017102997750044,-0.010058427229523659,0.03682573139667511,-0.03499263525009155,0.044842906296253204,0.11569859087467194,0.1817503720521927,0.49840328097343445,0.08890275657176971,0.07360484451055527,-0.024373535066843033,-0.03305482119321823,0.0245662909001112,0.17539383471012115,0.5101785659790039,0.1547580361366272,0.14959675073623657,0.39853373169898987,0.298380583524704,-0.20089785754680634,0.03276270255446434,-0.015162271447479725,0.15377594530582428,-0.05322311446070671,0.06639033555984497,0.08709969371557236,0.18879085779190063,-0.012195524759590626,-0.05768505856394768,0.0927749052643776,-0.01093575730919838,0.2768089175224304,-0.023669835180044174,0.01199543010443449,-0.1555095613002777,0.09888073801994324,0.005281473975628614,-0.04532214254140854,-0.034666240215301514,0.27575603127479553,-0.23425596952438354,-0.043568238615989685,-0.0024165066424757242,0.1834574043750763,-0.0664345771074295,-0.012600965797901154,0.1299334317445755,-0.10366397351026535,0.10449092835187912,-0.158811554312706,0.1308572143316269,-0.92347651720047,0.5719318389892578,0.01392742246389389,-0.03522416204214096,0.053707342594861984,-0.01826442964375019,-0.2601281702518463,-0.10536357015371323,0.16612014174461365,0.09266369789838791,0.07465226203203201,-0.2811172306537628,0.12186910212039948,-0.2691264748573303,-0.6882724761962891,-0.8841423392295837,0.0886262059211731,-0.23997655510902405,-0.0285427737981081,-0.5817974805831909,-0.5743262767791748,0.450268417596817,-0.2133064866065979,-0.1232457309961319,-1.4531821079799556e-07,0.03893328085541725,9.916774433804676e-05,1.0069727522932226e-06,-5.838201388996822e-08,-4.662012997869169e-06,6.836682587163523e-05,-0.8576219081878662,0.21134230494499207,0.0587618425488472,-0.0044064149260520935,0.019314827397465706,0.02964785136282444,0.06546442955732346,0.08017013967037201,0.05635758861899376
536,-0.0008412582683376968,-0.005288139451295137,-0.009833446703851223,-0.010663078166544437,-0.01172285433858633,-0.007185621652752161,-0.00025962022482417524,0.00555203715339303,0.00998152419924736,0.010903679765760899,0.004696980118751526,0.00014949400792829692,-0.004094888921827078,-0.009260513819754124,-0.012971840798854828,-0.01643414981663227,-0.01810600981116295,-0.01762346364557743,-0.024556584656238556,-0.027206555008888245,-0.03482730686664581,-0.04715588316321373,-0.03236159309744835,-0.0338425375521183,-0.03461755812168121,-0.0172945074737072,-0.016761519014835358,-0.005726970266550779,-0.0010536699555814266,-0.0027155308052897453,-0.01858450286090374,-0.034521717578172684,-0.042181018739938736,-0.049785465002059937,-0.060572680085897446,-0.09091493487358093,-0.1285702884197235,-0.12001340836286545,-0.11760836094617844,-0.08601492643356323,-0.09065268933773041,-0.10380090028047562,-0.10398171842098236,-0.1044071763753891,-0.1864602267742157,-0.12072471529245377,-0.1082085594534874,-0.08250409364700317,-0.07887831330299377,-0.0468376949429512,-0.050598252564668655,-0.0025006867945194244,0.038672469556331635,0.07702188193798065,0.130539670586586,0.06141355633735657,0.08329123258590698,0.05559195950627327,0.052672743797302246,0.07374948263168335,0.021092044189572334,0.026143766939640045,0.032717470079660416,-0.0021536017302423716,0.012542723678052425,0.02194882743060589,-0.034889545291662216,-0.004119246266782284,0.04199061170220375,-0.00821972731500864,-0.0024860913399606943,0.030835850164294243,0.019932148978114128,0.034994009882211685,0.011935106478631496,-0.003330776235088706,0.01344751100987196,-0.027075225487351418,-0.026806844398379326,0.010052550584077835,-0.019619496539235115,-0.0033722762018442154,-0.03105349838733673,-0.0009302953258156776,0.009602474048733711,-0.08128289133310318,0.03914375230669975,-0.03260109946131706,0.10089664161205292,-0.1290578544139862,0.0033996310085058212,0.0730820968747139,0.21858856081962585,-0.07994835823774338,-0.08820375055074692,0.11029312759637833,-0.04171889275312424,0.23823130130767822,-0.014563245698809624,-0.003558284603059292,-0.12351161986589432,0.021721910685300827,-0.0281780157238245,-0.07446901500225067,-0.014113525860011578,0.07396633923053741,-0.15966716408729553,-0.028528889641165733,-0.09352629631757736,0.12069105356931686,-0.10160917788743973,0.1955803483724594,-0.10617648810148239,-0.015791157260537148,-0.003950426820665598,0.02725941874086857,-0.08608420193195343,0.01026147697120905,-0.05279901623725891,0.026673991233110428,0.008539687842130661,-0.059399597346782684,-0.02270926907658577,0.07411258667707443,0.0667218342423439,-0.04589042067527771,0.10221721976995468,-0.048280369490385056,0.21648506820201874,-0.082387775182724,0.013017105869948864,0.018071455880999565,0.10034684836864471,0.02354191057384014,0.10490638762712479,0.05816156417131424,-0.17720000445842743,-0.017137615010142326,0.12641403079032898,-0.036262333393096924,0.05648038163781166,6.538724761639969e-08,0.007728356868028641,-0.00030957849230617285,-1.1648647841866477e-06,3.7381227002697415e-07,-2.362975101277698e-05,-0.0006531318067573011,0.001339360955171287,0.06417287886142731,0.02811480686068535,-0.0018815458752214909,-0.007763886358588934,0.0370742566883564,0.023788195103406906,0.010947832837700844,0.029629644006490707
537,-0.0006539213354699314,-0.004217864479869604,-0.00884892325848341,-0.00904502347111702,-0.009666066616773605,-0.0038689961656928062,0.0025768838822841644,0.007549368776381016,0.012580073438584805,0.013705916702747345,0.010408934205770493,0.009398269467055798,0.009338325820863247,0.006789945997297764,0.001313564833253622,-0.006890379823744297,-0.012534006498754025,-0.0138546796515584,-0.021254008635878563,-0.023890163749456406,-0.031319890171289444,-0.041077785193920135,-0.027937328442931175,-0.030538959428668022,-0.03331349790096283,-0.01934114471077919,-0.025773584842681885,-0.01861400529742241,-0.02219432033598423,-0.026574131101369858,-0.04839584603905678,-0.04541972652077675,-0.042887404561042786,-0.04435068741440773,-0.050498705357313156,-0.07737495750188828,-0.11203019320964813,-0.10060647875070572,-0.0967530906200409,-0.068917416036129,-0.07466209679841995,-0.08673291653394699,-0.08796850591897964,-0.09748031198978424,-0.16459496319293976,-0.10212314128875732,-0.09722895920276642,-0.07315481454133987,-0.07060272991657257,-0.04549751430749893,-0.07404652237892151,-0.046989407390356064,-0.036518845707178116,-0.03412943705916405,-0.036207910627126694,-0.01464658509939909,-0.0213311817497015,-0.010019293054938316,0.00991592276841402,0.07560627162456512,0.07563655823469162,0.19502539932727814,0.4630632996559143,0.01784120500087738,0.14318811893463135,0.20858123898506165,-0.08055635541677475,0.024939661845564842,0.05545802414417267,-0.011746430769562721,-0.03255877271294594,-0.00800808984786272,0.032617177814245224,0.10976272821426392,-0.0045383283868432045,-0.0235443115234375,0.018329372629523277,-0.07796669751405716,-0.07053929567337036,0.02774112857878208,0.006165544036775827,-0.18123650550842285,0.045696236193180084,0.13078278303146362,0.09135320037603378,-0.08880500495433807,0.12590335309505463,0.010606147348880768,0.2985459566116333,-0.09271867573261261,0.0991566851735115,0.09639616310596466,0.20796823501586914,-0.0400538295507431,-0.03163503110408783,0.01956753432750702,-0.028947558254003525,-0.03934421390295029,-0.04843579977750778,-0.035168714821338654,0.07461978495121002,-0.02619449608027935,-0.10266292840242386,-0.03553665429353714,0.05152486637234688,-0.13906659185886383,-0.03962492197751999,-0.15070907771587372,-0.04049832001328468,-0.2462136596441269,0.16548877954483032,-0.2407229244709015,-0.024504316970705986,-0.0016146997222676873,-0.12825152277946472,-0.1592688411474228,-0.028508443385362625,0.008045590482652187,-0.12195289880037308,0.08015094697475433,0.037903763353824615,0.08022189140319824,-0.027538549154996872,-0.10858283191919327,-0.001764050219208002,0.01946210488677025,0.1685982048511505,-0.4609943628311157,0.5984545946121216,-0.10982925444841385,-0.02341422624886036,-0.013453020714223385,0.03695376589894295,0.1630481332540512,0.0765904039144516,-0.19289898872375488,-0.046378057450056076,-0.09942469745874405,0.03135162591934204,-0.013195757754147053,0.0008311780984513462,-2.8303810850616173e-08,0.05206410214304924,-0.00020599317213054746,1.2021689599350793e-06,2.2269283306286525e-08,-1.7370059140375815e-05,-0.00041508875438012183,0.07491099089384079,0.14060324430465698,0.0237033199518919,-0.002007788047194481,-0.008274473249912262,0.03317779675126076,-0.0001879578921943903,0.019801879301667213,0.043063241988420486
538,0.002175056142732501,0.006235484499484301,0.005071229767054319,-0.002237829612568021,-0.010027052834630013,-0.012312625534832478,-0.010290187783539295,-0.009864573366940022,-0.008670668117702007,-0.009470487013459206,-0.007571862079203129,-0.006517159286886454,-0.008397521451115608,-0.011482466012239456,-0.01374012976884842,-0.015751827508211136,-0.01447083055973053,-0.009157825261354446,-0.006191139109432697,-0.00023172608052846044,0.0009686198900453746,-0.0038085312116891146,-0.012216760776937008,-0.023682739585638046,-0.03377903997898102,-0.020910877734422684,-0.030135871842503548,-0.0205977875739336,-0.024375297129154205,-0.02871044911444187,-0.05644725263118744,-0.055405642837285995,-0.05252921208739281,-0.05529218912124634,-0.06282757222652435,-0.09323404729366302,-0.11724286526441574,-0.09991824626922607,-0.07645296305418015,-0.04841029271483421,-0.04615812748670578,-0.05389145016670227,-0.06323756277561188,-0.07015131413936615,-0.15753762423992157,-0.11426863819360733,-0.11019430309534073,-0.08172890543937683,-0.07676287740468979,-0.05913318321108818,-0.08612997829914093,-0.05996832624077797,-0.04930172115564346,-0.04306952282786369,-0.05863144248723984,-0.027579743415117264,-0.04657093808054924,-0.031355492770671844,-0.03247988969087601,-0.036003515124320984,-0.011890672147274017,-0.025480233132839203,-0.05288996547460556,0.0018210294656455517,-0.03147232532501221,-0.06363490223884583,0.04274534434080124,-0.00403188169002533,-0.0901648998260498,0.034124813973903656,0.01285200472921133,-0.00829541590064764,-0.03920513018965721,-0.18345417082309723,-0.023594699800014496,-0.012421820312738419,0.0586741678416729,-0.02214353159070015,-0.012827727943658829,-0.03851691260933876,-0.05682709440588951,0.017499791458249092,-0.03142861649394035,-0.0024718334898352623,0.013373269699513912,-0.08672013133764267,0.03969411924481392,-0.054861944168806076,0.14952132105827332,-0.127041295170784,0.038358088582754135,0.060579072684049606,0.15644319355487823,-0.08199819922447205,-0.07578743994235992,0.1088998094201088,-0.05782376602292061,0.2620545029640198,-0.001017447211779654,0.016946790739893913,-0.22288081049919128,0.1316930502653122,0.0646214634180069,-0.10537177324295044,-0.025220252573490143,0.3564327657222748,-0.20377136766910553,0.13462898135185242,-0.1624642163515091,0.33152154088020325,-0.3730001151561737,0.20293642580509186,-0.24972251057624817,-0.05481531098484993,0.10110478848218918,0.10324593633413315,-0.20412172377109528,0.37539491057395935,-0.35394370555877686,0.09824246913194656,0.016687126830220222,0.2866547703742981,-0.03806161880493164,-0.1937510371208191,-0.08742789924144745,0.05055141821503639,0.210383340716362,-0.34529364109039307,0.5527107119560242,-0.07238418608903885,-0.1556113064289093,0.01128025259822607,0.24497871100902557,-0.38819485902786255,0.13155902922153473,0.39865589141845703,-0.4185723066329956,0.14774560928344727,0.17711937427520752,-0.06502871960401535,0.06922996044158936,-9.8344446541887e-07,-0.013073795475065708,8.988621993921697e-05,2.3541745122201974e-06,-1.4194172308634734e-06,-2.372521885263268e-05,-0.0001892995205707848,2.363980293273926,-0.35723525285720825,-0.006607434246689081,0.019192548468708992,-0.033080436289310455,0.042138583958148956,0.0236719511449337,-0.042697858065366745,-0.0006527510704472661
539,-0.0007754541002213955,-0.00499243289232254,-0.009083808399736881,-0.010771081782877445,-0.0122848991304636,-0.010887346230447292,-0.008748237043619156,-0.0072192661464214325,-0.006581735797226429,-0.007803982589393854,-0.0061093466356396675,-0.005843981169164181,-0.007778468541800976,-0.010298408567905426,-0.013202606700360775,-0.015903541818261147,-0.01759353093802929,-0.017144974321126938,-0.024209026247262955,-0.026437075808644295,-0.032656747847795486,-0.04553794860839844,-0.030492499470710754,-0.03151301294565201,-0.033277370035648346,-0.01467863842844963,-0.009596725925803185,0.004094052128493786,0.017393460497260094,0.02411770448088646,0.026307186111807823,-0.005171238444745541,-0.027936745434999466,-0.044055476784706116,-0.058592379093170166,-0.08752059191465378,-0.12470267713069916,-0.11566818505525589,-0.1151694506406784,-0.08456334471702576,-0.08189726620912552,-0.09604888409376144,-0.10066890716552734,-0.09561969339847565,-0.18120400607585907,-0.11962072551250458,-0.10557490587234497,-0.07955607771873474,-0.07924170792102814,-0.04987749084830284,-0.0799417570233345,-0.0457533523440361,-0.027990881353616714,0.009874215349555016,0.09576664119958878,0.09438692033290863,0.21615716814994812,0.1946745216846466,0.18042641878128052,0.16109682619571686,0.01685607247054577,-0.009138432331383228,-0.03883460536599159,0.0015993396518751979,-0.013305580243468285,0.0013088202103972435,-0.03530244901776314,-0.032244592905044556,0.1818189173936844,-0.061169516295194626,0.03338973969221115,0.052093036472797394,0.01610143855214119,-0.05327789485454559,-0.0034191934391856194,-0.000692114292178303,0.05432215332984924,-0.059583213180303574,-0.04963507875800133,0.017968570813536644,0.01973571814596653,-0.017454806715250015,-0.01532136369496584,-0.00941661186516285,-0.016769852489233017,-0.048204150050878525,0.023166561499238014,-0.012842975556850433,0.12716281414031982,-0.17915275692939758,0.0490376241505146,0.12733153998851776,0.2824457585811615,-0.10717909783124924,-0.05114502087235451,0.05621826648712158,-0.03555621579289436,-0.0006847682525403798,-0.0339529886841774,-0.014409646391868591,-0.15713633596897125,0.0870106890797615,0.05523465946316719,-0.0971766784787178,0.025529999285936356,0.23400333523750305,-0.2219204604625702,-0.02388055808842182,-0.09410934150218964,0.020110275596380234,-0.02176220901310444,0.13368763029575348,-0.10064495354890823,-0.03127721697092056,0.04993483051657677,0.19609113037586212,-0.2667633295059204,0.46453389525413513,-0.37525105476379395,0.07269580662250519,0.035458311438560486,0.09060303121805191,-0.07935338467359543,0.1442054808139801,0.06753835827112198,-0.3154802918434143,-0.08504746854305267,0.27331653237342834,-0.039826732128858566,-0.0815829411149025,-0.03850269690155983,0.015174838714301586,0.24699001014232635,-0.0613621287047863,0.07236454635858536,-0.24247287213802338,-0.023753173649311066,-0.26257678866386414,-0.21454620361328125,-0.07605889439582825,-0.10336777567863464,-1.0879614364966983e-07,0.011907665990293026,-0.00022815176635049284,-6.058265853425837e-07,-1.768566733062471e-07,-1.649060141062364e-05,-0.0005319042829796672,0.2809044122695923,0.09696800261735916,0.04765522480010986,-0.0011880416423082352,0.04832031577825546,0.03494555503129959,0.054172366857528687,0.029237302020192146,0.0664837509393692
540,-0.0007567842258140445,-0.005064418539404869,-0.008854656480252743,-0.010143719613552094,-0.012006239965558052,-0.010375370271503925,-0.008370879106223583,-0.006898885127156973,-0.006485677324235439,-0.007593005429953337,-0.005760122090578079,-0.005503929685801268,-0.007379565853625536,-0.010443071834743023,-0.013476870954036713,-0.016191434115171432,-0.01781775802373886,-0.017431428655982018,-0.024135949090123177,-0.025984009727835655,-0.03209657967090607,-0.04446367174386978,-0.02755456045269966,-0.022427981719374657,-0.012195196934044361,0.003363479394465685,0.017693618312478065,0.017303146421909332,0.016447996720671654,0.0044914172030985355,-0.01985853537917137,-0.038529831916093826,-0.04441540688276291,-0.051301948726177216,-0.06114254146814346,-0.08972221612930298,-0.12437830120325089,-0.11596941202878952,-0.11359652876853943,-0.08239799737930298,-0.08602440357208252,-0.10049881041049957,-0.09941023588180542,-0.09755125641822815,-0.17957687377929688,-0.11779668182134628,-0.10290854424238205,-0.08238327503204346,-0.07927439361810684,-0.05125913769006729,-0.08058126270771027,-0.0483032688498497,-0.03916368633508682,-0.01167895644903183,0.051854781806468964,0.07903606444597244,0.2073318511247635,0.20932428538799286,0.21452507376670837,0.17224328219890594,0.024400893598794937,-0.00884048081934452,-0.03642955422401428,-0.00032868466223590076,-0.01008137222379446,0.008874371647834778,-0.059911709278821945,-0.022979535162448883,0.1773664802312851,-0.043506503105163574,0.035423699766397476,0.04647388309240341,0.006349202711135149,-0.05674450844526291,-0.003405565395951271,-0.00586390495300293,0.0480123832821846,-0.04311598092317581,-0.052007731050252914,0.016162913292646408,0.0009924005717039108,-0.037881191819906235,-0.02745393104851246,-0.01668727584183216,-0.02694454789161682,-0.04842016473412514,0.028838025406003,-0.023593975231051445,0.12543734908103943,-0.16476109623908997,0.010279239155352116,0.10986505448818207,0.24433062970638275,-0.08945700526237488,-0.044290121644735336,0.04058350622653961,-0.03956993669271469,0.042458824813365936,-0.02936188131570816,0.00030570573289878666,-0.20591238141059875,0.11497357487678528,0.07625467330217361,-0.10345393419265747,0.024349573999643326,0.1898261308670044,-0.16650789976119995,-0.05882645398378372,-0.09460614621639252,0.03539896756410599,-0.031144369393587112,0.1911821961402893,-0.13805638253688812,-0.060269229114055634,0.02233065478503704,0.16224797070026398,-0.2638862729072571,0.3342929184436798,-0.2646086513996124,0.07109712064266205,0.044377319514751434,-0.008372999727725983,-0.039056990295648575,0.13252770900726318,0.0660431832075119,-0.29157692193984985,-0.05645393952727318,0.08794689178466797,0.22567857801914215,-0.11014644801616669,-0.026841869577765465,0.03053320199251175,0.15183188021183014,0.12141449004411697,0.04240904748439789,-0.5316638946533203,0.3278055489063263,-0.24564974009990692,-0.10581505298614502,-0.011351757682859898,0.04032997786998749,6.78821479027647e-08,0.01838662289083004,-0.0002897850063163787,-1.009558900477714e-06,3.6007469361720723e-07,-2.7222633434575982e-05,-0.0006426379550248384,-0.02977464161813259,0.10196445882320404,0.04209398850798607,-0.0019308447372168303,0.0417538583278656,0.0356614775955677,0.048663705587387085,0.025149472057819366,0.06000474840402603
541,-0.0008089061011560261,-0.004998377989977598,-0.00979645550251007,-0.010193265974521637,-0.012056201696395874,-0.008445315062999725,-0.0022039415780454874,0.00353051139973104,0.00894639641046524,0.01138715073466301,0.006135823205113411,0.0016155845951288939,-0.002693759510293603,-0.00784370955079794,-0.011963470838963985,-0.01526334322988987,-0.01708962209522724,-0.016508368775248528,-0.023983996361494064,-0.026463650166988373,-0.03408537805080414,-0.04489368572831154,-0.03114297427237034,-0.033883608877658844,-0.03656027466058731,-0.02124904654920101,-0.028133001178503036,-0.020764296874403954,-0.022966552525758743,-0.02457243576645851,-0.03681908920407295,-0.02600429765880108,-0.01924983039498329,-0.021617701277136803,-0.033957622945308685,-0.06479550153017044,-0.10961879789829254,-0.10903391987085342,-0.11192098259925842,-0.08248320966959,-0.08431366831064224,-0.09738027304410934,-0.10087068378925323,-0.10287778079509735,-0.18071870505809784,-0.11386461555957794,-0.10558131337165833,-0.07822893559932709,-0.07960684597492218,-0.05057490989565849,-0.07981859147548676,-0.04704788327217102,-0.027920249849557877,0.008581673726439476,0.0840730294585228,0.0783306211233139,0.17336918413639069,0.11177188158035278,0.07941938936710358,0.06731463968753815,0.016396716237068176,0.035505425184965134,0.08984757214784622,0.006550546269863844,0.047028277069330215,0.09661509096622467,-0.046259697526693344,0.014042813330888748,0.08476025611162186,-0.011177213862538338,-0.010214189067482948,0.011681376956403255,0.012633145786821842,0.05737735703587532,0.019998466596007347,0.00646578473970294,-0.018067393451929092,-0.019829347729682922,-0.04365026205778122,0.02430834248661995,-0.00260244682431221,-0.013739348389208317,-0.010293083265423775,0.05253646895289421,0.037945907562971115,-0.11228731274604797,0.06960009038448334,-0.02427246980369091,0.16688847541809082,-0.12521545588970184,0.04029466584324837,0.07973118126392365,0.24520982801914215,-0.06743475794792175,-0.07530951499938965,0.08387098461389542,-0.03759388625621796,0.15050794184207916,-0.025608893483877182,-0.019716305658221245,-0.1213264986872673,0.05415010079741478,0.0022022128105163574,-0.05518640950322151,-0.0066190981306135654,-0.11654152721166611,0.00644970778375864,-0.08449508249759674,-0.07453353703022003,0.03455733135342598,-0.011409011669456959,0.1240880936384201,-0.1043589636683464,-0.01823664829134941,-0.0031434514094144106,0.041078533977270126,-0.12251633405685425,0.08177218586206436,-0.11846045404672623,0.05635644495487213,0.02518792636692524,0.04966965690255165,-0.03174280375242233,-0.05744053050875664,0.011320249177515507,-0.012348314747214317,0.14636701345443726,-0.049134109169244766,0.08781855553388596,-0.05816011503338814,0.03509898483753204,0.007009563501924276,0.08554582297801971,0.022574519738554955,0.09233707934617996,0.01250652689486742,-0.16789570450782776,-0.031739190220832825,0.10947442799806595,-0.015169834718108177,0.03205834701657295,7.732730722409542e-08,0.0037647499702870846,-0.0002590322110336274,-5.761966122008744e-07,3.395127521343966e-07,-2.355688593524974e-05,-0.0005935361841693521,-0.18690340220928192,0.08917322009801865,0.03064093552529812,-0.0016105480026453733,-0.006365664303302765,0.034355759620666504,0.018096914514899254,0.006724705919623375,0.032383330166339874
542,-0.0007867119275033474,-0.004379966761916876,-0.007202888838946819,-0.0045166886411607265,2.920059887401294e-05,0.006748650688678026,0.008482974022626877,0.006122711580246687,0.002440509619191289,-0.002463964279741049,-0.004335973411798477,-0.0049239336512982845,-0.006880475208163261,-0.009666526690125465,-0.012363658286631107,-0.014825153164565563,-0.0164355281740427,-0.015788335353136063,-0.023268578574061394,-0.02563101425766945,-0.033062804490327835,-0.04302385449409485,-0.02942490763962269,-0.032971687614917755,-0.03586069121956825,-0.020300069823861122,-0.027068616822361946,-0.01944858208298683,-0.021318262442946434,-0.022162551060318947,-0.030423881486058235,-0.020146697759628296,-0.016664335504174232,-0.021290497854351997,-0.03617202863097191,-0.06705474108457565,-0.11060844361782074,-0.1058371439576149,-0.10779605805873871,-0.08032748848199844,-0.08285742253065109,-0.09059813618659973,-0.0977708175778389,-0.09954679012298584,-0.17751668393611908,-0.10608452558517456,-0.10113059729337692,-0.07110754400491714,-0.0661400780081749,-0.036040738224983215,-0.045887913554906845,-0.018288491293787956,-0.0018034756649285555,0.030841249972581863,0.10183516889810562,0.06983360648155212,0.15265806019306183,0.08374793082475662,0.04809882864356041,0.028225135058164597,0.006291164550930262,0.024243105202913284,0.11099015921354294,0.007592493202537298,0.09384384751319885,0.12520542740821838,-0.04943101853132248,0.012887513265013695,0.02029133029282093,-0.008850657381117344,-0.031590573489665985,0.0025128291454166174,0.03663047030568123,0.08502007275819778,0.008408702909946442,-0.004197283182293177,-0.008806142956018448,-0.028843602165579796,-0.051673974841833115,0.0033065699972212315,0.00328587694093585,-0.07965423911809921,-0.008248670026659966,0.07402077317237854,0.03404596820473671,-0.10735677927732468,0.09231605380773544,-0.02346298098564148,0.30208805203437805,-0.12801913917064667,0.05741386488080025,0.06691041588783264,0.18891708552837372,-0.05772069841623306,-0.05495279282331467,0.07331087440252304,-0.0408828929066658,0.16274119913578033,-0.027982788160443306,-0.03566562756896019,-0.01184471882879734,-0.025717297568917274,-0.06166661158204079,-0.04417920857667923,0.009677266702055931,0.01197693683207035,-0.07797729223966599,-0.09086032211780548,-0.08830028027296066,-0.1383049041032791,0.036739055067300797,0.05234210565686226,-0.09107153862714767,-0.006795850116759539,-0.015647372230887413,0.013732613064348698,-0.12242072820663452,0.1533210277557373,-0.203714519739151,0.06865133345127106,0.03630867972970009,0.06428372114896774,-0.014843771234154701,-0.1279471218585968,-0.04870273545384407,0.023313583806157112,0.14656488597393036,-0.20319393277168274,0.07512558996677399,-0.06583038717508316,0.12491510808467865,-0.004734646063297987,0.0769883394241333,-0.03004581108689308,0.09967439621686935,0.028670836240053177,-0.051040127873420715,-0.10937519371509552,-0.018144600093364716,0.025759480893611908,-0.0019194975029677153,1.1043605141480839e-08,0.010558342561125755,-0.00028508613468147814,-8.042802051022591e-07,3.1111403586692177e-07,-2.337046680622734e-05,-0.0005841597449034452,-0.13677892088890076,0.10767190903425217,0.03318282216787338,-0.002065811073407531,-0.014208975248038769,0.03617425262928009,0.029830660670995712,0.033774372190237045,0.03794337809085846
543,-0.0011351085267961025,-0.004443017300218344,-0.00834599882364273,-0.006735280156135559,-0.0024654099252074957,0.004992218222469091,0.007073724642395973,0.007041390053927898,0.004468152765184641,-0.0005561287980526686,-0.003119422821328044,-0.004216586705297232,-0.005814865231513977,-0.008366484194993973,-0.010853125713765621,-0.012477852404117584,-0.014248852618038654,-0.012710314244031906,-0.01965448260307312,-0.022149572148919106,-0.029681939631700516,-0.038626156747341156,-0.025383464992046356,-0.028986766934394836,-0.03132336586713791,-0.01741194911301136,-0.023653047159314156,-0.017085503786802292,-0.020390812307596207,-0.022911280393600464,-0.03597934544086456,-0.02636788971722126,-0.019861487671732903,-0.01776866614818573,-0.02433186024427414,-0.04957907646894455,-0.08617345988750458,-0.09292421489953995,-0.09211202710866928,-0.06829417496919632,-0.07268703728914261,-0.08720681071281433,-0.08633016794919968,-0.0947246178984642,-0.1583031564950943,-0.10261158645153046,-0.09322469681501389,-0.06716566532850266,-0.06819556653499603,-0.039471372961997986,-0.05402534082531929,-0.030275223776698112,-0.021062593907117844,-0.022904234007000923,-0.03513980284333229,-0.022658105939626694,-0.0362294465303421,-0.01834396831691265,-0.006714489310979843,0.025157317519187927,0.036747079342603683,0.0654415711760521,0.15652930736541748,0.03062116913497448,0.12470372766256332,0.2668761610984802,-0.08876021951436996,0.08527220040559769,0.3135440945625305,-0.03308814764022827,-0.0968519002199173,-0.024334408342838287,0.024646736681461334,-0.03209996968507767,0.003921010997146368,0.000806136173196137,0.0356479175388813,-0.11353174597024918,-0.047412972897291183,0.021658331155776978,0.011541017331182957,-0.16227835416793823,0.1113484799861908,0.1849796622991562,0.18179024755954742,-0.12142690271139145,0.1543552279472351,-0.02243092842400074,0.15540602803230286,-0.05739477649331093,0.053664833307266235,0.05013880506157875,0.20818667113780975,-0.007618133910000324,-0.056756120175123215,0.1098206415772438,-0.06197519227862358,0.21512722969055176,0.009373231790959835,-0.031224330887198448,-0.1547645628452301,0.04444529116153717,0.003614584216848016,-0.013442855328321457,0.09027118980884552,-0.2548559308052063,0.006416361778974533,-0.2907480001449585,0.13941539824008942,-0.6218167543411255,0.01989678293466568,-0.23562034964561462,0.07211413979530334,0.04438099265098572,-0.08202576637268066,-0.11862538754940033,-0.007580941542983055,0.06818348914384842,-0.265067994594574,0.024209948256611824,0.20748497545719147,0.36989349126815796,0.06157797947525978,-0.3887670934200287,-0.1481849104166031,0.10091780871152878,0.15125006437301636,-0.6287724375724792,0.6205938458442688,-0.08328555524349213,-0.02262711152434349,-0.01921956054866314,0.011508951894938946,0.13730722665786743,0.08105982840061188,-0.10393507033586502,-0.07714439928531647,-0.16355836391448975,-0.025863878428936005,0.023716114461421967,-0.023209741339087486,-1.1546099187853542e-07,0.011011689901351929,-0.0002682961639948189,-1.3186119929287088e-07,-3.403266077839362e-07,-2.281881279486697e-05,-0.0005785099347122014,-0.19434472918510437,0.14143630862236023,0.03138856589794159,-0.004314353223890066,-0.011794086545705795,0.03409270569682121,0.012383610010147095,0.06374230980873108,0.02698313444852829
544,-0.000810744590125978,-0.005068885628134012,-0.010225853882730007,-0.010878538712859154,-0.013067488558590412,-0.012267655692994595,-0.008767259307205677,-0.007269472349435091,-0.007011020556092262,-0.008135213516652584,-0.006423390470445156,-0.005738611798733473,-0.007575477473437786,-0.010484264232218266,-0.013269430957734585,-0.015867866575717926,-0.017728786915540695,-0.017533116042613983,-0.02475137449800968,-0.026518533006310463,-0.03383458033204079,-0.04185405373573303,-0.024314692243933678,-0.01359463669359684,0.005237195175141096,0.01504836231470108,0.02979179471731186,0.019986523315310478,0.008674299344420433,-0.0085988724604249,-0.03991600126028061,-0.04825142025947571,-0.04759879782795906,-0.051268529146909714,-0.0628499910235405,-0.08844295144081116,-0.1293998509645462,-0.11715046316385269,-0.11592221260070801,-0.0840521827340126,-0.08377610146999359,-0.09644409269094467,-0.10825600475072861,-0.10395389050245285,-0.18804652988910675,-0.12003719806671143,-0.1102372407913208,-0.07843797653913498,-0.08452056348323822,-0.05208628624677658,-0.08521493524312973,-0.056838199496269226,-0.05063815787434578,-0.04855203256011009,-0.06131042167544365,-0.029286319389939308,-0.026772139593958855,0.010036935098469257,0.052840378135442734,0.17305095493793488,0.09907063096761703,0.17350679636001587,0.3488200902938843,0.008446038700640202,0.15150204300880432,0.18013447523117065,-0.04940304532647133,-0.003934115171432495,0.019319336861371994,-0.00438471045345068,-0.002344605280086398,0.01083496492356062,0.01863168366253376,0.0400085374712944,0.006125530228018761,-0.012082722038030624,0.030142856761813164,-0.08128337562084198,-0.07301276922225952,0.03060879185795784,0.00797609519213438,-0.023398617282509804,0.004388375673443079,0.11593861132860184,0.13632053136825562,-0.1448015570640564,0.05452075973153114,-0.023403959348797798,0.12748460471630096,-0.13292042911052704,0.01879793033003807,0.028620637953281403,0.05905679613351822,-0.04885205626487732,-0.041978877037763596,0.07088225334882736,-0.05792256444692612,0.19830800592899323,-0.042436856776475906,-0.016346273943781853,-0.07207145541906357,0.02132776752114296,-0.01090998575091362,-0.06522183865308762,-0.003899573115631938,0.1078421100974083,-0.16633406281471252,-0.055739328265190125,-0.09834589064121246,0.03784925863146782,-0.05231185629963875,0.17797817289829254,-0.11576107889413834,-0.006465035956352949,0.07153856754302979,0.11501407623291016,-0.20092447102069855,0.3593378961086273,-0.3351428210735321,0.10058625787496567,0.09485053271055222,0.19475626945495605,0.025736194103956223,-0.08070952445268631,0.006545718293637037,-0.07449059933423996,0.03750362992286682,0.5360916256904602,-1.0322535037994385,-0.0709456279873848,0.13849617540836334,0.05455002188682556,-0.09976930916309357,0.14014512300491333,0.10593168437480927,-0.061495885252952576,-0.12060055136680603,-0.10306506603956223,-0.01907966658473015,-0.05730541795492172,-0.03487585857510567,-7.766364262806746e-08,0.030854839831590652,-4.200548573862761e-05,1.5372091866083792e-06,-1.7794316420349787e-07,-1.556513893774536e-06,-0.0002857318613678217,-0.05651276558637619,0.10793346166610718,0.047330040484666824,-0.0019763107411563396,0.04219571873545647,0.03504439815878868,0.060645438730716705,0.039772048592567444,0.0417880117893219
545,-0.000832793302834034,-0.0051863244734704494,-0.00991759542375803,-0.010574709624052048,-0.012990574352443218,-0.011561544612050056,-0.00889035314321518,-0.007216977421194315,-0.00684354268014431,-0.007930095307528973,-0.00610655453056097,-0.00565941259264946,-0.007528602611273527,-0.010329498909413815,-0.01325724832713604,-0.01588195189833641,-0.017507022246718407,-0.01724838837981224,-0.024508725851774216,-0.026869304478168488,-0.03398790955543518,-0.04512949287891388,-0.03125069662928581,-0.03296474367380142,-0.03432895243167877,-0.01662929356098175,-0.01531685795634985,-0.0030698205810040236,0.005695100408047438,0.012066285125911236,0.02090907096862793,0.005782700143754482,-0.011789671145379543,-0.028981799259781837,-0.04957692697644234,-0.0825175940990448,-0.12448648363351822,-0.1164630800485611,-0.11650088429450989,-0.08498618006706238,-0.08402702957391739,-0.0961763858795166,-0.1048305407166481,-0.10145526379346848,-0.18541064858436584,-0.11780018359422684,-0.10839622467756271,-0.07732785493135452,-0.08092191070318222,-0.051042959094047546,-0.08178960531949997,-0.049438007175922394,-0.033513739705085754,-0.0014069166500121355,0.06501300632953644,0.07144895195960999,0.17412519454956055,0.14938519895076752,0.13877186179161072,0.16816437244415283,0.037101928144693375,0.026860298588871956,0.012911753728985786,-0.0050279973074793816,0.013763409107923508,0.05043492093682289,-0.04372319579124451,-0.005658307578414679,0.1257530301809311,-0.034905385226011276,-0.00460425578057766,0.027135567739605904,0.014165306463837624,0.03953056037425995,0.014429299160838127,0.0023431864101439714,0.012681064195930958,-0.049440283328294754,-0.06209161877632141,0.025308813899755478,0.005697243381291628,-0.03534843400120735,-0.010104849003255367,0.02591012232005596,0.021056566387414932,-0.07190337777137756,0.030213406309485435,-0.014758897013962269,0.13118210434913635,-0.15796616673469543,0.05023813620209694,0.05534281209111214,0.23253464698791504,-0.11305776238441467,-0.07635761797428131,0.0791049525141716,-0.036795150488615036,0.08374525606632233,-0.028163278475403786,-0.016364431008696556,-0.14073097705841064,0.07546403259038925,0.031785283237695694,-0.08171595633029938,-0.005906799808144569,0.10777784138917923,-0.15129658579826355,-0.04877135902643204,-0.0945083275437355,0.09947500377893448,-0.12815618515014648,0.25958624482154846,-0.1433420330286026,-0.03486032038927078,0.018038878217339516,0.10173241794109344,-0.21866601705551147,0.34318554401397705,-0.34170421957969666,0.0891987755894661,0.07852503657341003,0.11479820311069489,-0.050670500844717026,0.04329981282353401,0.04204901307821274,-0.08080834895372391,0.06066208332777023,0.2030470222234726,-0.18871553242206573,-0.06916841864585876,0.050488267093896866,0.0063767279498279095,0.043331585824489594,0.09808763116598129,0.08882355690002441,-0.18716424703598022,-0.056085504591464996,-0.12957732379436493,-0.01826905459165573,-0.024492284283041954,-0.001469292095862329,-1.0117225279770992e-08,0.0076323808170855045,-0.0002749476698227227,-1.466646267545002e-06,1.4012661608830967e-07,-2.0248278815415688e-05,-0.0005651239771395922,-0.013117385096848011,0.08860145509243011,0.038474492728710175,-0.0009238871280103922,0.04844743758440018,0.03751203417778015,0.05228652432560921,0.013933369889855385,0.05454343929886818
546,-0.0007927405531518161,-0.004675914999097586,-0.009711334481835365,-0.01017725933343172,-0.011447829194366932,-0.011158936657011509,-0.008837176486849785,-0.007072943262755871,-0.007087669335305691,-0.0077199083752930164,-0.006403056439012289,-0.005496377591043711,-0.007463980931788683,-0.00975439976900816,-0.012702553533017635,-0.015125561505556107,-0.01672763004899025,-0.015808377414941788,-0.02349068783223629,-0.02509591542184353,-0.0333942212164402,-0.042360782623291016,-0.028483347967267036,-0.03181557357311249,-0.03225790709257126,-0.013889302499592304,-0.008742834441363811,0.004214936401695013,0.01681486889719963,0.02229553647339344,0.02426462434232235,-0.0046510277315974236,-0.025676248595118523,-0.03989856690168381,-0.055994607508182526,-0.08306308835744858,-0.12180975079536438,-0.11118626594543457,-0.11002573370933533,-0.08214645087718964,-0.07671036571264267,-0.08736150711774826,-0.10043486952781677,-0.09589631110429764,-0.1785801500082016,-0.11351994425058365,-0.10513346642255783,-0.07323115319013596,-0.07843586802482605,-0.05007670819759369,-0.08058276772499084,-0.05026962608098984,-0.04739002883434296,-0.04337381571531296,-0.043414901942014694,-0.0017973165959119797,0.06464704126119614,0.15056943893432617,0.2620759606361389,0.4958621561527252,0.11849476397037506,0.13219034671783447,0.10925289243459702,-0.011189404875040054,-0.0031734935473650694,0.013598780147731304,-0.033152781426906586,-0.006264246068894863,0.17245300114154816,-0.06885979324579239,-0.03848259896039963,0.036232978105545044,0.02512701414525509,-0.00443180650472641,-0.002231326187029481,-0.0071454038843512535,0.03975963220000267,-0.08815983682870865,-0.10098692029714584,0.0312880240380764,0.0192042775452137,-0.09456568211317062,0.04326258599758148,0.10270816087722778,0.0520358681678772,-0.06634698063135147,0.048441123217344284,0.009153882972896099,0.2219001054763794,-0.12620125710964203,0.11119651794433594,0.10425105690956116,0.20278753340244293,-0.14416834712028503,-0.05898594483733177,0.07891272753477097,-0.03616110980510712,0.08402606099843979,-0.03125576302409172,-0.03808322548866272,0.03486098349094391,-0.019912565127015114,-0.07107436656951904,-0.06461354345083237,-0.003545990912243724,0.23722697794437408,-0.2584083080291748,-0.025768738240003586,-0.09873519092798233,0.1413182020187378,-0.05446764454245567,0.06612242013216019,-0.08112510293722153,-0.036794234067201614,0.0032740135211497545,0.09682150930166245,-0.187101349234581,0.42140111327171326,-0.32203808426856995,0.07445354014635086,0.11787095665931702,0.2273351401090622,-0.0015669995918869972,-0.18324732780456543,0.010713727213442326,-0.06064503639936447,0.1038404107093811,0.7262260317802429,-1.3701776266098022,-0.02109331451356411,0.07337548583745956,0.006280220113694668,0.05465196818113327,0.012443801388144493,0.09796711057424545,-0.2031341791152954,-0.03131099417805672,-0.2643137574195862,-0.3247249722480774,-0.001768342568539083,-0.11167780309915543,-9.641564702178584e-08,0.019069267436861992,-0.0001211027629324235,4.096713723811263e-07,-7.582554673035702e-08,-9.05234173842473e-06,-0.00032926906715147197,0.10729581117630005,0.13207539916038513,0.04742255434393883,-0.0005878859083168209,0.046530865132808685,0.035626258701086044,0.0651690810918808,0.04185210168361664,0.06369094550609589
547,-0.0006433533853851259,-0.004033101722598076,-0.009288766421377659,-0.008108336478471756,-0.011835071258246899,-0.010992237366735935,-0.0076861209236085415,-0.006174634676426649,-0.0064880880527198315,-0.007297327276319265,-0.005514041054993868,-0.004975588526576757,-0.006781863048672676,-0.009695116430521011,-0.012692729942500591,-0.014724154956638813,-0.01593698188662529,-0.014789234846830368,-0.0164568442851305,-0.010415768250823021,0.0038765971548855305,0.030744343996047974,0.030786873772740364,0.03186226263642311,0.012217026203870773,-0.00500384671613574,-0.018298843875527382,-0.01888468489050865,-0.02361123636364937,-0.027953751385211945,-0.05324358865618706,-0.04857834056019783,-0.04458412155508995,-0.04531698301434517,-0.054747309535741806,-0.08128407597541809,-0.11604001373052597,-0.1014777198433876,-0.1017371341586113,-0.07457350194454193,-0.07468065619468689,-0.09171891212463379,-0.09319666773080826,-0.10545163601636887,-0.17303599417209625,-0.10837586969137192,-0.10365059971809387,-0.07261181622743607,-0.07941925525665283,-0.050664570182561874,-0.07797273248434067,-0.05164388194680214,-0.046998560428619385,-0.04895835742354393,-0.06008346751332283,-0.02864900976419449,-0.016242966055870056,0.028582245111465454,0.09327995777130127,0.23250630497932434,0.1301291286945343,0.16107456386089325,0.2716332674026489,-0.01538943126797676,0.0856361910700798,0.25104907155036926,-0.15075357258319855,0.14891012012958527,0.5443075299263,-0.03960709273815155,-0.0287114717066288,0.026987871155142784,0.012167524546384811,-0.0330604650080204,-0.020577577874064445,-0.026735858991742134,0.04958345368504524,-0.14035248756408691,-0.08840031176805496,0.12985309958457947,0.24505555629730225,-0.028423357754945755,0.10986687988042831,0.15047770738601685,0.02554691582918167,-0.029150448739528656,-0.02054867148399353,-0.009094631299376488,0.09339585900306702,-0.07214070111513138,0.0789826437830925,0.07301744818687439,0.22078940272331238,-0.06740904599428177,-0.06004573404788971,0.10486043989658356,-0.09050410985946655,0.37745365500450134,-0.04266229644417763,-0.035378940403461456,-0.21719017624855042,0.04113691300153732,-0.06668218225240707,-0.010004401206970215,0.09046351909637451,-0.6372713446617126,0.419534832239151,-0.08999686688184738,-0.07440593093633652,0.1797126978635788,-0.17498882114887238,0.28275611996650696,-0.11747521907091141,-0.043882451951503754,-0.04463529214262962,-0.013162093237042427,-0.11107416450977325,0.3781653642654419,-0.518924355506897,0.1809610277414322,0.1109350323677063,-0.02577982097864151,-0.016680005937814713,0.17198996245861053,0.06864923238754272,-0.02034224569797516,-0.004501414485275745,0.27731266617774963,-0.8594545722007751,0.1470789760351181,0.8181663751602173,-0.37985068559646606,-0.40333572030067444,0.33751481771469116,0.10445155948400497,0.034329451620578766,-0.12885907292366028,-0.021482549607753754,0.023747846484184265,0.0313015915453434,0.022797919809818268,9.545496482132876e-08,0.03862026333808899,-0.00011199677101103589,1.7883735381474253e-06,1.2111844682749506e-07,-7.0769110607216135e-06,-0.0003516025608405471,-0.9406610131263733,0.18012261390686035,0.0385364405810833,-0.0037500576581805944,0.0287028718739748,0.03030897118151188,0.03927476704120636,0.05272681266069412,0.03616069257259369
548,-0.0008402459206990898,-0.005025784019380808,-0.009951763786375523,-0.010371514596045017,-0.013467852957546711,-0.012014416046440601,-0.008707682602107525,-0.007057137321680784,-0.007032746449112892,-0.007944457232952118,-0.005843205843120813,-0.00570955965667963,-0.006879935972392559,-0.009854864329099655,-0.012903041206300259,-0.015198064036667347,-0.016751708462834358,-0.016158925369381905,-0.024463556706905365,-0.025555307045578957,-0.03373182564973831,-0.04320741444826126,-0.029769493266940117,-0.03267359733581543,-0.03651728481054306,-0.02033432386815548,-0.027329888194799423,-0.019914930686354637,-0.020625369623303413,-0.019485916942358017,-0.021324682980775833,-0.005391004495322704,0.004028825089335442,0.002722877310588956,-0.009584259241819382,-0.04027625918388367,-0.08896587789058685,-0.09882079809904099,-0.10613703727722168,-0.07764945179224014,-0.08255040645599365,-0.09564542025327682,-0.10114343464374542,-0.10388615727424622,-0.18629877269268036,-0.110082246363163,-0.10409608483314514,-0.07366260141134262,-0.07769335806369781,-0.047010280191898346,-0.08095275610685349,-0.05255769193172455,-0.040955230593681335,-0.0402153916656971,-0.032051850110292435,0.0074972850270569324,0.08001880347728729,0.11098282039165497,0.17235887050628662,0.26548296213150024,0.08908244222402573,0.09001248329877853,0.17062588036060333,-0.005148616153746843,0.10876456648111343,0.19312725961208344,-0.04670209437608719,0.006769930012524128,0.11081986129283905,-0.0365566723048687,-0.05668789520859718,-0.021944327279925346,0.018259750679135323,0.10018046200275421,0.0055159167386591434,-0.0020002599339932203,0.033348385244607925,-0.0985504686832428,-0.14036734402179718,0.038642242550849915,0.01627957634627819,-0.1337752640247345,0.004115725867450237,0.1644129604101181,0.12592163681983948,-0.1385459154844284,0.11835496127605438,-0.02126164175570011,0.2706998288631439,-0.1815291941165924,0.06836108863353729,0.029385020956397057,0.12105590105056763,-0.0691012442111969,-0.050811536610126495,0.06921043992042542,-0.05792718008160591,0.18630370497703552,-0.045473724603652954,-0.01018796768039465,-0.12324562668800354,0.014646177180111408,-0.04564572125673294,-0.0355834998190403,0.005938004236668348,-0.009650263004004955,-0.11996845155954361,-0.03855195641517639,-0.08422358334064484,0.05591025575995445,-0.00491710752248764,0.11841512471437454,-0.10080452263355255,-0.0294339582324028,0.05533980950713158,0.1375683844089508,-0.24200420081615448,0.41362062096595764,-0.4446061849594116,0.1028778925538063,0.1321975290775299,0.29954850673675537,0.056574780493974686,-0.18390513956546783,-0.004074131604284048,-0.001607244834303856,0.16887691617012024,-0.08057776093482971,0.0747603103518486,-0.0783371850848198,0.23417790234088898,-0.1378854513168335,-0.29996076226234436,0.45589113235473633,-0.12402863055467606,-0.46828606724739075,0.21377955377101898,-0.27586427330970764,-0.2964220345020294,0.18460437655448914,-0.02044406160712242,7.260869949732296e-08,0.005724180489778519,-0.0002546704199630767,-1.465282252866018e-06,2.400952610059903e-07,-1.89749916899018e-05,-0.0005820283549837768,-0.039847563952207565,0.11451656371355057,0.04183714836835861,0.0012736583594232798,0.05600183457136154,0.036250676959753036,0.06211614981293678,0.0056530022993683815,0.06041518226265907
549,-0.0008197111892513931,-0.005273091606795788,-0.01002121064811945,-0.011707556433975697,-0.013474302366375923,-0.012259331531822681,-0.008825333788990974,-0.007311723195016384,-0.0071388171054422855,-0.008049787022173405,-0.006321152206510305,-0.005625407677143812,-0.007603577338159084,-0.01081300713121891,-0.013426552526652813,-0.0164272952824831,-0.018070299178361893,-0.01769106462597847,-0.024485459551215172,-0.02705780602991581,-0.03412427380681038,-0.04295896366238594,-0.023124946281313896,-0.010293416678905487,0.009329184889793396,0.017389066517353058,0.029863454401493073,0.017047051340341568,0.005508377216756344,-0.011717412620782852,-0.0430913046002388,-0.050515055656433105,-0.04896387457847595,-0.052198559045791626,-0.06028055027127266,-0.08917966485023499,-0.12818238139152527,-0.12039092928171158,-0.11673790961503983,-0.0862012654542923,-0.09032116830348969,-0.10294216126203537,-0.10439827293157578,-0.10494066774845123,-0.18559403717517853,-0.12206628918647766,-0.11044880002737045,-0.08296484500169754,-0.08175574988126755,-0.051735103130340576,-0.07390496134757996,-0.03511014208197594,-0.014473526738584042,0.011242251843214035,0.04110957682132721,0.0293174609541893,0.05125651881098747,0.043406229466199875,0.03333894908428192,0.05369323119521141,0.02171330153942108,0.05446203052997589,0.11962719261646271,0.003285609185695648,0.046103186905384064,0.0666380375623703,-0.06604763120412827,-0.0027232645079493523,0.02186410129070282,-0.0028743697330355644,-0.00010028739052359015,-0.002021858701482415,-0.006836010608822107,-0.04980025812983513,-0.0014150902861729264,-0.009802798740565777,0.023142563179135323,-0.04273988679051399,-0.03276224434375763,0.02293398045003414,-0.01259191520512104,0.0007166829891502857,-0.02487492375075817,0.015072054229676723,0.03394808620214462,-0.11712658405303955,0.06318169832229614,-0.037651754915714264,0.14174361526966095,-0.10919959098100662,0.01464301161468029,0.051053766161203384,0.12870830297470093,-0.06332756578922272,-0.05931466445326805,0.0913180336356163,-0.033388398587703705,0.2829783260822296,-0.013385582715272903,0.010343238711357117,-0.2025868147611618,0.09254597127437592,0.018916605040431023,-0.08435074985027313,-0.012521741911768913,0.12113212049007416,-0.20562024414539337,-0.01195511594414711,-0.09179355949163437,0.1250527799129486,-0.08266232907772064,0.16533954441547394,-0.0675206258893013,0.014388063922524452,-0.02616148255765438,-0.014599322341382504,-0.06133655458688736,-0.01639445871114731,-0.06471352279186249,0.03822871297597885,-0.0025555631145834923,-0.058004219084978104,-0.026461640372872353,0.06795964390039444,0.06620724499225616,-0.040382497012615204,0.11452748626470566,-0.03490399941802025,0.09866997599601746,-0.07818492501974106,0.0668487623333931,-0.007844884879887104,0.05018522962927818,0.01850026659667492,0.10465604811906815,0.16809721291065216,-0.31317079067230225,0.07770252227783203,0.19342251121997833,-0.058370694518089294,0.05471677705645561,-1.236557238826208e-07,0.016492793336510658,-0.00031742677674628794,-1.3390134654400754e-06,-3.304785423097201e-08,-2.409946137049701e-05,-0.0006535659777000546,-0.003990383353084326,0.06814438849687576,0.04680440574884415,-0.0034156509209424257,0.04225979000329971,0.037848059087991714,0.0411146879196167,0.07181809842586517,0.04570573568344116
550,-0.0007580385426990688,-0.004746017511934042,-0.00960522796958685,-0.009627186693251133,-0.01261082012206316,-0.011612636968493462,-0.008134758099913597,-0.006893709301948547,-0.006728434935212135,-0.00776828546077013,-0.005817194003611803,-0.005340615287423134,-0.007093735970556736,-0.010281451977789402,-0.012865164317190647,-0.014596161432564259,-0.013527325354516506,-0.009049711748957634,-0.005913498345762491,-0.001206443295814097,0.0006661450024694204,-0.004315646830946207,-0.011326931416988373,-0.02187809720635414,-0.031212802976369858,-0.019575078040361404,-0.025188257917761803,-0.015379921533167362,-0.011190488003194332,-0.0065219346433877945,-0.008427305147051811,-0.016355525702238083,-0.026938261464238167,-0.03885291889309883,-0.05434061959385872,-0.08375710248947144,-0.12324883043766022,-0.11091432720422745,-0.10983775556087494,-0.08053121715784073,-0.08292257785797119,-0.097602978348732,-0.09882117062807083,-0.10295208543539047,-0.18085208535194397,-0.11460831016302109,-0.10673271119594574,-0.07729655504226685,-0.07923582941293716,-0.046615343540906906,-0.06117284297943115,-0.01959635503590107,0.006972108967602253,0.03555184602737427,0.05904869735240936,0.023878032341599464,0.020939452573657036,0.006939249578863382,0.0035134099889546633,0.018778108060359955,0.017323682084679604,0.05658071115612984,0.16035136580467224,0.003209508489817381,0.10442909598350525,0.19195938110351562,-0.10250150412321091,0.02301819436252117,0.20617839694023132,-0.02477700635790825,-0.013011171482503414,0.024656517431139946,0.015656540170311928,0.009211746044456959,0.003785609733313322,-0.0057103936560451984,0.02368733286857605,-0.04910769313573837,-0.0573805570602417,0.04025779291987419,0.020725339651107788,-0.03353159874677658,-0.0008512691128998995,0.1050998866558075,0.18580318987369537,-0.18253445625305176,0.14562997221946716,-0.02144766040146351,0.13709282875061035,-0.12215755134820938,0.01829088293015957,0.04025183245539665,0.13437238335609436,-0.06508563458919525,-0.04127948731184006,0.0667409598827362,-0.04195442050695419,0.14306189119815826,-0.029233785346150398,-0.012685433030128479,-0.09081963449716568,0.008434387855231762,-0.03331895172595978,-0.058653272688388824,-0.01678667776286602,0.07169751077890396,-0.14280520379543304,-0.05038664862513542,-0.09747292101383209,0.10966596752405167,-0.09197485446929932,0.15824854373931885,-0.09650296717882156,-0.019939031451940536,-0.020698297768831253,0.041597653180360794,-0.14033259451389313,0.20945630967617035,-0.24306882917881012,0.08140081912279129,0.05608484521508217,0.05804397165775299,-0.054152633994817734,0.11703749746084213,0.004022323060780764,-0.07397859543561935,-0.024872684851288795,0.1633988469839096,-0.17782685160636902,-0.022219737991690636,0.10208116471767426,-0.03481552004814148,-0.05118151009082794,0.22653399407863617,0.08223053812980652,-0.24008482694625854,-0.019759949296712875,-0.12596556544303894,0.031705208122730255,-0.004994567949324846,0.021452931687235832,7.980907668070358e-08,0.0031622371170669794,-0.0002790132712107152,-1.5360232055172673e-06,4.024957434012322e-07,-2.7304826289764605e-05,-0.0006062401807866991,0.08034025877714157,0.09791523963212967,0.03066125325858593,-0.0013254794757813215,0.023883333429694176,0.031389955431222916,0.04217265173792839,0.0038990459870547056,0.03727521747350693
551,-0.00014490481407847255,0.0009930068626999855,0.00647895410656929,0.010760053060948849,0.019117429852485657,0.017665326595306396,0.017742663621902466,0.02031880058348179,0.02782616578042507,0.041698940098285675,0.0312045868486166,0.02317432500422001,0.018763897940516472,0.012209409847855568,0.002735910704359412,-0.00590632064267993,-0.010755580849945545,-0.011650308966636658,-0.016277655959129333,-0.017462853342294693,-0.023437459021806717,-0.030339425429701805,-0.018941618502140045,-0.012994791381061077,0.007859582081437111,0.02842499129474163,0.09565777331590652,0.10836593061685562,0.158015638589859,0.16558529436588287,0.22159983217716217,0.11801633983850479,0.0592523030936718,0.04435603693127632,0.05059726908802986,0.056379128247499466,0.036904238164424896,-0.004179743584245443,-0.02675052359700203,-0.017631523311138153,0.009395311586558819,0.05189734697341919,0.09398066252470016,0.10365825146436691,0.18624207377433777,0.12263794243335724,0.13149552047252655,0.11396949738264084,0.11004483699798584,0.05856312811374664,0.07011871784925461,0.050191547721624374,0.07561224699020386,0.0852937325835228,0.12269293516874313,0.06180674582719803,0.06976144760847092,0.04624880850315094,0.0634169727563858,0.07641749829053879,0.03317547217011452,0.0364396907389164,0.02961190603673458,0.002912474563345313,0.021154634654521942,0.02754528447985649,-0.0581856444478035,-0.008151690475642681,0.12443289905786514,-0.032643429934978485,0.10820676386356354,0.15383845567703247,0.06845550984144211,0.317902147769928,0.0779694989323616,0.09801226854324341,-0.1303735077381134,0.26450392603874207,0.09777513891458511,0.004737610928714275,-0.015572487376630306,0.01191558688879013,-0.02663840726017952,-0.039977118372917175,-0.05671264976263046,0.1612241268157959,-0.05345660075545311,-0.011336227878928185,-0.08428262919187546,0.01782188005745411,-0.035681359469890594,-0.0483708530664444,-0.18322370946407318,0.13231401145458221,0.22909924387931824,-0.4195394217967987,0.07710453122854233,-1.1105762720108032,-0.05129413306713104,-0.13182257115840912,0.5759481191635132,-0.2762286067008972,-0.24271035194396973,0.15904611349105835,-0.0730113610625267,-0.16431254148483276,0.030005520209670067,-0.06161901727318764,0.06838933378458023,-0.2205294966697693,0.5743756890296936,-0.5911359786987305,0.36375686526298523,0.3208221197128296,-0.25882282853126526,-0.4675274193286896,0.8536402583122253,-1.2420443296432495,0.6743817329406738,-0.42449650168418884,-0.1798819601535797,-0.8267329335212708,0.18743208050727844,0.4610351622104645,0.5243164300918579,-0.16495320200920105,-0.2138238400220871,0.6103415489196777,-0.6091986298561096,-0.052552372217178345,0.07043863832950592,0.07211454957723618,-0.33411043882369995,0.5800309181213379,-0.06826455146074295,-1.2060030698776245,1.8332161903381348,0.0575827993452549,-0.2661961615085602,0.09408891946077347,-0.28332820534706116,2.1770223668227118e-07,-0.011820035055279732,-0.0002646432549227029,-2.7380367555451812e-06,5.912870051361097e-07,-2.1160680262255482e-05,-0.0005266877124086022,-4.03154993057251,0.26868462562561035,0.04019923880696297,-0.0046024261973798275,-0.013793799094855785,0.025477468967437744,0.03402695804834366,0.05356854572892189,0.03807724639773369
552,-0.000749273516703397,-0.004605268593877554,-0.009611263871192932,-0.009399043396115303,-0.013282577507197857,-0.011507437564432621,-0.008240374736487865,-0.006734984926879406,-0.006812320090830326,-0.007625273894518614,-0.005833242554217577,-0.005065219011157751,-0.0069705164059996605,-0.010509573854506016,-0.013258404098451138,-0.016258753836154938,-0.017433758825063705,-0.016876844689249992,-0.022538291290402412,-0.0242734644562006,-0.02789989486336708,-0.023397425189614296,0.0005692073609679937,0.02296656370162964,0.035893186926841736,0.020184803754091263,0.012329230085015297,-0.002883478067815304,-0.014459148980677128,-0.02375306561589241,-0.05215130001306534,-0.05236150324344635,-0.04640624672174454,-0.048614416271448135,-0.05712268128991127,-0.08836100995540619,-0.12431453168392181,-0.11306218802928925,-0.10941392928361893,-0.08239012211561203,-0.08609966188669205,-0.09979206323623657,-0.09908030182123184,-0.10446292906999588,-0.17979474365711212,-0.1140657365322113,-0.10847996920347214,-0.08022597432136536,-0.07878093421459198,-0.05332418158650398,-0.08188331872224808,-0.052686356008052826,-0.04611566662788391,-0.03514375537633896,-0.01976955495774746,0.01523740403354168,0.0755358338356018,0.08525916188955307,0.12207607179880142,0.14461351931095123,0.05994679406285286,0.06778068840503693,0.09833749383687973,-0.017422843724489212,0.01102272979915142,0.037567898631095886,-0.08391150832176208,0.03874354436993599,0.16362740099430084,-0.015571597963571548,-0.03357641026377678,0.036568090319633484,0.019029421731829643,-0.01606849767267704,-0.011530519463121891,-0.012713853269815445,0.06221209093928337,-0.053049810230731964,-0.047001175582408905,0.035404108464717865,0.0018733857432380319,-0.06266965717077255,-0.04277103394269943,0.040055710822343826,0.030642595142126083,-0.08879964798688889,0.06705380231142044,-0.027334054931998253,0.14544619619846344,-0.12634699046611786,0.05417550355195999,0.06838615238666534,0.12883108854293823,-0.0584011934697628,-0.04356744885444641,0.07928845286369324,-0.06833760440349579,0.2823624014854431,-0.012441909871995449,0.009383550845086575,-0.17950744926929474,0.0329798124730587,-0.09007712453603745,-0.04582754150032997,-0.03476954996585846,-0.09378109872341156,-0.14314351975917816,-0.01201633270829916,-0.12054198980331421,0.19758297502994537,-0.11954806745052338,0.07198502123355865,0.00597375025972724,0.017887471243739128,-0.09746605902910233,-0.013702966272830963,-0.15532243251800537,0.36555856466293335,-0.3685039281845093,0.0838790237903595,0.033222563564777374,-0.014521893113851547,0.022902540862560272,0.12532491981983185,0.051934197545051575,-0.003423102432861924,0.12256138771772385,-0.06091565266251564,0.22490204870700836,-0.0570061057806015,0.0735575258731842,-0.05257676541805267,-0.01941962167620659,0.18720653653144836,0.01095251739025116,-0.43216389417648315,0.06323239207267761,-0.07011187076568604,0.13113564252853394,-0.021153021603822708,0.05938662216067314,1.4984995289069047e-07,0.028771303594112396,-0.0002405801205895841,2.2174626224114036e-07,6.280341722231242e-07,-2.381200647505466e-05,-0.0006767244776710868,-0.06118224561214447,0.09047480672597885,0.0367717482149601,-0.0029684179462492466,0.036225393414497375,0.0191195085644722,0.04123316705226898,0.0533883310854435,0.043886855244636536
553,-0.0011338202748447657,-0.0044861589558422565,-0.006993257440626621,-0.004403549712151289,0.0014037956716492772,0.008001136593520641,0.007983647286891937,0.005505478009581566,0.0013738946290686727,-0.0032547444570809603,-0.004439349286258221,-0.00504302280023694,-0.006575786508619785,-0.009536976926028728,-0.012208418920636177,-0.014282558113336563,-0.016038157045841217,-0.01487822737544775,-0.022586271166801453,-0.02474392205476761,-0.03259895741939545,-0.04262081906199455,-0.02943309396505356,-0.0323265865445137,-0.035158198326826096,-0.01986398920416832,-0.026609458029270172,-0.01997189223766327,-0.022928372025489807,-0.026601769030094147,-0.04473560303449631,-0.035665132105350494,-0.02731211669743061,-0.022581642493605614,-0.02686483785510063,-0.04957611486315727,-0.08802947402000427,-0.09677574783563614,-0.10224587470293045,-0.07453799247741699,-0.08003038913011551,-0.0943894311785698,-0.09636298567056656,-0.10209713876247406,-0.17376060783863068,-0.10736776143312454,-0.09950720518827438,-0.07019615918397903,-0.06579464673995972,-0.03506635129451752,-0.0465148501098156,-0.02650199644267559,-0.022805489599704742,-0.024152973666787148,-0.01944252848625183,0.008595690131187439,0.06875982135534286,0.07625827938318253,0.11564412713050842,0.16914868354797363,0.06944720447063446,0.05835002660751343,0.08151955157518387,0.01404560636729002,0.05932723730802536,0.14954091608524323,-0.056919075548648834,0.04319217428565025,0.23931322991847992,-0.013966906815767288,-0.0624195821583271,-0.0132001843303442,0.029607631266117096,0.023185085505247116,0.0023061505053192377,-0.006393710151314735,0.01175692118704319,-0.06243470683693886,-0.056817684322595596,0.024156542494893074,0.001278361538425088,-0.08096465468406677,0.029134036973118782,0.13692541420459747,0.12291381508111954,-0.1624569147825241,0.13701283931732178,-0.0397915355861187,0.2501771152019501,-0.12436883896589279,0.06335348635911942,0.044742558151483536,0.20568639039993286,-0.039342448115348816,-0.056437935680150986,0.07280948758125305,-0.05811503902077675,0.15534350275993347,-0.028498990461230278,-0.025836315006017685,-0.0732932984828949,0.016425974667072296,-0.05549260601401329,0.01586478389799595,0.13300803303718567,-0.2850460708141327,-0.007563218008726835,-0.14303483068943024,-0.04653457552194595,-0.23002339899539948,0.08875996619462967,-0.02558978833258152,-0.04437851533293724,0.00553164491429925,-0.02996642515063286,-0.008560746908187866,-0.10452752560377121,0.18786892294883728,-0.29937055706977844,0.10120230913162231,0.1392277479171753,0.22418247163295746,0.00934402272105217,-0.24392373859882355,-0.07506714016199112,0.01798994280397892,0.12446726858615875,-0.4319405257701874,0.5716571807861328,-0.09571776539087296,0.01561024971306324,-0.060435328632593155,-0.06520584970712662,0.24130721390247345,0.05500994622707367,-0.09494905918836594,-0.06256278604269028,-0.10824212431907654,0.06561481207609177,-0.0018575330032035708,0.027076244354248047,-3.4334419751758105e-08,0.015237212181091309,-0.0002965034218505025,-9.336696393802413e-07,-9.405977152709966e-08,-2.3538001187262125e-05,-0.0005846297135576606,-0.3267364203929901,0.11747626960277557,0.028802113607525826,-0.002215724438428879,-0.014497148804366589,0.03473722189664841,0.008017662912607193,0.027893010526895523,0.04693017154932022
554,-0.0005171993980184197,-0.0012857894180342555,0.0007792575634084642,0.00352772930637002,0.0068308147601783276,0.005058325361460447,0.0006246445700526237,-0.0027683430816978216,-0.005128571763634682,-0.006974769756197929,-0.005521330516785383,-0.005296229850500822,-0.006716766394674778,-0.009489286690950394,-0.01219096314162016,-0.014320767484605312,-0.016049737110733986,-0.014919569715857506,-0.022452648729085922,-0.024428678676486015,-0.03251628205180168,-0.04200483113527298,-0.028797006234526634,-0.03217567130923271,-0.03494119271636009,-0.019326476380228996,-0.02605014480650425,-0.018042856827378273,-0.017757941037416458,-0.015361363999545574,-0.017153620719909668,-0.012839822098612785,-0.016925456002354622,-0.026784256100654602,-0.04445746913552284,-0.07408386468887329,-0.11492393165826797,-0.10843434184789658,-0.10675576329231262,-0.07559716701507568,-0.08024344593286514,-0.09103512763977051,-0.09585000574588776,-0.09803204983472824,-0.16496577858924866,-0.0916413739323616,-0.07587245851755142,-0.04532945901155472,-0.040414921939373016,-0.028007635846734047,-0.05646514147520065,-0.043781694024801254,-0.03530612960457802,-0.026584479957818985,0.004508031066507101,0.03079935908317566,0.1043793261051178,0.08773661404848099,0.08669678866863251,0.0907692164182663,0.02826123870909214,0.040960781276226044,0.11381161212921143,0.022494100034236908,0.10952140390872955,0.20697951316833496,-0.07396519184112549,0.025597885251045227,0.0950332060456276,-0.016441447660326958,-0.03022008389234543,-0.007531638257205486,0.027227962389588356,0.0801316574215889,-0.0012869827914983034,-0.0032835628371685743,0.00085815554484725,-0.06389399617910385,-0.06611517816781998,0.0487392395734787,0.01625279150903225,-0.09582341462373734,0.012920690700411797,0.12692026793956757,0.09834360331296921,-0.1492084264755249,0.14165928959846497,-0.021619275212287903,0.27746501564979553,-0.1159997507929802,0.08195285499095917,0.041759829968214035,0.17782990634441376,-0.05462881177663803,-0.04542838782072067,0.0554635263979435,-0.039865124970674515,0.12864233553409576,-0.036436282098293304,-0.044852063059806824,-0.02261689119040966,-0.00590496463701129,-0.062155988067388535,-0.029149698093533516,0.0750063806772232,-0.1820071041584015,0.0022679304238408804,-0.08751346170902252,-0.10096727311611176,-0.17122918367385864,0.05045409873127937,-0.006847345270216465,-0.09623934328556061,0.018266407772898674,-0.028118686750531197,-0.008210749365389347,-0.09940486401319504,0.13483262062072754,-0.22585704922676086,0.08978068083524704,0.1130276694893837,0.21870821714401245,0.04050581902265549,-0.30178195238113403,-0.0707344114780426,0.03228764608502388,0.13102596998214722,-0.13620416820049286,0.11338681727647781,-0.07350186258554459,0.02494124509394169,-0.02598525397479534,0.02104664221405983,0.14593058824539185,0.08340366929769516,-0.18498347699642181,0.08851085603237152,-0.18274565041065216,-0.06616013497114182,0.007048409897834063,0.016711905598640442,5.564960758874804e-08,0.012901016511023045,-0.00027986240456812084,-9.916486760630505e-07,1.5416466681017482e-07,-2.3471882741432637e-05,-0.0005762961809523404,-0.16471901535987854,0.11837232112884521,0.03190596029162407,-0.0021828676108270884,-0.018846208229660988,0.03597686439752579,0.01638798788189888,0.03859809786081314,0.042623162269592285
555,-0.0007881104829721153,-0.005006567575037479,-0.00906419474631548,-0.010823849588632584,-0.012166833505034447,-0.01085639838129282,-0.008793116547167301,-0.007211166433990002,-0.006631567142903805,-0.00783938355743885,-0.006241858936846256,-0.005803205072879791,-0.007878788746893406,-0.010333298705518246,-0.013245739042758942,-0.015922069549560547,-0.017655959352850914,-0.017190271988511086,-0.024081025272607803,-0.02613922208547592,-0.03247158229351044,-0.04541725292801857,-0.03081025369465351,-0.03173263370990753,-0.03383909538388252,-0.015528135001659393,-0.011091076768934727,0.0029764841310679913,0.01660613715648651,0.02465127222239971,0.028731442987918854,-0.0028360874857753515,-0.026600271463394165,-0.0431547537446022,-0.05783072113990784,-0.08731868118047714,-0.12540152668952942,-0.1163763701915741,-0.11544284224510193,-0.08483367413282394,-0.08254612237215042,-0.09555266797542572,-0.10153767466545105,-0.09571819007396698,-0.179548442363739,-0.11859553307294846,-0.10565342754125595,-0.0801595151424408,-0.07849571853876114,-0.04899841174483299,-0.07946877181529999,-0.04585446044802666,-0.028164487332105637,0.010001196525990963,0.09476707875728607,0.0944550558924675,0.2130121886730194,0.20611043274402618,0.17572973668575287,0.16030146181583405,0.018106278032064438,-0.009547104127705097,-0.04022674635052681,0.000467080797534436,-0.012242170982062817,0.011313379742205143,-0.04018852487206459,-0.03263477608561516,0.19284290075302124,-0.054009728133678436,0.0324622206389904,0.04867555573582649,0.013296226970851421,-0.04741405323147774,-0.003115000668913126,0.00014976284001022577,0.04735499620437622,-0.051249902695417404,-0.047089867293834686,0.026968562975525856,0.020907193422317505,-0.021354902535676956,-0.012803802266716957,-0.00806482695043087,-0.01855652406811714,-0.04713596776127815,0.023022975772619247,-0.01077526155859232,0.1371273398399353,-0.1712794154882431,0.05457432568073273,0.130227729678154,0.27570146322250366,-0.10065880417823792,-0.04946857690811157,0.056629713624715805,-0.03556583821773529,0.0132073312997818,-0.03472594544291496,-0.01832316443324089,-0.14479394257068634,0.08413825929164886,0.05062940716743469,-0.0906984880566597,0.02984088473021984,0.23989476263523102,-0.21283648908138275,-0.027772830799221992,-0.09852837771177292,0.02624182030558586,-0.03491048514842987,0.16179770231246948,-0.10360953211784363,-0.034857988357543945,0.052178338170051575,0.174784854054451,-0.2670632600784302,0.4850294888019562,-0.40055909752845764,0.05989299342036247,0.0418674610555172,0.10047660022974014,-0.07731550186872482,0.14187197387218475,0.06467150151729584,-0.3586948812007904,-0.13022099435329437,0.3056066334247589,-0.04513084143400192,-0.08693577349185944,-0.020624874159693718,0.02160901576280594,0.23464582860469818,-0.021780449897050858,0.057807885110378265,-0.3448859453201294,-0.006903429981321096,-0.2170519381761551,-0.06501937657594681,-0.07050006836652756,-0.023547476157546043,-1.3286205557960784e-07,0.011986288242042065,-0.00028478633612394333,-1.1597438742683153e-06,-1.96332521795739e-07,-2.420491182419937e-05,-0.0006500845775008202,0.20251096785068512,0.09656878560781479,0.045265961438417435,-0.0010836111614480615,0.048939161002635956,0.033636655658483505,0.054653141647577286,0.029734738171100616,0.06296864151954651
556,-0.0008951150230132043,-0.005248689558357,-0.010158910416066647,-0.010981055907905102,-0.013819298706948757,-0.01231327373534441,-0.0089194867759943,-0.007388693280518055,-0.007211700081825256,-0.00814872607588768,-0.006150221452116966,-0.005750536452978849,-0.007315130438655615,-0.010547519661486149,-0.0132185909897089,-0.016061600297689438,-0.017659325152635574,-0.017175765708088875,-0.024868974462151527,-0.02680147998034954,-0.03446348384022713,-0.044900767505168915,-0.029604900628328323,-0.02706569992005825,-0.02075428143143654,-0.005621522199362516,-0.0012512246612459421,-0.000168433747603558,-0.005369232036173344,-0.015507973730564117,-0.040095627307891846,-0.040280409157276154,-0.0333869494497776,-0.028570935130119324,-0.031272318214178085,-0.051667239516973495,-0.09034135192632675,-0.09911315888166428,-0.10876818746328354,-0.08362255990505219,-0.08745536208152771,-0.10153058171272278,-0.10481790453195572,-0.1070316731929779,-0.1882246881723404,-0.11845327913761139,-0.11021371930837631,-0.07993625104427338,-0.08142909407615662,-0.05100337043404579,-0.08075542747974396,-0.04637068882584572,-0.02631138451397419,0.0020965388976037502,0.0468689389526844,0.03978128358721733,0.08500898629426956,0.05453820526599884,0.04032466560602188,0.04580620676279068,0.014955672435462475,0.029480071738362312,0.09743852913379669,0.0003571001871023327,0.07258947193622589,0.13158220052719116,-0.046248774975538254,-0.00010385043424321339,0.0005277647287584841,-0.004912886302918196,-0.007200103253126144,0.01928582228720188,0.024750707671046257,0.1034807488322258,0.019130252301692963,0.0009948923252522945,0.003052642336115241,-0.03956015035510063,-0.037222251296043396,0.010816575028002262,-0.015962889418005943,-0.006034718360751867,-0.019894618541002274,0.049664076417684555,0.06214721500873566,-0.13850358128547668,0.07692220062017441,-0.030489858239889145,0.2040315419435501,-0.1658201813697815,0.03893027454614639,0.058447208255529404,0.17721980810165405,-0.06983364373445511,-0.052130505442619324,0.06271863728761673,-0.04905815050005913,0.20598666369915009,-0.027601201087236404,-0.009158413857221603,-0.12621767818927765,0.027966096997261047,-0.02751106582581997,-0.057182345539331436,-0.010779105126857758,0.12251307815313339,-0.20066526532173157,-0.014128738082945347,-0.0921097993850708,0.1281737983226776,-0.07473361492156982,0.186855286359787,-0.1175624206662178,-0.01892527937889099,-0.0025415823329240084,0.05762307345867157,-0.16080403327941895,0.22224028408527374,-0.2720290422439575,0.08778616040945053,0.0653405711054802,0.07659340649843216,-0.04707968235015869,0.009539436548948288,0.026505155488848686,-0.021042464300990105,0.179692342877388,-0.15160271525382996,0.2524399757385254,-0.05508812144398689,0.10539867728948593,-0.021659329533576965,-0.03037683106958866,0.16127727925777435,0.09720320999622345,0.07362569123506546,-0.22547031939029694,0.009888732805848122,0.1182611882686615,-0.01959919184446335,0.044780485332012177,3.858754382690677e-08,-0.005349322222173214,-0.0003797057142946869,-2.6041761884698644e-06,4.344458659488737e-07,-2.818561733874958e-05,-0.0007620000978931785,-0.12380805611610413,0.07024376094341278,0.03726424649357796,-0.0020060306414961815,0.043280526995658875,0.037785451859235764,0.04308507218956947,0.018753506243228912,0.04597023129463196
557,-0.0009596711024641991,-0.003768359776586294,-0.006113605108112097,-0.002958965254947543,0.004258300177752972,0.011730436235666275,0.01310875453054905,0.014709058217704296,0.01664857007563114,0.012603232637047768,0.005367711186408997,0.0009560611215420067,-0.0029060221277177334,-0.006999711971729994,-0.010716406628489494,-0.012802055105566978,-0.014307281002402306,-0.013346215710043907,-0.02019624225795269,-0.023046821355819702,-0.030199717730283737,-0.03957517445087433,-0.026510093361139297,-0.029463600367307663,-0.03179435059428215,-0.017848564311861992,-0.024893706664443016,-0.01778336800634861,-0.021511055529117584,-0.025634145364165306,-0.046368565410375595,-0.042408328503370285,-0.04150637611746788,-0.04127762094140053,-0.049898482859134674,-0.07559821009635925,-0.10946708172559738,-0.10168877243995667,-0.0965612530708313,-0.06800346076488495,-0.07372341305017471,-0.08710260689258575,-0.0877043753862381,-0.09754027426242828,-0.15899042785167694,-0.09736460447311401,-0.09242653846740723,-0.06483539938926697,-0.057079654186964035,-0.029311291873455048,-0.03502540662884712,-0.01733366772532463,-0.012371730990707874,-0.012091523967683315,-0.014566130004823208,-0.0057570841163396835,0.008693140000104904,0.025053510442376137,0.08284792304039001,0.19018451869487762,0.16677311062812805,0.18044230341911316,0.2746599018573761,0.03390250727534294,0.10746102780103683,0.1925683468580246,-0.06465364992618561,0.05287889018654823,0.20868319272994995,-0.0288448054343462,-0.06967690587043762,-0.023687204346060753,0.026728609576821327,0.05061468854546547,-0.006190659943968058,-0.009070493280887604,0.024141812697052956,-0.10288192331790924,-0.04759618267416954,0.034673940390348434,0.03928552195429802,-0.14539304375648499,0.11667349934577942,0.15481701493263245,0.141777902841568,-0.1251879781484604,0.16208145022392273,-0.005319240037351847,0.29102998971939087,-0.0509970523416996,0.106011763215065,0.0646023377776146,0.20407728850841522,-0.017548568546772003,-0.03253985196352005,0.03049582615494728,-0.03427042067050934,0.11752746999263763,-0.018595704808831215,-0.02348734624683857,-0.044116344302892685,0.011009779758751392,-0.06934894621372223,0.07410036027431488,0.2995195984840393,-0.6355616450309753,0.07517508417367935,-0.2960050702095032,0.022984204813838005,-0.40768077969551086,0.08383531868457794,-0.2117546945810318,0.06363570690155029,0.02979489415884018,-0.08083736896514893,-0.0892517939209938,-0.03482826054096222,0.012539471499621868,-0.147126242518425,0.07291410118341446,0.10461851209402084,0.1709778755903244,0.024754855781793594,-0.23520973324775696,-0.054362982511520386,0.10781529545783997,0.1176615059375763,-0.7091847658157349,0.8731110095977783,-0.13474799692630768,-0.08982375264167786,-0.038573455065488815,-0.044539984315633774,0.19111593067646027,0.031407397240400314,-0.22329287230968475,0.1413630247116089,-0.20471052825450897,0.0023292384576052427,-0.013591796159744263,0.022684695199131966,-9.01053169855004e-08,0.04755909740924835,-0.00025440999888814986,9.693993661130662e-07,-2.6024594035334303e-07,-1.9290535419713706e-05,-0.0004727690829895437,-0.17132243514060974,0.15934179723262787,0.029989933595061302,-0.0026671343948692083,-0.013999338261783123,0.032077401876449585,0.006021442357450724,0.0437328964471817,0.0432208776473999
558,-0.0008409853326156735,-0.005230835638940334,-0.010054260492324829,-0.010968239977955818,-0.013600223697721958,-0.012124932371079922,-0.00895540788769722,-0.007357183378189802,-0.007152151316404343,-0.008073351345956326,-0.006130489986389875,-0.005656315479427576,-0.0073993392288684845,-0.010481709614396095,-0.013168573379516602,-0.01598644256591797,-0.017615271732211113,-0.017048431560397148,-0.024347858503460884,-0.026893459260463715,-0.03448322042822838,-0.044991616159677505,-0.02998846210539341,-0.028290553018450737,-0.022714894264936447,-0.006910838186740875,-0.002125205472111702,0.000326227571349591,-0.0033242867793887854,-0.011537827551364899,-0.02908904477953911,-0.02703770436346531,-0.021482689306139946,-0.022047098726034164,-0.03260153532028198,-0.06249278783798218,-0.10829191654920578,-0.11046130210161209,-0.11491365730762482,-0.08520391583442688,-0.08783721923828125,-0.1004474088549614,-0.10430021584033966,-0.10465622693300247,-0.18623030185699463,-0.1171862930059433,-0.10882524400949478,-0.07978949695825577,-0.08013880252838135,-0.05088038742542267,-0.07591298967599869,-0.03972769156098366,-0.01796153374016285,0.012520456686615944,0.05336427316069603,0.03485741466283798,0.05855870619416237,0.03286948427557945,0.02430519461631775,0.04566198214888573,0.020227739587426186,0.040110185742378235,0.07908046990633011,0.0015586435329169035,0.03538563847541809,0.07257955521345139,-0.040035512298345566,0.003173943841829896,0.045765966176986694,-0.00982359517365694,-0.008039992302656174,0.010952429845929146,0.008367253467440605,0.028747601434588432,0.014272963628172874,-7.575565541628748e-05,-0.006288002710789442,-0.011250331066548824,-0.019169745966792107,0.0027367835864424706,-0.01944911852478981,0.004891949240118265,-0.023504098877310753,0.045248501002788544,0.055447161197662354,-0.14112547039985657,0.0715571939945221,-0.028247300535440445,0.16663311421871185,-0.1342172473669052,0.032566241919994354,0.06569245457649231,0.20575301349163055,-0.06829994171857834,-0.06572088599205017,0.07324223965406418,-0.03945767506957054,0.20417962968349457,-0.018866879865527153,-0.006767592392861843,-0.1521744430065155,0.05736887454986572,0.0018051682272925973,-0.06384987384080887,-0.008738790638744831,0.07668843865394592,-0.1619967669248581,-0.022904081270098686,-0.09053269028663635,0.14902885258197784,-0.11225970089435577,0.2127702385187149,-0.11728024482727051,-0.01724032312631607,-0.0014445476699620485,0.03382410854101181,-0.12305541336536407,0.12291090190410614,-0.1851843297481537,0.07094421982765198,0.041529182344675064,0.07231666147708893,-0.039887379854917526,-0.0393889844417572,0.020635638386011124,-0.015289930626749992,0.15332037210464478,-0.06110352650284767,0.13890281319618225,-0.05994482338428497,0.04490501806139946,0.005457300692796707,0.06691091507673264,0.04749733954668045,0.10207322984933853,0.0037394643295556307,-0.1920478343963623,-0.006417239084839821,0.14549534022808075,-0.04268697649240494,0.04934348538517952,3.5687328647782124e-08,-0.0035882540978491306,-0.0003606798127293587,-2.406906560281641e-06,3.8817532299617596e-07,-2.7702817533281632e-05,-0.0007533170864917338,0.0030677407048642635,0.056269094347953796,0.03303017467260361,-0.0024279251229017973,0.04338504746556282,0.0363633893430233,0.028785811737179756,0.013126248493790627,0.0394880585372448
559,-0.0008611270459368825,-0.005331104621291161,-0.010268633253872395,-0.0109481792896986,-0.013746545650064945,-0.012288357131183147,-0.009086127392947674,-0.007457044441252947,-0.007167136296629906,-0.008197484537959099,-0.006157084368169308,-0.0057978034019470215,-0.007415755186229944,-0.010562801733613014,-0.013439117930829525,-0.016197867691516876,-0.01778056100010872,-0.01734624058008194,-0.0250279251486063,-0.02699529565870762,-0.03491431102156639,-0.04571836441755295,-0.03196106478571892,-0.03441411629319191,-0.037506867200136185,-0.021166829392313957,-0.028174355626106262,-0.019217681139707565,-0.017908228561282158,-0.014088546857237816,-0.013367678038775921,-0.00695263734087348,-0.00724564865231514,-0.01229088380932808,-0.02164331078529358,-0.044281940907239914,-0.08263673633337021,-0.09417808055877686,-0.10621333122253418,-0.08254408091306686,-0.08740179985761642,-0.10097843408584595,-0.10729669779539108,-0.1052117869257927,-0.19143620133399963,-0.1182214543223381,-0.11055419594049454,-0.07867967337369919,-0.07933644950389862,-0.0457746684551239,-0.050650861114263535,-0.002381383441388607,0.03629268333315849,0.0772809162735939,0.11639653146266937,0.0420251302421093,0.040559981018304825,0.014049886725842953,0.016508545726537704,0.05623393878340721,0.032045841217041016,0.06140788272023201,0.12065502256155014,-0.006455314811319113,0.053812332451343536,0.08373937010765076,-0.03935839608311653,-0.00821806862950325,0.02958209253847599,-0.015553709119558334,-0.011593994684517384,0.018991529941558838,0.018242591992020607,0.09126807004213333,0.01970634050667286,0.006698981858789921,0.002844443777576089,-0.0398002453148365,-0.055908769369125366,0.020788738504052162,-0.0032524869311600924,-0.024455256760120392,-0.02577558532357216,0.04733305796980858,0.06007616966962814,-0.1258406639099121,0.05816056206822395,-0.03559093177318573,0.15873537957668304,-0.1698872148990631,0.05010700225830078,0.046037402004003525,0.20555157959461212,-0.10782460868358612,-0.08316030353307724,0.08514686673879623,-0.045063357800245285,0.1631954312324524,-0.02520538680255413,-0.004514146596193314,-0.16931988298892975,0.07328975945711136,0.02372015453875065,-0.07087042182683945,-0.01336572878062725,0.15586553514003754,-0.19785286486148834,-0.015533100813627243,-0.09306591749191284,0.1650867760181427,-0.12555941939353943,0.22710399329662323,-0.1281081736087799,-0.01958051323890686,0.02598724141716957,0.09801273047924042,-0.19708950817584991,0.2514359652996063,-0.26399320363998413,0.08035346120595932,0.04622490331530571,0.11198432743549347,-0.039150550961494446,-0.03611335903406143,0.0314386785030365,-0.02698105201125145,0.14297975599765778,0.0064455363899469376,0.025946805253624916,-0.05921585112810135,0.067475825548172,0.004784628748893738,0.026010876521468163,0.15048973262310028,0.07817786931991577,-0.16095973551273346,-0.05957650765776634,-0.10155364125967026,0.034644801169633865,-0.006330793723464012,0.040930308401584625,6.950829600782527e-08,-0.00984976440668106,-0.0002965722233057022,-2.0860618406004505e-06,3.3196354820574925e-07,-2.424712511128746e-05,-0.0005011209868825972,-0.021541541442275047,0.05801113694906235,0.03379756957292557,0.0007026195526123047,0.05649106949567795,0.031184358522295952,0.04541311413049698,-0.00327489897608757,0.049366120249032974
560,-0.0007607053266838193,-0.004724842496216297,-0.009659066796302795,-0.00981159694492817,-0.012484041042625904,-0.010586495511233807,-0.005541700404137373,-0.0011063048150390387,0.00436521926894784,0.009824841283261776,0.00804857537150383,0.005045724101364613,0.0015342447441071272,-0.004245726391673088,-0.009878365322947502,-0.014135339297354221,-0.016589883714914322,-0.01630953513085842,-0.023429760709404945,-0.02547495625913143,-0.03335775062441826,-0.04310658946633339,-0.029044518247246742,-0.02834882028400898,-0.02403840608894825,-0.00816197320818901,-0.0034833785612136126,0.00037217524368315935,-0.0029999855905771255,-0.012566485442221165,-0.03889070823788643,-0.04486865922808647,-0.04565531015396118,-0.04748258739709854,-0.05903293192386627,-0.08360552787780762,-0.12187928706407547,-0.10935007780790329,-0.10749123990535736,-0.07703371345996857,-0.08029858767986298,-0.09314869344234467,-0.09804245084524155,-0.10314726084470749,-0.17836470901966095,-0.10975310951471329,-0.1045631617307663,-0.0748339593410492,-0.07857843488454819,-0.048067741096019745,-0.08091960847377777,-0.053376924246549606,-0.04588782414793968,-0.04866436868906021,-0.061511144042015076,-0.029984919354319572,-0.03302865847945213,-0.004038587212562561,0.03375032916665077,0.13360559940338135,0.09351909905672073,0.1854894757270813,0.3576965630054474,0.05119503289461136,0.13877959549427032,0.2412729561328888,-0.07366389036178589,0.027099639177322388,0.12847790122032166,-0.013580690138041973,-0.015660520642995834,0.005989336408674717,0.011205792427062988,0.01874024234712124,0.005903916899114847,-0.0047998372465372086,0.0207032673060894,-0.0695997104048729,-0.06004679203033447,0.03721876069903374,0.02299468405544758,-0.03458167985081673,0.015228727832436562,0.18208763003349304,0.15068522095680237,-0.15127205848693848,0.10016854852437973,-0.0016607728321105242,0.16978800296783447,-0.11981961131095886,0.057372719049453735,0.05046124756336212,0.18726539611816406,-0.06987574696540833,-0.045435793697834015,0.03615727648139,-0.017566952854394913,0.017359040677547455,-0.03198191896080971,-0.036550331860780716,0.00836140662431717,-0.000958682328928262,-0.06265643984079361,-0.06142942234873772,0.014725970104336739,-0.058259326964616776,-0.03413867577910423,-0.06369365751743317,-0.08468650281429291,-0.04025469720363617,0.04724054038524628,-0.034248124808073044,-0.06269056349992752,0.010998302139341831,-0.04707237705588341,-0.009532704949378967,-0.09959985315799713,0.16752906143665314,-0.24783830344676971,0.11419207602739334,0.1273047924041748,0.17326058447360992,-0.011343148536980152,-0.14785495400428772,-0.015006711706519127,-0.000992130720987916,0.15406537055969238,0.022779155522584915,-0.09932021796703339,-0.04984305426478386,0.15853647887706757,-0.025247637182474136,-0.09508175402879715,0.20815394818782806,0.0780150443315506,-0.15764321386814117,-0.07852588593959808,-0.04488753899931908,0.10623827576637268,-0.03908880427479744,0.03786902129650116,5.801291536045028e-08,0.026153376325964928,-0.0003050105879083276,-8.962974220594333e-07,4.0171664750232594e-07,-1.9844857888529077e-05,-0.0007073743618093431,-0.2486451119184494,0.12425503134727478,0.03580163046717644,-0.0026096398942172527,-0.0036073620431125164,0.035950470715761185,0.027013417333364487,0.03672698512673378,0.0405738428235054
561,0.0022886754013597965,0.012423212639987469,0.02573964186012745,0.028658200055360794,0.022332167252898216,0.008334873244166374,-0.0014537246897816658,-0.006306027993559837,-0.007737892214208841,-0.009351935237646103,-0.0075024450197815895,-0.0065798405557870865,-0.008616494946181774,-0.011914335191249847,-0.014462897554039955,-0.01788518764078617,-0.019376851618289948,-0.017764350399374962,-0.02433687448501587,-0.02924147993326187,-0.03794938325881958,-0.04955344274640083,-0.03503621742129326,-0.03775513917207718,-0.040252070873975754,-0.022337714210152626,-0.03105725720524788,-0.021126214414834976,-0.02513033151626587,-0.029515480622649193,-0.05761226639151573,-0.05657549202442169,-0.05241396278142929,-0.05130521208047867,-0.04993586614727974,-0.05122729763388634,-0.023797696456313133,0.018761247396469116,0.028606435284018517,-0.0012407138710841537,-0.02815472148358822,-0.049976956099271774,-0.04886693134903908,-0.02907402813434601,-0.017805587500333786,-0.006168842315673828,-0.017446257174015045,-0.02924211323261261,-0.046791546046733856,-0.05003015697002411,-0.08303464949131012,-0.05984789505600929,-0.05260027199983597,-0.044170621782541275,-0.06208917871117592,-0.028366412967443466,-0.05402909964323044,-0.03911648318171501,-0.05162736773490906,-0.0780281350016594,-0.022988153621554375,-0.044967710971832275,-0.07418742775917053,0.007556012831628323,-0.020913925021886826,-0.05496496334671974,0.05458400025963783,-0.00466304924339056,-0.08383490145206451,0.04036947339773178,0.014622899703681469,-0.013788913376629353,-0.03940283879637718,-0.14773370325565338,-0.012606529518961906,-0.0004990148590877652,0.057555243372917175,-0.016701865941286087,-0.003259901888668537,0.00286771054379642,-0.03058621473610401,0.025547359138727188,-0.021674955263733864,0.004558655899018049,0.006702132057398558,-0.07369406521320343,0.022183282300829887,-0.04139452055096626,0.09708622843027115,-0.11735989153385162,0.037643544375896454,0.05684402957558632,0.154850572347641,-0.07183969765901566,-0.09059390425682068,0.12576785683631897,-0.04016295075416565,0.35173800587654114,0.020630940794944763,0.05371629074215889,-0.2768029272556305,0.15264630317687988,0.07952305674552917,-0.10193385183811188,-0.05093129351735115,0.3715929388999939,-0.23120298981666565,0.12114600092172623,-0.17141589522361755,0.34468358755111694,-0.3445928692817688,0.19165684282779694,-0.1580076366662979,0.03289559856057167,0.06023251265287399,0.03036750853061676,-0.1623791605234146,0.19117575883865356,-0.3040173351764679,0.10334433615207672,0.029235949739813805,0.3285091817378998,-0.032451022416353226,-0.22699478268623352,-0.13329555094242096,0.06714601814746857,0.23496447503566742,-0.3183419704437256,0.49844256043434143,-0.05297308787703514,-0.1013595312833786,0.03250979632139206,0.23094244301319122,-0.3267044126987457,0.10853169858455658,0.48882678151130676,-0.4557325839996338,0.19003388285636902,0.12575185298919678,-0.0375516414642334,0.08117225021123886,-9.950788353307871e-07,0.04162060469388962,-2.420972850813996e-05,3.9486253626819234e-06,-1.6783843648227048e-06,-2.5030223696376197e-05,-0.0005711124395020306,2.1858761310577393,-0.3210204243659973,-0.03834313899278641,0.017963027581572533,-0.031383316963911057,-0.001994463847950101,0.014065944589674473,-0.051220204681158066,-0.03621644526720047
562,0.002441394841298461,0.017776940017938614,0.03609020262956619,0.029286488890647888,0.03395497426390648,0.017849773168563843,0.003721363376826048,-0.0029785020742565393,-0.005395461805164814,-0.007707004901021719,-0.005063602700829506,-0.003142637899145484,-0.0011202363530173898,0.0038726418279111385,0.01169551070779562,0.013321641832590103,0.006931357551366091,-0.003594548674300313,-0.01545232255011797,-0.02216879278421402,-0.033389490097761154,-0.041975148022174835,-0.031091680750250816,-0.034483663737773895,-0.03805074095726013,-0.02061994932591915,-0.029446477070450783,-0.020802820101380348,-0.023757001385092735,-0.028160063549876213,-0.05382769554853439,-0.05263156443834305,-0.04800518602132797,-0.04938089847564697,-0.06307955086231232,-0.07830628752708435,-0.09477143734693527,-0.07548753917217255,-0.07611561566591263,-0.05998041853308678,-0.05524764582514763,-0.02108110673725605,0.08617481589317322,0.21951726078987122,0.6689569354057312,0.46652209758758545,0.4439297616481781,0.2299126535654068,0.16911163926124573,0.1065315306186676,0.2195909172296524,0.1649540513753891,0.12068000435829163,0.07732782512903214,0.0747452825307846,0.03138989210128784,0.06772717833518982,0.042040351778268814,0.05363214761018753,0.025415407493710518,-0.006533490028232336,-0.025613298639655113,-0.05754806846380234,-0.01714933104813099,-0.0412132702767849,-0.06170201674103737,0.04253353551030159,0.004121247213333845,-0.0836600735783577,0.011464599519968033,0.0021665922831743956,-0.009744357317686081,-0.013012354262173176,-0.04948711767792702,-0.015354098752140999,-0.011366321705281734,0.0338330939412117,-0.035378437489271164,0.0008635426638647914,-0.0014468657318502665,-0.01720537431538105,0.01492069661617279,-0.013602795079350471,-0.013175608590245247,-0.04698262736201286,0.13023030757904053,-0.04189228266477585,0.009235118515789509,-0.494717001914978,0.280518114566803,-0.1394568234682083,-0.018050506711006165,-0.10386264324188232,0.08306383341550827,0.27700236439704895,-0.19204871356487274,0.10295462608337402,-0.23735976219177246,-0.04849883168935776,-0.11099178344011307,0.3277895748615265,-0.09424447268247604,-0.06668548285961151,-0.056435808539390564,0.015549681149423122,0.20690090954303741,-0.22867371141910553,0.0005854947958141565,-0.09555494785308838,0.320060670375824,-0.24023237824440002,0.3142435848712921,-0.08417051285505295,-0.02123180963099003,-0.06881901621818542,-0.01861063949763775,-0.05734816566109657,0.06757950782775879,-0.1674736738204956,0.07847785204648972,0.06779491901397705,0.11601204425096512,0.03019542247056961,-0.1959119290113449,0.00896471831947565,-0.02550870180130005,0.15502919256687164,0.365384042263031,-0.8138012886047363,0.008892985060811043,-0.008515773341059685,0.5637741684913635,-0.7312953472137451,0.8620828986167908,-0.19509722292423248,-0.9988738894462585,1.230566382408142,-0.6207714080810547,-0.0980432853102684,0.01384678203612566,0.011276296339929104,-5.88839341730818e-08,-7.801492029102519e-05,9.978014713851735e-05,2.4991396685436484e-07,-2.8098210691496206e-07,-4.315077148930868e-06,0.00044187120511196554,-0.7901854515075684,0.20338718593120575,0.058658044785261154,-0.0037988328840583563,-0.022960852831602097,0.023838264867663383,0.071186862885952,0.041994258761405945,0.06413361430168152
563,0.002932771574705839,0.013455027714371681,0.0250974353402853,0.030129076912999153,0.023000065237283707,0.007678621914237738,-0.0021601528860628605,-0.0063560158014297485,-0.007823850028216839,-0.008722363039851189,-0.007750590797513723,-0.006087818648666143,-0.007598924450576305,-0.011136003769934177,-0.012346981093287468,-0.015474244952201843,-0.017498156055808067,-0.01357639767229557,-0.01822587661445141,-0.021674828603863716,-0.02636263519525528,-0.02440805174410343,-0.007777336053550243,0.0014199612196534872,0.00014740362530574203,-0.004855465143918991,-0.015845095738768578,-0.01658484898507595,-0.02235024981200695,-0.0280892476439476,-0.0545290932059288,-0.053749244660139084,-0.048323214054107666,-0.04998096823692322,-0.05507868528366089,-0.06812729686498642,-0.06147506833076477,-0.035936787724494934,-0.03020004741847515,-0.033630307763814926,-0.03579201549291611,-0.005833805073052645,0.09205295145511627,0.17687322199344635,0.535504937171936,0.3665963411331177,0.29797354340553284,0.1334337741136551,0.05697408318519592,0.055645719170570374,0.14979073405265808,0.14986570179462433,0.110844187438488,0.07349684834480286,0.05282033607363701,0.005061331670731306,-0.0010757043492048979,0.0006955417920835316,0.0066368067637085915,0.010364878922700882,-0.0048032477498054504,-0.014959141612052917,-0.0500522218644619,0.003193675307556987,-0.021359896287322044,-0.04251885041594505,0.03578026220202446,0.0026439528446644545,-0.06572820991277695,0.02694748528301716,0.003603018121793866,-0.01522202230989933,-0.011164573021233082,-0.05343971401453018,0.00573531910777092,0.015237096697092056,0.056432683020830154,-0.018182871863245964,-0.003954295068979263,0.00671950401738286,-0.03226325660943985,0.014476370066404343,-0.01797558180987835,-0.0331915058195591,-0.09917248040437698,0.11914810538291931,-0.34422072768211365,0.13912588357925415,-0.6240467429161072,0.02443336322903633,-0.09192623943090439,-0.037241145968437195,-0.1273331344127655,-0.04038887843489647,0.09699026495218277,-0.16789890825748444,0.02441716380417347,0.06470487266778946,0.04466533660888672,0.0262849573045969,-0.24213118851184845,0.16694030165672302,0.04125464707612991,-0.0904298797249794,-0.018200676888227463,0.38158944249153137,-0.1861766129732132,0.15620380640029907,-0.08880452066659927,0.42862749099731445,-0.39625248312950134,0.1568072885274887,-0.27520230412483215,0.050139203667640686,0.2987391948699951,0.09515741467475891,-0.18255335092544556,0.5128119587898254,-0.4616146385669708,0.07969173043966293,0.004826527554541826,0.17533226311206818,0.0368800014257431,-0.245713010430336,-0.047769300639629364,0.0020956904627382755,0.13993754982948303,-0.41811326146125793,0.5027123689651489,-0.12054027616977692,-0.06132011115550995,-0.03393586724996567,0.2424202859401703,-0.4678992033004761,0.19071654975414276,0.45853883028030396,-0.29410526156425476,0.18516948819160461,0.03114641085267067,0.14513710141181946,0.06292010843753815,-8.287163950626564e-07,-0.0054276250302791595,5.257860539131798e-05,1.1018905752280261e-06,-9.265830414051379e-08,-2.6211948352283798e-05,0.0005508772446773946,0.696320652961731,-0.12499327212572098,-0.1345582902431488,-0.010747779160737991,-0.026454685255885124,-0.20925411581993103,-0.1318816840648651,-0.11424940079450607,-0.16040009260177612
564,0.0015252581797540188,0.010754041373729706,0.021171165630221367,0.017060084268450737,0.017909079790115356,0.007265765219926834,-0.001024237833917141,-0.00483593950048089,-0.0059510269202291965,-0.007890941575169563,-0.005107822362333536,-0.0031429713126271963,-0.0010419421596452594,0.004084098618477583,0.011909029446542263,0.013613982126116753,0.006826161406934261,-0.0037944470532238483,-0.01566254161298275,-0.022638659924268723,-0.03339410200715065,-0.04273638501763344,-0.03150595352053642,-0.03478594869375229,-0.03833761066198349,-0.020839683711528778,-0.02978873997926712,-0.021139785647392273,-0.02401125617325306,-0.028293896466493607,-0.05420306697487831,-0.05309062823653221,-0.047937896102666855,-0.04742870852351189,-0.055678948760032654,-0.05979684367775917,-0.054137952625751495,-0.03225898742675781,-0.03215022757649422,-0.036980655044317245,-0.04519781842827797,-0.02977241948246956,0.04539452865719795,0.14909659326076508,0.4960426688194275,0.34833824634552,0.3383360505104065,0.17925262451171875,0.138284370303154,0.10112817585468292,0.2189277857542038,0.16334646940231323,0.11961287260055542,0.07508914172649384,0.06945096701383591,0.025239326059818268,0.054105959832668304,0.031351085752248764,0.037719015032052994,0.011458131484687328,-0.009786286391317844,-0.02854044735431671,-0.05684680864214897,-0.012393363751471043,-0.03926161676645279,-0.05502443015575409,0.045633021742105484,0.0053488644771277905,-0.08454858511686325,0.010538273490965366,0.0014816628536209464,-0.009847440756857395,-0.011125086806714535,-0.04753057286143303,-0.014217517338693142,-0.00953805074095726,0.0336848720908165,-0.02832646295428276,0.005093576852232218,-0.0037934479769319296,-0.02078215219080448,0.019103307276964188,-0.01557117234915495,-0.010292435064911842,-0.03864315524697304,0.07973207533359528,-0.047515105456113815,0.03824672847986221,-0.35928279161453247,0.16666074097156525,-0.09168190509080887,-0.012346843257546425,-0.08615679293870926,0.028716418892145157,0.15516051650047302,-0.13348180055618286,0.05036808177828789,-0.12040744721889496,-0.059507716447114944,-0.11455792933702469,0.23907360434532166,-0.07366524636745453,-0.048062942922115326,-0.07000669836997986,0.018116874620318413,0.20387373864650726,-0.2282343953847885,0.004558033309876919,-0.09775706380605698,0.31366246938705444,-0.25593021512031555,0.317612886428833,-0.09431705623865128,-0.022581692785024643,-0.05894375592470169,-0.010408029891550541,-0.07364699244499207,0.09995453804731369,-0.19133858382701874,0.06628578901290894,0.0478866808116436,0.07474182546138763,-0.004840074107050896,-0.10568130016326904,0.02352108061313629,-0.019855480641126633,0.15561476349830627,0.21912610530853271,-0.6123571395874023,0.05612409859895706,0.04959933087229729,0.31434518098831177,-0.43001148104667664,0.7121716737747192,-0.21069951355457306,-0.8629436492919922,0.9538514614105225,-0.6694375276565552,-0.1146787479519844,-0.019004637375473976,0.02649361826479435,-6.628378201867235e-08,0.0001357504224870354,9.95594309642911e-05,2.8513971983556985e-07,-2.5900249056576286e-07,-3.5662390018842416e-06,0.0004247969773132354,-0.16010485589504242,0.16641707718372345,0.05650978907942772,-0.002767137950286269,-0.023506974801421165,0.024618158116936684,0.07292439788579941,0.03717955946922302,0.06571255624294281
565,0.006531666498631239,0.03348499909043312,0.06449642032384872,0.07882243394851685,0.06781257688999176,0.033231742680072784,0.007585885003209114,-0.0030262963846325874,-0.0067288014106452465,-0.008952109143137932,-0.007516699843108654,-0.0066457646898925304,-0.008452183566987514,-0.011815723031759262,-0.013684865087270737,-0.017021428793668747,-0.019252987578511238,-0.016788437962532043,-0.02448842115700245,-0.028814498335123062,-0.03784860298037529,-0.04806144908070564,-0.035145390778779984,-0.03785870596766472,-0.04016541689634323,-0.022984113544225693,-0.03191206231713295,-0.022783054038882256,-0.026275141164660454,-0.031520918011665344,-0.0588826984167099,-0.05778016522526741,-0.05452496558427811,-0.05768147483468056,-0.06881988048553467,-0.10625370591878891,-0.14352072775363922,-0.12744539976119995,-0.10621144622564316,-0.06452742964029312,-0.048002712428569794,-0.01969248056411743,0.052891165018081665,0.14726652204990387,0.4493982195854187,0.3622756004333496,0.28713274002075195,0.12922632694244385,0.04116193577647209,-0.020081479102373123,-0.07170568406581879,-0.057028498500585556,-0.054668109863996506,-0.044142741709947586,-0.06392665207386017,-0.037322595715522766,-0.060959529131650925,-0.042495597153902054,-0.05064864084124565,-0.07567551732063293,-0.025128206238150597,-0.045479483902454376,-0.08578258007764816,-0.00976778008043766,-0.04062016308307648,-0.06930219382047653,0.03454085439443588,-0.01178918406367302,-0.10274671763181686,0.018078308552503586,-0.0010430322727188468,-0.034120310097932816,-0.04830193147063255,-0.18307249248027802,-0.02425370179116726,-0.010737474076449871,0.05025671422481537,-0.04231183975934982,-0.009534817188978195,0.030623840168118477,-0.006655369885265827,0.020924165844917297,-0.026945454999804497,-0.029648644849658012,-0.06773034483194351,0.048317886888980865,-0.04789115861058235,0.0039452421478927135,-0.2405032366514206,-0.0876576378941536,-0.026002323254942894,0.03150039538741112,0.13277703523635864,-0.09827020019292831,-0.11573715507984161,0.1085333451628685,-0.07633085548877716,0.327446311712265,-0.011301781050860882,0.04402492567896843,-0.2571853697299957,0.15665559470653534,0.045539382845163345,-0.09436167776584625,-0.03321404382586479,0.40241140127182007,-0.2441488355398178,0.0855521708726883,-0.14819681644439697,0.38725996017456055,-0.3422536551952362,0.2130448967218399,-0.1695646196603775,0.019161147996783257,0.08782034367322922,0.08304484933614731,-0.19369782507419586,0.27601951360702515,-0.3206183612346649,0.11821579933166504,0.09374957531690598,0.34217020869255066,0.05311933532357216,-0.4728250503540039,-0.14137636125087738,0.04134625941514969,0.1958749145269394,-0.17617282271385193,0.1994393914937973,-0.06476712971925735,0.13573457300662994,-0.06556834280490875,0.14397673308849335,-0.22178851068019867,0.12073508650064468,0.366266667842865,-0.3760180175304413,0.14978326857089996,0.12728887796401978,-0.01694387197494507,0.05960006266832352,-6.444233804359101e-07,0.04939357191324234,9.967596270143986e-05,5.991041689412668e-06,-1.5249665921146516e-06,-3.0288967536762357e-05,-0.0003627859696280211,1.538638710975647,-0.10216609388589859,0.00626385398209095,0.012050607241690159,-0.028494907543063164,-0.011522607877850533,0.05107400193810463,-0.01412391196936369,0.041534747928380966
566,0.004513619467616081,0.021885335445404053,0.03601671755313873,0.024357933551073074,0.02380664274096489,0.010019933804869652,0.0003063752956222743,-0.003910638391971588,-0.005448164418339729,-0.007865349762141705,-0.005806577857583761,-0.005058489739894867,-0.005507344845682383,-0.006482561584562063,-0.0016315784305334091,0.005659691523760557,0.01109965331852436,0.007047741208225489,-0.000868538161739707,-0.012470245361328125,-0.02691436931490898,-0.03921233490109444,-0.03186851739883423,-0.03510154411196709,-0.03810090944170952,-0.021779360249638557,-0.030651599168777466,-0.022657480090856552,-0.025653373450040817,-0.029401281848549843,-0.05567387491464615,-0.05492348596453667,-0.0475735068321228,-0.048779770731925964,-0.057589419186115265,-0.06948312371969223,-0.08604120463132858,-0.07332317531108856,-0.07103807479143143,-0.03963402658700943,0.002631413284689188,0.082790307700634,0.2086557000875473,0.28349989652633667,0.6084953546524048,0.3789137303829193,0.3047613501548767,0.18175508081912994,0.17291441559791565,0.11557695269584656,0.1962442696094513,0.121514230966568,0.09985479712486267,0.06214921176433563,0.06319087743759155,0.029453514143824577,0.052912455052137375,0.03687063232064247,0.05791693925857544,0.05615358054637909,0.010936054401099682,-0.002139591844752431,-0.03376880660653114,-0.013503842055797577,-0.03042694181203842,-0.05115203559398651,0.027757154777646065,-0.0035035142209380865,-0.07779991626739502,-0.005546970758587122,-0.013861583545804024,-0.0477922298014164,-0.039477501064538956,-0.1534349024295807,-0.025110241025686264,-0.020576227456331253,0.015114250592887402,-0.01874951459467411,0.0039269025437533855,-0.004098136909306049,-0.02251039259135723,0.022008417174220085,-0.022627409547567368,-0.11070778220891953,-0.15756049752235413,0.42158442735671997,-0.06598149985074997,0.07166995853185654,-0.2437126338481903,0.23460103571414948,-0.07333242893218994,-0.0003415289393160492,-0.12868131697177887,0.177354633808136,0.18595029413700104,-0.05665808171033859,0.05990559235215187,-0.09967638552188873,0.004919327795505524,-0.08127880096435547,0.20831695199012756,-0.16501370072364807,-0.05069655552506447,0.008184613659977913,-0.0026911068707704544,0.14118780195713043,-0.19168880581855774,-0.0064871907234191895,-0.07094480097293854,0.13564319908618927,-0.10713928937911987,0.22010912001132965,-0.1210988238453865,0.05178910121321678,0.0985758975148201,0.08094703406095505,-0.13502152264118195,0.07485969364643097,-0.11220180988311768,0.04155142232775688,0.075210340321064,0.17659930884838104,0.05151678994297981,-0.12515048682689667,-0.0014040759997442365,0.0479959212243557,-0.19592083990573883,0.8562067151069641,-1.1795222759246826,0.043357037007808685,-0.0029904956463724375,0.29492175579071045,-0.7676742672920227,0.8371186852455139,-0.28119808435440063,-0.4558314383029938,0.6943898797035217,-0.5696845054626465,-0.18337306380271912,-0.009252317249774933,0.045614056289196014,1.300944489912581e-07,-0.007004376035183668,-0.00028375416877679527,-2.4446333100058837e-06,7.256854246406874e-07,-2.7183328711544164e-05,-0.0005822543753311038,-0.8735542893409729,0.1954588145017624,0.05369478091597557,-0.002864494686946273,-0.026543162763118744,0.033940330147743225,0.062119338661432266,0.04329778999090195,0.05160230025649071
567,0.0023165482562035322,0.013067641295492649,0.027675606310367584,0.03086729533970356,0.023177115246653557,0.0076824636198580265,-0.0023555420339107513,-0.006953029427677393,-0.008043333888053894,-0.00947627890855074,-0.007538039702922106,-0.006620722357183695,-0.008656827732920647,-0.011956434696912766,-0.014504175633192062,-0.017897512763738632,-0.019459769129753113,-0.017834506928920746,-0.024554995819926262,-0.029400108382105827,-0.03819245845079422,-0.04974769428372383,-0.03519409894943237,-0.03789572790265083,-0.04040995612740517,-0.022458935156464577,-0.031243104487657547,-0.021248748525977135,-0.025243815034627914,-0.029702311381697655,-0.057822976261377335,-0.05671430379152298,-0.052278026938438416,-0.05081630125641823,-0.0490463450551033,-0.050296179950237274,-0.025197651237249374,0.014367780648171902,0.02373240329325199,-0.004163671284914017,-0.03153619542717934,-0.055273011326789856,-0.05407223850488663,-0.028204377740621567,-0.0027999798767268658,0.008023246191442013,-0.008950680494308472,-0.028679409995675087,-0.0501844584941864,-0.05316141992807388,-0.08565343916416168,-0.06091999262571335,-0.05319513753056526,-0.044643986970186234,-0.06236127391457558,-0.029194170609116554,-0.0548807717859745,-0.040148667991161346,-0.0523977056145668,-0.0792844220995903,-0.024421514943242073,-0.04599485546350479,-0.07613295316696167,0.005064381752163172,-0.024064036086201668,-0.05770469084382057,0.051208604127168655,-0.007205355912446976,-0.08688193559646606,0.0396248921751976,0.012502712197601795,-0.015752378851175308,-0.040937136858701706,-0.14836159348487854,-0.014214582741260529,-0.003411285113543272,0.05718391388654709,-0.01947551965713501,-0.0031788370106369257,0.0028424703050404787,-0.03157220408320427,0.02408824861049652,-0.0215753260999918,0.00707937590777874,0.011211748234927654,-0.07655587792396545,0.01969616487622261,-0.038427941501140594,0.08479643613100052,-0.11759829521179199,0.03706628829240799,0.059699397534132004,0.15932998061180115,-0.07294442504644394,-0.09300895780324936,0.1261872500181198,-0.042938828468322754,0.3506280481815338,0.01838522218167782,0.052021801471710205,-0.275758296251297,0.15243946015834808,0.07866524904966354,-0.1038060411810875,-0.049269236624240875,0.37709128856658936,-0.23091699182987213,0.11842595040798187,-0.17327184975147247,0.3478844463825226,-0.34117409586906433,0.19511495530605316,-0.1556275635957718,0.027302786707878113,0.05922769755125046,0.03402480483055115,-0.15965354442596436,0.19247011840343475,-0.30557799339294434,0.10217659920454025,0.03167164325714111,0.3326724171638489,-0.03422635793685913,-0.23157168924808502,-0.1365223079919815,0.06695903092622757,0.23505419492721558,-0.33073684573173523,0.492731511592865,-0.05703233554959297,-0.08570845425128937,0.03542191535234451,0.24435406923294067,-0.3383105993270874,0.10251964628696442,0.48758581280708313,-0.4511353373527527,0.19140420854091644,0.12999600172042847,-0.04145168885588646,0.08090807497501373,-7.407787734337035e-07,0.042401768267154694,0.0003491370880510658,5.932754902460147e-06,-2.059903636109084e-06,-2.1116025891387835e-05,0.0005615514237433672,2.306642532348633,-0.28938770294189453,-0.026825908571481705,0.015029527246952057,-0.029470762237906456,-0.014988222159445286,0.014005573466420174,-0.0513305738568306,-0.00034044377389363945
568,-0.0012895002728328109,-0.0060896119102835655,-0.010374270379543304,-0.014731297269463539,-0.01630149967968464,-0.014634584076702595,-0.01039982307702303,-0.008728746324777603,-0.006921024061739445,-0.005666813813149929,-0.0004780760209541768,0.004388489294797182,0.012951470911502838,0.021386874839663506,0.030295414850115776,0.031239870935678482,0.02357991598546505,0.008828585036098957,-0.005123141221702099,-0.01785830222070217,-0.030944563448429108,-0.04501280188560486,-0.028634071350097656,-0.018065765500068665,0.0003917916619684547,0.013683360069990158,0.03127935156226158,0.021164942532777786,0.011618888936936855,-0.006069515831768513,-0.03945361077785492,-0.0534006804227829,-0.053557705134153366,-0.0585048645734787,-0.06947343051433563,-0.1049613431096077,-0.14630484580993652,-0.14384868741035461,-0.13689149916172028,-0.09475541114807129,-0.0959271490573883,-0.10829992592334747,-0.1136699914932251,-0.10508251935243607,-0.1963787078857422,-0.13326352834701538,-0.1181412935256958,-0.08946742117404938,-0.07978145778179169,-0.05594748258590698,-0.09218589961528778,-0.05788802355527878,-0.05436624959111214,-0.042106375098228455,-0.045330364257097244,-0.015839576721191406,0.0013695986708626151,0.02843683399260044,0.038466840982437134,0.0699266642332077,0.01676933281123638,0.00860179029405117,-0.024336908012628555,-0.0004200802359264344,-0.026379520073533058,-0.04589341953396797,0.03224773332476616,-0.007357156369835138,-0.10726767778396606,0.006644043605774641,-0.025335481390357018,-0.04599380120635033,-0.05052760988473892,-0.1705961972475052,-0.01382450107485056,-0.008711470291018486,0.07184623181819916,-0.030604001134634018,-0.010115333832800388,-0.007418357767164707,-0.0356292761862278,0.015914607793092728,-0.029943469911813736,0.0022158229257911444,0.009829260408878326,-0.08276284486055374,0.029280852526426315,-0.04733084887266159,0.05868835747241974,-0.10291149467229843,-0.019244631752371788,-0.006669422145932913,-0.02393532730638981,-0.03394756466150284,-0.03130079805850983,0.04539518430829048,-0.05153278633952141,0.30911025404930115,-0.012827105820178986,0.023534629493951797,-0.3139023780822754,0.15818123519420624,0.05840817093849182,-0.10799430310726166,0.026912115514278412,0.37563177943229675,-0.22038626670837402,0.1471223533153534,-0.04226265102624893,0.352510005235672,-0.33905595541000366,0.2733028829097748,-0.29592299461364746,0.033425819128751755,0.11139412969350815,0.14129646122455597,-0.21051307022571564,0.4626580476760864,-0.3823726177215576,0.07746762782335281,0.030325090512633324,0.1419116109609604,-0.05467900633811951,0.08018272370100021,0.1806086003780365,-0.07964197546243668,0.14832919836044312,-0.09232860803604126,0.3467191159725189,-0.05517764762043953,-0.04442371800541878,-0.044117849320173264,0.22330953180789948,-0.33990129828453064,0.19730053842067719,0.4346376657485962,-0.4691438674926758,0.17925666272640228,0.14166012406349182,0.015383639372885227,0.08070003986358643,-8.462083656013419e-07,0.026027347892522812,-0.00025496608577668667,1.4876520992856967e-07,-9.202742603520164e-07,-2.421514000161551e-05,-0.0005849002627655864,2.047339916229248,-0.171571746468544,0.008776354603469372,0.005573998671025038,0.0050162565894424915,0.03691020980477333,0.04604693502187729,0.002795570995658636,0.01462368294596672
569,0.004132859408855438,0.019469574093818665,0.04141702502965927,0.051478274166584015,0.04651639610528946,0.02306552231311798,0.004105384461581707,-0.0036263444926589727,-0.006712631322443485,-0.008103753440082073,-0.0063381497748196125,-0.0036672388669103384,-0.0009436493855901062,0.004070080351084471,0.009956914000213146,0.012496009469032288,0.006006428971886635,-0.0034669742453843355,-0.012413786724209785,-0.01983657293021679,-0.030498703941702843,-0.04134674370288849,-0.03276032209396362,-0.03518329933285713,-0.037263426929712296,-0.021313203498721123,-0.029596365988254547,-0.020418820902705193,-0.023799357935786247,-0.027987459674477577,-0.052502263337373734,-0.052155472338199615,-0.0475832037627697,-0.04937945678830147,-0.060111045837402344,-0.08261677622795105,-0.10178425163030624,-0.08893842250108719,-0.08542139828205109,-0.06600793451070786,-0.055352937430143356,-0.021162139251828194,0.08266227692365646,0.19211044907569885,0.6343377828598022,0.4679374098777771,0.42137661576271057,0.21701587736606598,0.129294753074646,0.09893375635147095,0.21597100794315338,0.16628238558769226,0.09322258085012436,0.055926911532878876,0.05314748361706734,0.025094613432884216,0.06451462209224701,0.025037655606865883,0.032357607036828995,0.01985301449894905,-0.004604382906109095,-0.014399418607354164,-0.058362945914268494,0.00693415617570281,-0.023353682830929756,-0.06971725821495056,0.04949475824832916,0.012909440323710442,-0.07039323449134827,0.01725004054605961,0.005728719290345907,-0.014248224906623363,-0.011509394273161888,-0.05223885923624039,0.004127412103116512,0.019859855994582176,0.0535028837621212,-0.014730031602084637,-0.0011702320771291852,0.007738073822110891,-0.020309675484895706,0.00650732172653079,-0.008984409272670746,-0.010642129927873611,-0.087274469435215,0.09701808542013168,-0.40045997500419617,0.19781464338302612,-0.8461335897445679,0.30303433537483215,-0.2007685750722885,-0.06658641993999481,-0.3250608444213867,-0.015412339009344578,0.18479987978935242,-0.20599570870399475,0.06356242299079895,-0.31063246726989746,-0.25043126940727234,-0.09105625748634338,0.21900159120559692,-0.07881078869104385,0.032707616686820984,-0.07119090110063553,0.0018035065149888396,0.32015547156333923,-0.16648666560649872,0.13371430337429047,-0.08956217765808105,0.46064290404319763,-0.41528648138046265,0.15273550152778625,-0.3087227940559387,0.07765290141105652,0.3111182451248169,0.11614064127206802,-0.12394613772630692,0.49258559942245483,-0.43358051776885986,0.05438099429011345,0.05944952741265297,0.1431165188550949,0.09684070199728012,-0.26525336503982544,-0.03912048786878586,-0.04399799928069115,0.15223285555839539,-0.44149497151374817,0.5421850085258484,-0.11777724325656891,-0.08597046881914139,-0.05054403096437454,0.18898175656795502,-0.4818418323993683,0.19361890852451324,0.48022711277008057,-0.23602928221225739,0.23489515483379364,-0.023844653740525246,0.11390160024166107,0.05177944898605347,-1.0397866390121635e-07,-0.0009294687770307064,0.00045756029430776834,9.475109550294292e-07,6.196868866936711e-07,6.126467633293942e-05,0.0006918897270224988,0.4139595329761505,-0.03192049637436867,-0.10302963107824326,-0.010526721365749836,-0.024692315608263016,-0.17132875323295593,-0.12371010333299637,-0.04677034169435501,-0.15472736954689026
570,-0.000794781488366425,-0.0049699293449521065,-0.009816417470574379,-0.011611072346568108,-0.014327685348689556,-0.012157537043094635,-0.009135284461081028,-0.008363443426787853,-0.007315353024750948,-0.008418149314820766,-0.006095755845308304,-0.0056982641108334064,-0.007137116976082325,-0.010239171795547009,-0.010337782092392445,-0.004141027107834816,0.014041110873222351,0.03691807761788368,0.08030452579259872,0.11600271612405777,0.16361583769321442,0.18173767626285553,0.08723483234643936,0.05768576264381409,0.027632514014840126,0.0063362508080899715,0.002907342044636607,-0.0030420224647969007,-0.010294088162481785,-0.019756129011511803,-0.04719826206564903,-0.050949566066265106,-0.05156638100743294,-0.05402098968625069,-0.06390824913978577,-0.10042338818311691,-0.1373828649520874,-0.13017606735229492,-0.12267091125249863,-0.09267103672027588,-0.09673113375902176,-0.10463612526655197,-0.10398909449577332,-0.09470585733652115,-0.14633554220199585,-0.04742838442325592,0.033719971776008606,0.11168190091848373,0.19613948464393616,0.20011326670646667,0.24100305140018463,0.11023112386465073,0.05029097571969032,0.019708901643753052,0.020582037046551704,0.005893447436392307,0.0076237088069319725,-0.007247147150337696,-0.02576293982565403,-0.04953199625015259,-0.012019841000437737,-0.043912291526794434,-0.05594908073544502,0.004217319190502167,-0.007670591585338116,-0.03128669783473015,0.0666225254535675,0.015078354626893997,-0.06478128582239151,0.0410313606262207,0.016141723841428757,0.006858328823000193,-0.045848727226257324,-0.13033369183540344,-0.0081589100882411,-0.012157374061644077,-0.06944902241230011,0.06292124837636948,0.07107998430728912,-0.07781278342008591,-0.11738711595535278,0.07619944959878922,-0.03287840262055397,-0.09675411134958267,-0.15705402195453644,0.0821479856967926,-0.09063819795846939,-0.00018453710072208196,-0.029580501839518547,-0.08967774361371994,0.022074326872825623,0.04686221107840538,0.13087540864944458,-0.05692434683442116,-0.05188478156924248,0.14928732812404633,-0.0038665372412651777,0.32911166548728943,0.10057104378938675,0.03447088226675987,-0.23929570615291595,0.13327790796756744,0.13906116783618927,-0.09615036100149155,0.001207308960147202,0.09192636609077454,-0.0447169654071331,-0.14824725687503815,0.06788245588541031,-0.004315853584557772,0.08500098437070847,0.13321086764335632,-0.1055600568652153,0.0866159051656723,-0.2935572564601898,-0.1831389218568802,0.24540865421295166,-0.2081983983516693,-0.057203616946935654,0.06954750418663025,-0.00903391744941473,0.25241827964782715,-0.033906858414411545,-0.1519930213689804,-0.06912727653980255,0.04138709977269173,0.23281177878379822,-0.3298693001270294,0.5366421341896057,-0.06482507288455963,-0.15428012609481812,-0.049901582300662994,0.20665983855724335,-0.07594933360815048,0.1338118463754654,-0.22276346385478973,0.33244866132736206,-0.6175228357315063,-0.06714078038930893,-0.0574357770383358,-0.08585617691278458,-9.36757942326949e-08,-0.004530112724751234,-0.00011456980428192765,6.271735060181527e-07,1.3296178735799913e-07,-1.207543391501531e-05,-0.0004553149628918618,0.7692971229553223,0.058051351457834244,0.040089644491672516,0.002830866491422057,0.021332427859306335,0.03282194212079048,0.008637462742626667,0.06906066089868546,0.0736134946346283
571,-0.0012929997174069285,-0.005793122574687004,-0.010324591770768166,-0.011909645982086658,-0.014842253178358078,-0.012830904684960842,-0.008656511083245277,-0.007085420191287994,-0.006134180352091789,-0.004343925975263119,-0.00016896959277801216,0.003671034472063184,0.00779959699138999,0.015204616822302341,0.019081398844718933,0.030425233766436577,0.04756492003798485,0.04595940560102463,0.06483576446771622,0.049052488058805466,0.045734964311122894,0.04930270090699196,0.05211160331964493,0.0757628008723259,0.07953569293022156,0.03472985699772835,0.020265091210603714,0.0010558218928053975,-0.0017132653156295419,0.0087601812556386,0.050899263471364975,0.06417717784643173,0.04462902992963791,0.017086029052734375,-0.019375840201973915,-0.0676223412156105,-0.12318287789821625,-0.12276942282915115,-0.12132195383310318,-0.08981888741254807,-0.09426765143871307,-0.10141850262880325,-0.08547449856996536,-0.038746997714042664,0.08411839604377747,0.19841183722019196,0.31847459077835083,0.3063710927963257,0.2709011137485504,0.11771771311759949,0.06617012619972229,-0.0031153522431850433,-0.02082151733338833,-0.021719764918088913,-0.03713671863079071,-0.0282304510474205,-0.04168008640408516,-0.02366437390446663,-0.026978883892297745,-0.028589583933353424,-0.012948441319167614,-0.024264562875032425,-0.05031280592083931,-0.01019542571157217,-0.02456589601933956,-0.04603976756334305,0.025681907311081886,-0.024747012183070183,-0.10398666560649872,-0.006377395708113909,-0.01813894510269165,-0.034676823765039444,-0.018584493547677994,-0.035126104950904846,0.014360415749251842,0.04590025916695595,-0.03685317933559418,0.07060131430625916,0.0239349864423275,-0.008883755654096603,-0.02290888875722885,0.02289883978664875,-0.0021198620088398457,-0.060774095356464386,-0.03109423816204071,0.07673662900924683,-0.04151535779237747,0.0709591805934906,-0.1311853528022766,0.0688367411494255,-0.00849117524921894,-0.013118519447743893,0.008165870793163776,-0.0495937205851078,-0.04334268718957901,0.022977178916335106,-0.026685165241360664,0.013584147207438946,-0.035962656140327454,-0.05245957896113396,-0.006569956429302692,-0.045028746128082275,-0.07066993415355682,0.07696271687746048,-0.07959502190351486,-0.36848825216293335,0.09298954904079437,-0.02966105379164219,-0.07179298251867294,0.11491033434867859,0.027702830731868744,0.0645560696721077,-0.010879958048462868,0.014889666810631752,-0.0275188647210598,0.024059126153588295,0.057979099452495575,-0.24634450674057007,0.306782990694046,-0.032994866371154785,-0.025764184072613716,0.00774682592600584,-0.005763265769928694,-0.07975141704082489,-0.005994534119963646,-0.006206007208675146,0.16076132655143738,-0.07594335079193115,0.1292007714509964,-0.018539033830165863,0.04214198887348175,0.028543533757328987,-0.13484309613704681,0.6346383690834045,-0.019220847636461258,-0.14392031729221344,-0.12842251360416412,0.14136776328086853,0.1851469874382019,-0.023026611655950546,0.04225039854645729,2.179487665898705e-07,-0.019992930814623833,-0.00018404267029836774,-2.3775587578711566e-06,2.9950408020340546e-07,-1.722354681987781e-05,-0.0003098539309576154,-1.976750135421753,0.17520754039287567,0.053508009761571884,-0.0018668558914214373,0.003692138474434614,0.033196739852428436,0.040656834840774536,0.05890136957168579,0.05278465151786804
572,0.002431420376524329,0.013502427376806736,0.02778521552681923,0.029816986992955208,0.02137027680873871,0.006181749049574137,-0.0031219476368278265,-0.007312197238206863,-0.008158900775015354,-0.00951710157096386,-0.007552583236247301,-0.006602921523153782,-0.008643999695777893,-0.011949456296861172,-0.014506827108561993,-0.0179477296769619,-0.019425218924880028,-0.01777869276702404,-0.02439352124929428,-0.02927979826927185,-0.03803633898496628,-0.04963373765349388,-0.035123422741889954,-0.037839375436306,-0.04036152362823486,-0.02239939197897911,-0.031125102192163467,-0.021139364689588547,-0.025165878236293793,-0.029595956206321716,-0.057683877646923065,-0.05669747665524483,-0.052472785115242004,-0.05122995004057884,-0.049490250647068024,-0.04939696565270424,-0.019757984206080437,0.022580785676836967,0.02927531488239765,-0.0039884536527097225,-0.034092292189598083,-0.05767692252993584,-0.05431748181581497,-0.027422582730650902,-0.0015026924666017294,0.006522871553897858,-0.01151155587285757,-0.03063053824007511,-0.051250629127025604,-0.053529608994722366,-0.08568884432315826,-0.06072719395160675,-0.05271074175834656,-0.04426515847444534,-0.06214015558362007,-0.028116099536418915,-0.05383607745170593,-0.038759995251894,-0.051334548741579056,-0.07789675146341324,-0.02255961485207081,-0.04475461319088936,-0.07458393275737762,0.0077272262424230576,-0.020674414932727814,-0.055028147995471954,0.054527681320905685,-0.004831464029848576,-0.08368980139493942,0.03867470473051071,0.013461092486977577,-0.013784833252429962,-0.035604625940322876,-0.1373259276151657,-0.01393538061529398,0.0020608173217624426,0.07271966338157654,-0.016306797042489052,-0.0020665654446929693,0.003120986046269536,-0.0327516533434391,0.02513779141008854,-0.020473212003707886,0.008667226880788803,0.011299822479486465,-0.07356178015470505,0.019655892625451088,-0.03761865943670273,0.08873116970062256,-0.11738118529319763,0.04186302796006203,0.05999818071722984,0.15930837392807007,-0.07007241994142532,-0.09208434075117111,0.1273253709077835,-0.04124891757965088,0.35420340299606323,0.021445568650960922,0.05469141900539398,-0.2758396863937378,0.15203545987606049,0.08193126320838928,-0.10149046778678894,-0.05148075520992279,0.37402570247650146,-0.23121517896652222,0.1208210289478302,-0.1708124279975891,0.34806203842163086,-0.3463093042373657,0.1907007098197937,-0.1531030386686325,0.030896836891770363,0.046618394553661346,0.015276787802577019,-0.1615513414144516,0.20683445036411285,-0.3180468678474426,0.09918495267629623,0.02519264444708824,0.3269287049770355,-0.031541578471660614,-0.2304975986480713,-0.14014983177185059,0.07060477137565613,0.2355979084968567,-0.32415151596069336,0.49276721477508545,-0.05367051437497139,-0.08692114800214767,0.03393128141760826,0.232264906167984,-0.33550429344177246,0.10481101274490356,0.49688634276390076,-0.4510645270347595,0.1967705637216568,0.12794600427150726,-0.03641589358448982,0.0829651728272438,-9.968621270672884e-07,0.04463065043091774,0.0004060867358930409,6.225793640624033e-06,-2.3436875835614046e-06,-2.9224949685158208e-05,0.000607151712756604,2.2135682106018066,-0.3131788969039917,-0.0338781401515007,0.017301399260759354,-0.030159931629896164,-0.014977485872805119,0.014148855581879616,-0.05086907371878624,-0.02190561033785343
573,0.006066744215786457,0.03320155292749405,0.06501062959432602,0.07408759742975235,0.06108350306749344,0.029018402099609375,0.005791449919342995,-0.003907897509634495,-0.0071192351169884205,-0.00924566388130188,-0.0075649237260222435,-0.006636562291532755,-0.008528928272426128,-0.01195929292589426,-0.013947637751698494,-0.017654171213507652,-0.019396841526031494,-0.016940679401159286,-0.024121511727571487,-0.02893703803420067,-0.037966445088386536,-0.0479455441236496,-0.03503890335559845,-0.03818083554506302,-0.040243107825517654,-0.022658154368400574,-0.031363461166620255,-0.021975217387080193,-0.02596333995461464,-0.030703779309988022,-0.05846533179283142,-0.05741175264120102,-0.05369066819548607,-0.055430974811315536,-0.06240847334265709,-0.08743786811828613,-0.10677483677864075,-0.09130794554948807,-0.08403494954109192,-0.06330563873052597,-0.053706094622612,-0.014359723776578903,0.08333660662174225,0.17544777691364288,0.47830110788345337,0.32252439856529236,0.22486042976379395,0.08445625007152557,0.0076797050423920155,-0.033157140016555786,-0.07710860669612885,-0.05674741789698601,-0.052259091287851334,-0.04164351150393486,-0.06251904368400574,-0.03128248453140259,-0.05591840296983719,-0.03657957538962364,-0.04635562002658844,-0.07161054760217667,-0.01689552143216133,-0.041007332503795624,-0.08142997324466705,0.0034774066880345345,-0.03027314320206642,-0.05782385170459747,0.05064445361495018,-0.0037795084062963724,-0.08961250633001328,0.03218318149447441,0.011130047962069511,-0.020955203101038933,-0.03648323193192482,-0.1355930119752884,-0.010824612341821194,-0.0019697309471666813,0.05822104960680008,-0.03506080433726311,-0.00802835263311863,0.020926443859934807,-0.015602235682308674,0.02162163518369198,-0.022512085735797882,-0.020812729373574257,-0.07656807452440262,0.06507711112499237,-0.07755391299724579,-0.005935752764344215,-0.21817341446876526,-0.10262393951416016,-0.004875944461673498,0.04248204454779625,0.1378844976425171,-0.09681206941604614,-0.11523214727640152,0.11790477484464645,-0.06480647623538971,0.3371691107749939,0.015197759494185448,0.06293788552284241,-0.257100373506546,0.1752592772245407,0.08413100242614746,-0.08468839526176453,-0.03525025397539139,0.39931491017341614,-0.24153107404708862,0.08232340961694717,-0.13342653214931488,0.38821861147880554,-0.3819182515144348,0.18082252144813538,-0.13349924981594086,0.015939809381961823,0.06556247174739838,0.03598497807979584,-0.15389099717140198,0.21766780316829681,-0.33104538917541504,0.11445285379886627,0.04268819838762283,0.3674044907093048,0.04679899290204048,-0.38665443658828735,-0.14136363565921783,0.07997417449951172,0.18135027587413788,-0.1335018277168274,0.12536747753620148,-0.08343533426523209,0.11738254874944687,-0.031260401010513306,0.210507333278656,-0.2893108129501343,0.10028519481420517,0.4158843755722046,-0.41812798380851746,0.19663453102111816,0.13069507479667664,-0.0033738750498741865,0.08341023325920105,-7.818846370355459e-07,0.04192030802369118,-0.0001119517328334041,3.6178832942823647e-06,-1.6530342463738634e-06,-2.588357347121928e-05,-0.0008414594340138137,1.5923959016799927,-0.14779087901115417,-0.005310769658535719,0.016542235389351845,-0.030224397778511047,-0.007002309430390596,0.01797662489116192,-0.017225418239831924,0.034978266805410385
574,-0.0011349887354299426,-0.005766678601503372,-0.010761264711618423,-0.013874435797333717,-0.01611313410103321,-0.011882729828357697,-0.00439732801169157,0.002455179812386632,0.008834254927933216,0.013730878941714764,0.0092471307143569,0.003776129335165024,-0.0013267691247165203,-0.007850554771721363,-0.012818751856684685,-0.01715046912431717,-0.018929485231637955,-0.017709339037537575,-0.02348676696419716,-0.02434978447854519,-0.02510197088122368,-0.01881205290555954,-0.002260236768051982,0.003658849047496915,-0.001540264580398798,-0.0075026159174740314,-0.018105490133166313,-0.014494258910417557,-0.013092992827296257,-0.008096646517515182,-0.00376712903380394,-7.422250928357244e-05,0.0010435314616188407,0.0022933699656277895,0.0029294579289853573,-0.008128947578370571,-0.04472028464078903,-0.08096573501825333,-0.10513752698898315,-0.08590670675039291,-0.09437253326177597,-0.10802269726991653,-0.11337713152170181,-0.10905559360980988,-0.20108787715435028,-0.12406150996685028,-0.11658594012260437,-0.08296887576580048,-0.07918281853199005,-0.05594626069068909,-0.0852208212018013,-0.05307649448513985,-0.04002779722213745,-0.030275514349341393,-0.03258604183793068,-0.014321545138955116,-0.01526319794356823,-0.0012884540483355522,0.01040209922939539,0.04088768735527992,0.008340158499777317,0.01906408555805683,0.01301181223243475,-0.008802813477814198,-0.01815115660429001,-0.0347396656870842,0.023674029856920242,-0.005439041182398796,-0.10077983886003494,0.008603171445429325,0.004902723245322704,-0.023193534463644028,-0.029542122036218643,-0.13619321584701538,-0.012951335869729519,-0.001915310975164175,0.07856106758117676,-0.041356466710567474,-0.023288719356060028,0.01603890210390091,-0.008807700127363205,0.019599203020334244,-0.025271853432059288,-0.0006516932626254857,-0.006685534026473761,-0.055819690227508545,0.023524142801761627,-0.03484161198139191,0.09263307601213455,-0.13229742646217346,0.01801612786948681,0.03085217997431755,0.08033839613199234,-0.06760676950216293,-0.04332825914025307,0.0477699339389801,-0.05170111730694771,0.13369616866111755,-0.037226494401693344,-0.003673168132081628,-0.19238682091236115,0.09213005006313324,0.03007134050130844,-0.10051081329584122,0.00030016578966751695,0.25303226709365845,-0.22971543669700623,0.036546189337968826,-0.08359595388174057,0.26856881380081177,-0.2704409658908844,0.27222076058387756,-0.20064201951026917,0.013901934958994389,0.10837557911872864,0.1446302980184555,-0.23441359400749207,0.48581916093826294,-0.42619645595550537,0.09627208858728409,0.042307205498218536,0.20489901304244995,-0.047882139682769775,-0.06892078369855881,0.023640770465135574,-0.041138697415590286,0.19660595059394836,-0.22230298817157745,0.4360172748565674,-0.06468082964420319,-0.0008064321591518819,-0.0010564205003902316,0.14426074922084808,-0.060279808938503265,0.11334165185689926,0.07514401525259018,-0.3014014959335327,0.0827045887708664,0.18003100156784058,-0.06617759168148041,0.059082966297864914,-3.2805263572299737e-07,-0.010205786675214767,-0.0002999643620569259,-1.0080419770019944e-06,-1.4244669443996827e-07,-2.690118162718136e-05,-0.0005136060644872487,1.3174219131469727,-0.12491574883460999,0.026567542925477028,0.006323348265141249,-0.006632548291236162,0.03933345526456833,0.039973221719264984,0.01725383847951889,0.059065137058496475
575,-0.00117870036046952,-0.0050320131704211235,-0.008505432866513729,-0.006243993062525988,0.0022745856549590826,0.012007101438939571,0.015422145836055279,0.017788801342248917,0.017941437661647797,0.019112231209874153,0.012505902908742428,0.006372538860887289,0.0012722904793918133,-0.005883046425879002,-0.011595843359827995,-0.01663527451455593,-0.01871975138783455,-0.01728074625134468,-0.023873571306467056,-0.02866283431649208,-0.037019841372966766,-0.04885915666818619,-0.03456152230501175,-0.036871232092380524,-0.03971416503190994,-0.022055836394429207,-0.03073536790907383,-0.020558958873152733,-0.022816253826022148,-0.0230961162596941,-0.0335889533162117,-0.024153726175427437,-0.019702402874827385,-0.025292551144957542,-0.04195895418524742,-0.08330710232257843,-0.13388358056545258,-0.1434972733259201,-0.1363549679517746,-0.09231069684028625,-0.08774304389953613,-0.0838913545012474,-0.07641125470399857,-0.0700346902012825,-0.14237530529499054,-0.10420367121696472,-0.10252789407968521,-0.07563617080450058,-0.06706680357456207,-0.04246782884001732,-0.049757327884435654,-0.027897333726286888,-0.022577790543437004,-0.01943928562104702,-0.0272810161113739,-0.015201096422970295,-0.026557447388768196,-0.0220077745616436,-0.030072210356593132,-0.04521411657333374,-0.016995789483189583,-0.03498723730444908,-0.06434250622987747,0.0028232685290277004,-0.025078898295760155,-0.04582437872886658,0.03116481378674507,-0.008256939239799976,-0.08396022766828537,0.011334171518683434,0.008866347372531891,-0.012008101679384708,-0.025070270523428917,-0.15585105121135712,-0.01775522157549858,-0.003722554538398981,0.07223664969205856,-0.025301726534962654,-0.009500174783170223,0.004589340649545193,-0.02825363539159298,0.028966091573238373,-0.025086643174290657,-0.0013524172827601433,-0.001328004989773035,-0.07449138909578323,0.03439975157380104,-0.04437407851219177,0.12067505717277527,-0.1251615434885025,0.029867256060242653,0.04833698645234108,0.15243077278137207,-0.06728693097829819,-0.0808258205652237,0.1058153361082077,-0.05851048603653908,0.30612698197364807,0.019332967698574066,0.04447745904326439,-0.23520247638225555,0.12513692677021027,0.049925852566957474,-0.10375995934009552,-0.02042805589735508,0.24569663405418396,-0.20973573625087738,0.07684318721294403,-0.12334761768579483,0.30704885721206665,-0.30303090810775757,0.21134725213050842,-0.18629330396652222,-0.024813078343868256,0.08061068505048752,0.09797005355358124,-0.20577822625637054,0.40078502893447876,-0.4007403552532196,0.09205920994281769,0.026343442499637604,0.2846541702747345,-0.03353055566549301,-0.1839301586151123,-0.10080408304929733,0.0404251292347908,0.1943879872560501,-0.3637489080429077,0.5694661736488342,-0.08212795853614807,-0.1375846117734909,0.025171270594000816,0.23040206730365753,-0.32696571946144104,0.11775662004947662,0.3644341230392456,-0.41667670011520386,0.18517883121967316,0.16549530625343323,-0.05389724299311638,0.06391024589538574,-9.343243618786801e-07,-0.00025733921211212873,-7.576712960144505e-05,-2.738233320087602e-07,-9.143718671111856e-07,7.1777408265916165e-06,-5.277911986922845e-05,2.1892237663269043,-0.29797035455703735,-0.022241292521357536,0.013780592009425163,-0.0183941088616848,0.034425172954797745,-0.03082113526761532,-0.049902696162462234,-0.005791414994746447
576,0.0025756359100341797,0.013923845253884792,0.027765003964304924,0.028659895062446594,0.019524775445461273,0.0047824205830693245,-0.0037794108502566814,-0.007594301365315914,-0.008225001394748688,-0.009521578438580036,-0.007555619813501835,-0.006582802161574364,-0.008625959046185017,-0.011923599988222122,-0.014476645737886429,-0.017929935827851295,-0.019375886768102646,-0.01773671805858612,-0.02425738237798214,-0.029176753014326096,-0.037891630083322525,-0.049486301839351654,-0.035019651055336,-0.03776365518569946,-0.04024762287735939,-0.02232961915433407,-0.031011570245027542,-0.021062951534986496,-0.025094730779528618,-0.029475172981619835,-0.05752427130937576,-0.056359048932790756,-0.051784031093120575,-0.049742091447114944,-0.046602290123701096,-0.043624188750982285,-0.013006572611629963,0.024533767253160477,0.02587529644370079,-0.0073259137570858,-0.03458049148321152,-0.05205859616398811,-0.042893633246421814,-0.01766309142112732,0.005561860743910074,-0.00018394146172795445,-0.024077828973531723,-0.040169607847929,-0.05731583386659622,-0.055889349430799484,-0.08662862330675125,-0.060597922652959824,-0.052581675350666046,-0.04409338906407356,-0.06196443364024162,-0.027717553079128265,-0.05337431654334068,-0.03844953700900078,-0.051033928990364075,-0.07752357423305511,-0.021789221093058586,-0.044358257204294205,-0.07363757491111755,0.009154167957603931,-0.019180778414011,-0.05360453948378563,0.05624939128756523,-0.00325970770791173,-0.0822419598698616,0.040396738797426224,0.015106101520359516,-0.013065265491604805,-0.03598770126700401,-0.13761262595653534,-0.011968173086643219,0.002829579869285226,0.06698980927467346,-0.015239539556205273,-0.0032491169404238462,0.000339038873789832,-0.03239205852150917,0.02650674618780613,-0.0186357032507658,0.008750244043767452,0.0057248687371611595,-0.06725054979324341,0.018398527055978775,-0.03828207030892372,0.09934642165899277,-0.11771699041128159,0.047066155821084976,0.06157512962818146,0.1583416759967804,-0.07071205973625183,-0.09105689823627472,0.12709876894950867,-0.04015970602631569,0.35444045066833496,0.021849773824214935,0.05543159320950508,-0.2763480544090271,0.1524682193994522,0.08248725533485413,-0.09996218979358673,-0.05274093896150589,0.3718684911727905,-0.2302938848733902,0.12164762616157532,-0.16915357112884521,0.3471835255622864,-0.3427446186542511,0.1905282884836197,-0.1511048525571823,0.032997943460941315,0.051303133368492126,0.019754869863390923,-0.16401588916778564,0.20874671638011932,-0.3122507631778717,0.10139837116003036,0.023610655218362808,0.3258683681488037,-0.029370702803134918,-0.2305462658405304,-0.14023666083812714,0.07418213784694672,0.2346833199262619,-0.3090299963951111,0.48471447825431824,-0.051938384771347046,-0.09514513611793518,0.03138333559036255,0.22725428640842438,-0.33640217781066895,0.10589849948883057,0.5017679333686829,-0.4529806673526764,0.19485077261924744,0.12513722479343414,-0.031031060963869095,0.08521374315023422,-8.954897907642589e-07,0.0431353896856308,5.692731429007836e-05,4.672969680541428e-06,-2.227499635409913e-06,-2.502273127902299e-05,0.0002596080594230443,2.1223764419555664,-0.33020836114883423,-0.036709144711494446,0.019107796251773834,-0.030758649110794067,-0.015007490292191505,0.014141945168375969,-0.05133433640003204,-0.03870882838964462
577,0.0021973818074911833,0.012732177972793579,0.027171334251761436,0.030275696888566017,0.02293521724641323,0.007726489566266537,-0.002245459007099271,-0.006885426584631205,-0.007997093722224236,-0.009454675950109959,-0.007536203134804964,-0.006585811264812946,-0.008620849810540676,-0.011923179030418396,-0.01448285672813654,-0.01792716048657894,-0.01937982067465782,-0.017753230407834053,-0.024316800758242607,-0.02924225851893425,-0.03794044256210327,-0.04955914989113808,-0.03504415974020958,-0.0377630852162838,-0.04028245434165001,-0.022329313680529594,-0.031036878004670143,-0.021089447662234306,-0.02510848268866539,-0.029484955593943596,-0.05754094198346138,-0.056473903357982635,-0.05212398245930672,-0.05052882432937622,-0.048165760934352875,-0.046652231365442276,-0.016289155930280685,0.02403159998357296,0.02798166126012802,-0.005933645647019148,-0.035633258521556854,-0.05809520557522774,-0.05415999889373779,-0.02823355235159397,-0.005353699438273907,0.003538076765835285,-0.012833476066589355,-0.03025934100151062,-0.05010738968849182,-0.05266162380576134,-0.08502961695194244,-0.06028740853071213,-0.05244095250964165,-0.043930619955062866,-0.06194239854812622,-0.02789989858865738,-0.05360886827111244,-0.03842231258749962,-0.05121457204222679,-0.07753335684537888,-0.022063929587602615,-0.04426287114620209,-0.07374036312103271,0.008517860434949398,-0.019705597311258316,-0.0540899783372879,0.05567733943462372,-0.003913964610546827,-0.0825253278017044,0.03989136219024658,0.014868684113025665,-0.013273505493998528,-0.03607608377933502,-0.13840433955192566,-0.013091374188661575,0.0020344629883766174,0.0706910714507103,-0.014887209050357342,-0.0017323200590908527,0.004024312365800142,-0.03251742944121361,0.025658147409558296,-0.020264027640223503,0.008501746691763401,0.011459583416581154,-0.0738951712846756,0.0207215603441,-0.038584452122449875,0.08939628303050995,-0.11720903217792511,0.04043833538889885,0.05866365507245064,0.1569286584854126,-0.07020028680562973,-0.09199631959199905,0.12702006101608276,-0.04047015681862831,0.3539483845233917,0.021853165701031685,0.054495103657245636,-0.276968777179718,0.1530851274728775,0.0816570445895195,-0.10095129162073135,-0.05103900656104088,0.37190091609954834,-0.2306745946407318,0.12196951359510422,-0.17108570039272308,0.3473542332649231,-0.34900927543640137,0.19023242592811584,-0.1567048281431198,0.033124614506959915,0.053816087543964386,0.02093241922557354,-0.16364924609661102,0.19595417380332947,-0.31056708097457886,0.1013365089893341,0.02471637725830078,0.32644519209861755,-0.03053092211484909,-0.22913092374801636,-0.1384953260421753,0.07079600542783737,0.23690196871757507,-0.31987708806991577,0.49612709879875183,-0.052102915942668915,-0.09105581790208817,0.03380287066102028,0.22797276079654694,-0.33188533782958984,0.10806547850370407,0.49621737003326416,-0.45445603132247925,0.19541394710540771,0.1255212277173996,-0.03636717423796654,0.08324366807937622,-8.982375447885715e-07,0.04314563795924187,0.00011875726340804249,4.84511474496685e-06,-2.0908232727379072e-06,-2.502926508896053e-05,0.00034069822868332267,2.1741201877593994,-0.3303028345108032,-0.03516433760523796,0.019216174259781837,-0.03011133335530758,-0.00907417107373476,0.01413431204855442,-0.049821652472019196,-0.03809473291039467
578,0.0034817298874258995,0.02064657397568226,0.04573972895741463,0.05600643530488014,0.049141962081193924,0.024226682260632515,0.004851242061704397,-0.0039008925668895245,-0.007037917617708445,-0.009172107093036175,-0.007544900290668011,-0.006630048155784607,-0.008626330643892288,-0.01193793024867773,-0.014409501105546951,-0.017822284251451492,-0.019463008269667625,-0.01775190979242325,-0.024753602221608162,-0.02948504127562046,-0.0379253514111042,-0.0493355467915535,-0.03508952632546425,-0.037740517407655716,-0.04035397619009018,-0.022596314549446106,-0.03164835274219513,-0.021898280829191208,-0.025664042681455612,-0.030312150716781616,-0.0587398037314415,-0.05754082649946213,-0.05378486216068268,-0.05468268319964409,-0.06027344614267349,-0.08362112194299698,-0.09977264702320099,-0.08425396680831909,-0.07191985845565796,-0.05112379044294357,-0.04573814198374748,-0.03375924006104469,0.0008004282717593014,0.04864655062556267,0.19171306490898132,0.16013704240322113,0.12789341807365417,0.052796218544244766,0.0010281977010890841,-0.032578207552433014,-0.07529008388519287,-0.05779062956571579,-0.05275914818048477,-0.044148217886686325,-0.06245976686477661,-0.03224026411771774,-0.056619539856910706,-0.04223441705107689,-0.05337277054786682,-0.08007209748029709,-0.026611922308802605,-0.046401411294937134,-0.08069851249456406,0.00139316963031888,-0.03325771912932396,-0.06201033666729927,0.04238646477460861,-0.007364071439951658,-0.09259036928415298,0.030332118272781372,0.006768606603145599,-0.02263549715280533,-0.04826406389474869,-0.19319823384284973,-0.033408716320991516,-0.015317427925765514,0.07244602590799332,-0.03243608772754669,-0.004751105792820454,0.009269081987440586,-0.025448352098464966,0.020405009388923645,-0.02992212027311325,-0.02056553028523922,-0.042686715722084045,-0.020210713148117065,-0.007889565080404282,-0.018282989040017128,-0.05759287253022194,-0.10717525333166122,-1.1448171335359802e-06,0.04337610676884651,0.14281783998012543,-0.0960598737001419,-0.10291401296854019,0.12311121076345444,-0.05924259498715401,0.35073167085647583,0.006005655508488417,0.053277768194675446,-0.27369770407676697,0.160709410905838,0.07335776090621948,-0.09842777997255325,-0.03918098285794258,0.3915185332298279,-0.23355631530284882,0.11386430263519287,-0.16031792759895325,0.35378849506378174,-0.3568459749221802,0.17441071569919586,-0.16937655210494995,0.0033158857841044664,0.07639901340007782,0.08398676663637161,-0.19626158475875854,0.33516281843185425,-0.3598853647708893,0.10730790346860886,0.06233043596148491,0.3387121260166168,-0.02445594035089016,-0.29138562083244324,-0.13964489102363586,0.04980143904685974,0.2009093463420868,-0.2567705512046814,0.3815801739692688,-0.07328281551599503,0.03891001641750336,0.0062784431502223015,0.2211652547121048,-0.29084962606430054,0.11341467499732971,0.4319295287132263,-0.42904213070869446,0.16887912154197693,0.1400635987520218,-0.031325727701187134,0.08224809914827347,-9.922715662469273e-07,0.04195397347211838,-0.0001895496534416452,3.754488716367632e-06,-2.0932575353072025e-06,-2.9502525649149902e-05,-0.00043580064084380865,2.285752534866333,-0.24221087992191315,-0.017216498032212257,0.019650774076581,-0.029453711584210396,-0.006983811501413584,0.012664376758038998,-0.02324337139725685,0.023458003997802734
579,0.0041184620931744576,0.015973273664712906,0.024929501116275787,0.020683441311120987,0.010011859238147736,-0.0011386506957933307,-0.0061431764625012875,-0.008360456675291061,-0.008424933068454266,-0.00953365582972765,-0.007513308431953192,-0.006583141162991524,-0.008637740276753902,-0.0119258938357234,-0.01441018097102642,-0.017740968614816666,-0.01944762095808983,-0.017837561666965485,-0.02447151392698288,-0.02915114164352417,-0.03812505677342415,-0.049497876316308975,-0.03510129824280739,-0.03792182356119156,-0.040163662284612656,-0.022509446367621422,-0.03121327981352806,-0.021279005333781242,-0.025261564180254936,-0.029753826558589935,-0.05781916156411171,-0.05672519654035568,-0.05206078663468361,-0.05002974718809128,-0.04585131257772446,-0.04060787335038185,-0.006792718078941107,0.03263884782791138,0.03821725398302078,0.008101150393486023,-0.0073464540764689445,-0.01386492233723402,-0.008013221435248852,-0.0072128125466406345,-0.027675118297338486,-0.04235146567225456,-0.06397901475429535,-0.062228403985500336,-0.07051794975996017,-0.06027089059352875,-0.08879358321428299,-0.062237754464149475,-0.054615896195173264,-0.046248339116573334,-0.06327717751264572,-0.030766675248742104,-0.05597807466983795,-0.042559195309877396,-0.05345477908849716,-0.08068113029003143,-0.027555515989661217,-0.04961911216378212,-0.07806766033172607,0.001443434739485383,-0.02749231457710266,-0.06045148894190788,0.047328755259513855,-0.010644429363310337,-0.0920584425330162,0.03904784098267555,0.004976162686944008,-0.02064240165054798,-0.04922354221343994,-0.17932158708572388,-0.016722459346055984,-0.005132454447448254,0.02124793268740177,-0.020405150949954987,-0.01979122683405876,-0.0264375489205122,-0.03476329147815704,0.023577874526381493,-0.024260716512799263,-0.004401645623147488,-0.008458959870040417,-0.0731620192527771,0.020393112674355507,-0.04799451306462288,0.12907156348228455,-0.1206541508436203,0.044436607509851456,0.06402165442705154,0.161610946059227,-0.07833246141672134,-0.08496849983930588,0.11775708943605423,-0.04111434519290924,0.34412333369255066,0.016905656084418297,0.047721195966005325,-0.2738581895828247,0.14473336935043335,0.07062731683254242,-0.10432756692171097,-0.05247316509485245,0.37474173307418823,-0.23853226006031036,0.11597032845020294,-0.1681467443704605,0.33383607864379883,-0.31879669427871704,0.20479509234428406,-0.15193040668964386,0.02148495241999626,0.05025889351963997,0.025010662153363228,-0.14853815734386444,0.16904550790786743,-0.28900080919265747,0.10492615401744843,0.03740038722753525,0.34261128306388855,-0.04501432180404663,-0.22103124856948853,-0.11622428894042969,0.05276704207062721,0.2228824645280838,-0.32163459062576294,0.4788767099380493,-0.06115025281906128,-0.124382384121418,0.023622741922736168,0.26038727164268494,-0.34894949197769165,0.09071210771799088,0.4822785556316376,-0.4505282938480377,0.17533524334430695,0.12745793163776398,-0.03796474263072014,0.07653233408927917,-8.933624258133932e-07,0.043514788150787354,-7.654917862964794e-05,4.714949227491161e-06,-1.5960282553351135e-06,-2.965044586744625e-05,-0.0006113202543929219,2.1467483043670654,-0.23944948613643646,-0.025521621108055115,0.010136257857084274,-0.03453408554196358,-0.01596122607588768,0.013944905251264572,-0.05075228214263916,-0.01148891355842352
580,0.0012679165229201317,0.005228110589087009,0.007910371758043766,0.0059233722276985645,0.003321079071611166,0.004224254749715328,0.007963032461702824,0.012511472217738628,0.012665512040257454,0.00909412931650877,0.0015066266059875488,-0.002834160579368472,-0.0066429199650883675,-0.011003929190337658,-0.013951811008155346,-0.01730394922196865,-0.018803806975483894,-0.01719347946345806,-0.023821717128157616,-0.02827637270092964,-0.03608567267656326,-0.045243825763463974,-0.02775006741285324,-0.020358731970191002,-0.010585104115307331,-0.0013825555797666311,-0.0008220816380344331,-0.005591990426182747,-0.013258089311420918,-0.023119168356060982,-0.05217811465263367,-0.05536578223109245,-0.052795786410570145,-0.055134303867816925,-0.06624509394168854,-0.10350317507982254,-0.14612771570682526,-0.14564722776412964,-0.13716672360897064,-0.09299838542938232,-0.08767019957304001,-0.08007057756185532,-0.05847075209021568,-0.037079233676195145,-0.05824989080429077,-0.04967426881194115,-0.06018964946269989,-0.04814532771706581,-0.043499723076820374,-0.02734128013253212,-0.04333958774805069,-0.03465527668595314,-0.03146330639719963,-0.027667777612805367,-0.03214985877275467,-0.014030726626515388,-0.015529151074588299,-0.009842514991760254,-0.010529648512601852,-0.015147744677960873,-0.00985836423933506,-0.02430313639342785,-0.050271034240722656,-0.0014136951649561524,-0.029132874682545662,-0.050649192184209824,0.02735181897878647,-0.008071409538388252,-0.0855887308716774,0.004863016773015261,0.009206299670040607,-0.014160312712192535,-0.02509300224483013,-0.15287530422210693,-0.012062691152095795,-9.833120202529244e-06,0.07620276510715485,-0.03296662122011185,-0.012892265804111958,0.013403292745351791,-0.020226342603564262,0.023290766403079033,-0.02069721184670925,0.00891889352351427,0.009047850035130978,-0.07394236326217651,0.035062238574028015,-0.039040446281433105,0.10354229062795639,-0.12447697669267654,0.012384576722979546,0.029777908697724342,0.10949569940567017,-0.07112089544534683,-0.0696510598063469,0.09000242501497269,-0.06805495917797089,0.24778048694133759,-0.006408969406038523,0.02169356308877468,-0.21600663661956787,0.11083711683750153,0.03467725217342377,-0.09730395674705505,-0.008505084551870823,0.23204627633094788,-0.21349883079528809,0.054828982800245285,-0.09956811368465424,0.292165607213974,-0.2740353047847748,0.21794860064983368,-0.20765958726406097,-0.029130779206752777,0.10541945695877075,0.11799493432044983,-0.2235177755355835,0.48589619994163513,-0.43206581473350525,0.0994010716676712,0.039996188133955,0.27989059686660767,-0.02042945846915245,-0.18722876906394958,-0.07571695744991302,0.017163917422294617,0.17906734347343445,-0.31228166818618774,0.5072916150093079,-0.09370854496955872,-0.07202022522687912,0.004312929231673479,0.1831410676240921,-0.22870559990406036,0.12905937433242798,0.23639115691184998,-0.39690446853637695,0.15596389770507812,0.18525563180446625,-0.060822561383247375,0.0517696887254715,-4.4822647282671824e-07,-0.016597805544734,-1.8950033336295746e-05,-2.2854378300962708e-07,-4.4763595496988273e-07,1.348300156678306e-05,0.00033698591869324446,1.895324945449829,-0.23429200053215027,-0.0060366797260940075,0.01393387746065855,-0.03000178374350071,0.039836980402469635,-0.01602465845644474,-0.007776146754622459,0.04093986749649048
581,0.003762786276638508,0.01708231307566166,0.03647531196475029,0.06283536553382874,0.0729626789689064,0.05524870380759239,0.026813281700015068,0.011450439691543579,0.0014447947032749653,-0.004620791412889957,-0.006107998080551624,-0.005318639799952507,-0.006643855478614569,-0.010531812906265259,-0.010883871465921402,-0.013353182934224606,-0.01599668152630329,-0.011980412527918816,-0.0166940800845623,-0.020173707976937294,-0.029695948585867882,-0.03961196541786194,-0.03251991048455238,-0.034011226147413254,-0.03637637943029404,-0.020597320050001144,-0.028670353814959526,-0.02080455981194973,-0.022643476724624634,-0.02685345523059368,-0.047942496836185455,-0.045482855290174484,-0.037153374403715134,-0.03561890125274658,-0.03900159150362015,-0.05925193428993225,-0.09411928057670593,-0.10942968726158142,-0.11247099936008453,-0.0855897068977356,-0.0725947767496109,-0.05101361870765686,0.013372913002967834,0.09830888360738754,0.4316984713077545,0.47637295722961426,0.6521943807601929,0.5953172445297241,0.5116947293281555,0.38232162594795227,0.4985789358615875,0.20631302893161774,0.053300756961107254,0.0046093338169157505,-0.029033586382865906,-0.027161305770277977,-0.05058443546295166,-0.02388083189725876,-0.03200279921293259,-0.04519018158316612,0.0013210257748141885,-0.02391401305794716,-0.0665535107254982,0.0005523948348127306,-0.019869506359100342,-0.05863174423575401,0.03520384803414345,0.002067035995423794,-0.03868575021624565,-0.016083506867289543,-0.008657943457365036,-0.018884683027863503,-0.010652908124029636,-0.08305531740188599,0.011143549345433712,0.016783645376563072,0.059077754616737366,-0.023292843252420425,-0.008806590922176838,0.022238055244088173,-0.01564960926771164,0.009224612265825272,-0.008016755804419518,0.016576258465647697,-0.025845611467957497,0.02623235434293747,-0.10498923063278198,0.19437988102436066,-0.8814636468887329,0.5017260313034058,-0.6149687170982361,-0.5435534119606018,-0.9023460149765015,0.188712939620018,0.3170500695705414,-0.22970080375671387,0.015794698148965836,0.037659842520952225,0.03562567010521889,0.020904092118144035,-0.22874274849891663,0.15346968173980713,0.004370664246380329,-0.1001962423324585,0.004957431461662054,0.3593922555446625,-0.15474998950958252,0.18353761732578278,-0.04843267425894737,0.43094947934150696,-0.401943176984787,0.13825279474258423,-0.3071419894695282,0.14190447330474854,0.3933273255825043,0.07268675416707993,-0.14303050935268402,0.47354617714881897,-0.4684472680091858,0.02612205035984516,-0.02247847057878971,0.17032566666603088,0.06253650039434433,-0.31549403071403503,-0.06312491744756699,-0.00044684921158477664,0.1426417976617813,-0.4563361406326294,0.47800111770629883,-0.11669877171516418,-0.11957845836877823,-0.059625089168548584,0.14193342626094818,-0.45505791902542114,0.19186069071292877,0.4015006721019745,-0.33151423931121826,0.22137710452079773,-0.000529875629581511,0.16447946429252625,-0.006975948810577393,-9.69023545849268e-08,0.019938625395298004,4.045681998832151e-05,2.582727347544278e-06,-6.356837047860608e-07,1.6017185089367558e-06,-0.00014594114327337593,0.5392202138900757,-0.024154772982001305,-0.10419829189777374,-0.011006624437868595,-0.02488081157207489,-0.18491977453231812,-0.1053026020526886,-0.03922891616821289,-0.15470248460769653
582,-0.0011015182826668024,-0.005863833241164684,-0.010466988198459148,-0.014565642923116684,-0.01621108502149582,-0.014516327530145645,-0.010268506594002247,-0.008107626810669899,-0.004902048502117395,0.0005378705682232976,0.009846235625445843,0.01687168888747692,0.03095007874071598,0.03698854148387909,0.03264237567782402,0.014674494042992592,-0.004297456704080105,-0.013441130518913269,-0.021913841366767883,-0.02484811097383499,-0.02712278440594673,-0.022467374801635742,-0.0026286763604730368,0.009275181218981743,0.01637311279773712,0.009828345850110054,0.011716417968273163,0.0040956782177090645,-0.003399164415895939,-0.015726139768958092,-0.04640239477157593,-0.055044986307621,-0.053724709898233414,-0.0579700842499733,-0.06843704730272293,-0.10420479625463486,-0.14553403854370117,-0.14320367574691772,-0.1368146687746048,-0.09562508761882782,-0.09613239020109177,-0.10769931226968765,-0.11338711529970169,-0.1057531088590622,-0.1977260261774063,-0.13253451883792877,-0.11891701817512512,-0.0887967050075531,-0.07926642149686813,-0.056163206696510315,-0.09082608669996262,-0.05776950716972351,-0.05353453382849693,-0.04002600908279419,-0.041611798107624054,-0.014368792995810509,-0.0037205801345407963,0.01398285012692213,0.018522482365369797,0.04426094517111778,0.01061701774597168,0.015950333327054977,0.0019444399513304234,-0.011014554649591446,-0.015819162130355835,-0.023171713575720787,0.023100631311535835,-0.005886689759790897,-0.11107199639081955,0.013764732517302036,-0.020992746576666832,-0.04981418326497078,-0.051991719752550125,-0.1733504682779312,-0.011921345256268978,-0.003437439212575555,0.04502418264746666,-0.023010049015283585,-0.008893318474292755,-0.007170925848186016,-0.027619726955890656,0.015713544562458992,-0.02192678675055504,0.01737673580646515,0.02166084572672844,-0.08033774048089981,0.024421805515885353,-0.037839967757463455,0.04598189890384674,-0.10085345804691315,-0.01522000040858984,0.006825230084359646,0.01700136810541153,-0.04661252722144127,-0.03304968774318695,0.03828740492463112,-0.04623930901288986,0.2653816342353821,-0.013941626064479351,0.032092832028865814,-0.3067028820514679,0.16103188693523407,0.0680355429649353,-0.09337364137172699,0.022353745996952057,0.3728262186050415,-0.2130192518234253,0.12880714237689972,-0.0517512746155262,0.33569371700286865,-0.29399120807647705,0.2593415379524231,-0.2488836795091629,0.03142229840159416,0.12897473573684692,0.16431382298469543,-0.21442429721355438,0.4509408473968506,-0.347622275352478,0.08549728244543076,0.04289953410625458,0.12360576540231705,-0.06875252723693848,0.03451194614171982,0.13077646493911743,-0.07608214020729065,0.1449458748102188,-0.10602528601884842,0.3157185912132263,-0.05787673592567444,-0.02210250496864319,-0.026915302500128746,0.2066642940044403,-0.3713282644748688,0.17768345773220062,0.46767669916152954,-0.45518630743026733,0.1644410490989685,0.14650699496269226,-0.0035576350055634975,0.08710993826389313,-8.349625773007574e-07,0.024496857076883316,-0.0002507282479200512,2.1951039741452405e-07,-9.784300800674828e-07,-2.4194750949391164e-05,-0.0005842793034389615,1.7670577764511108,-0.169564351439476,0.008856050670146942,0.006915138103067875,0.0032457427587360144,0.041871897876262665,0.04045414179563522,0.0004517151101026684,0.018291013315320015
583,0.006278442218899727,0.03273490443825722,0.06409865617752075,0.07944931834936142,0.06950373947620392,0.034813638776540756,0.008448324166238308,-0.0026265860069543123,-0.006605755537748337,-0.008906330913305283,-0.007510880474001169,-0.006645950023084879,-0.008451410569250584,-0.01181485690176487,-0.01367189735174179,-0.017017720267176628,-0.0192414578050375,-0.016770485788583755,-0.02448703721165657,-0.02880942076444626,-0.037861455231904984,-0.048075735569000244,-0.035158101469278336,-0.037858251482248306,-0.04015885666012764,-0.022983461618423462,-0.03190355375409126,-0.022767329588532448,-0.02624724991619587,-0.03150387853384018,-0.058891091495752335,-0.05776083469390869,-0.05449379235506058,-0.057629022747278214,-0.06866263598203659,-0.10569771379232407,-0.1416773498058319,-0.12451549619436264,-0.10275434702634811,-0.06290747970342636,-0.04803166538476944,-0.02128705009818077,0.050564758479595184,0.14552462100982666,0.44673025608062744,0.3605794310569763,0.2864672541618347,0.12917691469192505,0.04141691327095032,-0.01983027718961239,-0.07152336090803146,-0.05700821802020073,-0.054745305329561234,-0.04415857791900635,-0.06385193765163422,-0.037301089614629745,-0.06098787486553192,-0.04245147109031677,-0.05064688250422478,-0.07551798224449158,-0.024932201951742172,-0.04538760334253311,-0.0858110785484314,-0.009715266525745392,-0.04060232639312744,-0.06926043331623077,0.03469463437795639,-0.011950955726206303,-0.10270176827907562,0.01831960491836071,-0.0011860659578815103,-0.03408771753311157,-0.04806974530220032,-0.1834792047739029,-0.024203095585107803,-0.010934908874332905,0.04993334785103798,-0.04191114753484726,-0.00931406207382679,0.03051259182393551,-0.006741335149854422,0.020849691703915596,-0.026457954198122025,-0.028661375865340233,-0.06596578657627106,0.04556919261813164,-0.04683692008256912,0.004370457027107477,-0.24200782179832458,-0.0870528519153595,-0.027338730171322823,0.030915165320038795,0.13162238895893097,-0.09805455803871155,-0.11572577059268951,0.10872521251440048,-0.07625607401132584,0.3275589942932129,-0.011564603075385094,0.04446478933095932,-0.25768572092056274,0.15685398876667023,0.04572343826293945,-0.09439560025930405,-0.033294063061475754,0.40210554003715515,-0.24364958703517914,0.08669335395097733,-0.14970363676548004,0.3871859312057495,-0.34343796968460083,0.2130681723356247,-0.17003604769706726,0.01905493438243866,0.08837916702032089,0.08301006257534027,-0.19407454133033752,0.27492544054985046,-0.31975409388542175,0.1177428662776947,0.09346316009759903,0.3393838405609131,0.05125553905963898,-0.4724983274936676,-0.14370650053024292,0.04214738681912422,0.19604934751987457,-0.17804577946662903,0.19900336861610413,-0.06414420902729034,0.13729162514209747,-0.06528758257627487,0.146077960729599,-0.22374333441257477,0.12135059386491776,0.36750712990760803,-0.37673836946487427,0.14973193407058716,0.1276141107082367,-0.017359659075737,0.05989629775285721,-6.426825507332978e-07,0.04870380833745003,5.107525430503301e-05,5.659645466948859e-06,-1.526061737422424e-06,-3.0307963243103586e-05,-0.0003852703666780144,1.5399792194366455,-0.10212428122758865,0.006288554985076189,0.012031911872327328,-0.028478633612394333,-0.011523346416652203,0.05106223747134209,-0.01412014476954937,0.04124216362833977
584,-0.0015660752542316914,-0.006196699105203152,-0.012260952033102512,-0.01654171571135521,-0.019224591553211212,-0.01601102389395237,-0.011087811551988125,-0.00988507829606533,-0.00894633773714304,-0.009419113397598267,-0.00677921436727047,-0.0038829597178846598,-0.0009827360045164824,0.004495591390877962,0.01220439188182354,0.014190231449902058,0.007111150771379471,-0.003624650416895747,-0.0141180120408535,-0.02252218872308731,-0.03318997845053673,-0.04541025310754776,-0.034380096942186356,-0.03719348460435867,-0.03976975753903389,-0.02240769937634468,-0.0313410684466362,-0.021346457302570343,-0.025430873036384583,-0.029826482757925987,-0.05543814226984978,-0.0545983761548996,-0.04810652136802673,-0.043797582387924194,-0.03767964988946915,-0.01569506525993347,0.04496908560395241,0.08788716793060303,0.07617431879043579,0.013654548674821854,-0.022411011159420013,-0.0293873380869627,0.01714886538684368,0.08626966178417206,0.3297824263572693,0.2464604675769806,0.22767235338687897,0.12067244201898575,0.08122699707746506,0.08273840695619583,0.20995844900608063,0.1727563589811325,0.09332934767007828,0.05811338499188423,0.0417342372238636,0.008303562179207802,0.020953426137566566,0.008337301202118397,0.005766064394265413,-0.010024693794548512,-0.003524579806253314,-0.025822443887591362,-0.064268097281456,0.007823135703802109,-0.03256505727767944,-0.06948534399271011,0.044600628316402435,0.008673434145748615,-0.08190441876649857,0.017705364152789116,0.0041841380298137665,-0.015021930448710918,-0.010415636003017426,-0.05198066309094429,0.0008393281023018062,0.016888728365302086,0.06321638077497482,-0.024094989523291588,-0.019707422703504562,0.02235116809606552,-0.008122717961668968,0.00255905045196414,0.004731657449156046,0.04420369863510132,-0.017484862357378006,-0.0068533290177583694,-0.08180232346057892,0.02212538942694664,-0.22365443408489227,-0.007803758140653372,-0.06890097260475159,-0.026744108647108078,-0.10529854893684387,-0.09415636211633682,0.03763207793235779,-0.04283728078007698,-0.029494429007172585,-0.01772901602089405,-0.12346366047859192,-0.08068112283945084,0.04664463922381401,0.017150357365608215,0.02131897211074829,-0.0853751078248024,-0.01793537102639675,0.3611796498298645,-0.16508848965168,0.15844231843948364,-0.059014830738306046,0.42267394065856934,-0.36860010027885437,0.17333170771598816,-0.285218209028244,0.03671497106552124,0.22690869867801666,0.11078324913978577,-0.12768740952014923,0.5704732537269592,-0.4551292657852173,0.0744687020778656,0.047401972115039825,0.21376170217990875,0.04806368798017502,-0.23423266410827637,-0.07760290056467056,-0.019637687131762505,0.14051884412765503,-0.42927828431129456,0.5560530424118042,-0.12275197356939316,-0.08754042536020279,-0.04706345871090889,0.22633665800094604,-0.4525768756866455,0.1899406611919403,0.4714193046092987,-0.32103732228279114,0.19648438692092896,0.060888681560754776,0.08699832856655121,0.058227770030498505,-1.7012368402902212e-07,-0.0010374251287430525,0.0004394217685330659,1.1017053793693776e-06,1.0020174840974505e-06,5.196518759476021e-05,0.0007664018194191158,1.0986522436141968,-0.14325779676437378,-0.1268422156572342,-0.01159774698317051,0.011294174008071423,-0.1867859959602356,-0.13391685485839844,-0.08672914654016495,-0.16905023157596588
585,0.0005588585627265275,0.0036069012712687254,0.007572179194539785,0.006805995013564825,0.001875440590083599,-0.004129816312342882,-0.006898270454257727,-0.008601196110248566,-0.008476144634187222,-0.009602013975381851,-0.007580611854791641,-0.006554808933287859,-0.008661104366183281,-0.011992746032774448,-0.014510574750602245,-0.017984092235565186,-0.01948465406894684,-0.01796392723917961,-0.024585243314504623,-0.029337644577026367,-0.038328126072883606,-0.050079118460416794,-0.03525543212890625,-0.03795347735285759,-0.04036470502614975,-0.022536851465702057,-0.03115810826420784,-0.021242450922727585,-0.025383448228240013,-0.029827624559402466,-0.05757923051714897,-0.056449923664331436,-0.0513349249958992,-0.047328561544418335,-0.040151361376047134,-0.022820422425866127,0.03446722403168678,0.0860227569937706,0.08443765342235565,0.022259153425693512,-0.023948324844241142,-0.06586270034313202,-0.08653213083744049,-0.07953061908483505,-0.1363496035337448,-0.08780500292778015,-0.0828079804778099,-0.06714275479316711,-0.07031231373548508,-0.059946849942207336,-0.08904842287302017,-0.062022916972637177,-0.053905751556158066,-0.04531684145331383,-0.06337999552488327,-0.02841891720890999,-0.05435603857040405,-0.040253713726997375,-0.05159904807806015,-0.07818099111318588,-0.022743402048945427,-0.04634769633412361,-0.07326895743608475,0.007354259490966797,-0.017498310655355453,-0.05217717960476875,0.05764984339475632,-0.005321213975548744,-0.08782775700092316,0.03608279302716255,0.013379824347794056,-0.013214649632573128,-0.046504583209753036,-0.15622439980506897,-0.010085144080221653,0.002187805250287056,0.02358865551650524,-0.018429048359394073,-0.005798466503620148,0.020876679569482803,-0.001992545323446393,0.03580424562096596,-0.005014766473323107,0.028680752962827682,0.035556185990571976,-0.10442660748958588,0.03194580599665642,-0.054668545722961426,0.14397718012332916,-0.12153017520904541,0.056078359484672546,0.06038964167237282,0.16200211644172668,-0.0659199059009552,-0.09103124588727951,0.1260569840669632,-0.03708800673484802,0.3504877984523773,0.01949246972799301,0.04833710193634033,-0.2702234983444214,0.1435428261756897,0.08368164300918579,-0.1020410880446434,-0.05869712680578232,0.36780327558517456,-0.23755894601345062,0.12366870790719986,-0.16040827333927155,0.34195151925086975,-0.30744582414627075,0.2178621143102646,-0.14673398435115814,0.030832882970571518,0.005289917346090078,-0.030083907768130302,-0.15916021168231964,0.19414180517196655,-0.3318554162979126,0.09440583735704422,0.02571895904839039,0.3064946234226227,-0.04387923702597618,-0.1965295374393463,-0.11482518166303635,0.07504403591156006,0.24826066195964813,-0.33391255140304565,0.521725594997406,-0.05024513974785805,-0.13597701489925385,0.032979633659124374,0.21844808757305145,-0.3118841350078583,0.09499009698629379,0.5048933029174805,-0.4439782500267029,0.19585628807544708,0.14466094970703125,-0.04063184931874275,0.08461219072341919,-9.638188203098252e-07,0.04476611316204071,0.0012016505934298038,8.400914339290466e-06,2.5216252197424183e-06,3.54900430465932e-06,0.003528076922520995,2.0909883975982666,-0.3355094790458679,-0.032607946544885635,0.008939099498093128,-0.029616056010127068,-0.014606324955821037,0.01472625695168972,-0.05105559155344963,-0.04222233593463898
586,0.0025263845454901457,0.01358499750494957,0.02832501195371151,0.031192373484373093,0.023248134180903435,0.007656152825802565,-0.0023576607927680016,-0.006884419359266758,-0.00799673143774271,-0.009411248378455639,-0.007517892401665449,-0.00662317406386137,-0.008645761758089066,-0.011939214542508125,-0.014423415996134281,-0.017689093947410583,-0.019482091069221497,-0.01786942407488823,-0.024890156462788582,-0.029424160718917847,-0.03832032158970833,-0.0496642142534256,-0.03521009907126427,-0.03790616989135742,-0.04029473289847374,-0.022608308121562004,-0.03147519752383232,-0.021531397476792336,-0.025445282459259033,-0.03002226911485195,-0.058294594287872314,-0.057136423885822296,-0.05272478982806206,-0.05193695053458214,-0.051200367510318756,-0.057075001299381256,-0.042081836611032486,-0.00900326482951641,0.004304949659854174,-0.007531559560447931,-0.021252157166600227,-0.033754199743270874,-0.029296068474650383,-0.009914384223520756,0.01501745916903019,0.010425684973597527,-0.014573408290743828,-0.034699857234954834,-0.05570833384990692,-0.05544660612940788,-0.08710452169179916,-0.06189816817641258,-0.05507122725248337,-0.046446796506643295,-0.06313325464725494,-0.03225746378302574,-0.05732734873890877,-0.043974634259939194,-0.055043697357177734,-0.0822802260518074,-0.030027957633137703,-0.05017273873090744,-0.08034941554069519,-0.0014284902717918158,-0.032836493104696274,-0.06395745277404785,0.04242992028594017,-0.012760039418935776,-0.09603989869356155,0.03560803458094597,0.001338732661679387,-0.02523166872560978,-0.05297189950942993,-0.19144895672798157,-0.025991609320044518,-0.0152437724173069,0.04551491513848305,-0.02430531568825245,-0.009853596799075603,-0.008568870835006237,-0.031359683722257614,0.020208656787872314,-0.028733931481838226,-0.00548030948266387,-0.007622952573001385,-0.06929193437099457,0.016156354919075966,-0.03885946422815323,0.08429868519306183,-0.11997215449810028,0.03249175846576691,0.06355202943086624,0.15991154313087463,-0.08538220077753067,-0.09497415274381638,0.11993806809186935,-0.049193304032087326,0.34532344341278076,0.007814962416887283,0.04572044685482979,-0.27239498496055603,0.1477903127670288,0.06778133660554886,-0.10723626613616943,-0.04415115714073181,0.38595396280288696,-0.23401644825935364,0.12046253681182861,-0.1777310073375702,0.3431660830974579,-0.32183966040611267,0.20737673342227936,-0.1647154539823532,0.008681409992277622,0.06557773053646088,0.0575086735188961,-0.16748036444187164,0.2352343052625656,-0.30300506949424744,0.10718761384487152,0.04884611815214157,0.31772807240486145,-0.050239384174346924,-0.2437991499900818,-0.13744473457336426,0.05638597533106804,0.22429698705673218,-0.3198131322860718,0.4648990035057068,-0.06429644674062729,-0.08404131233692169,0.03592878580093384,0.27540841698646545,-0.34431013464927673,0.0924786850810051,0.45731255412101746,-0.44060400128364563,0.17062632739543915,0.14218075573444366,-0.042050693184137344,0.0777401253581047,-7.817898790563049e-07,0.043383605778217316,0.000395115464925766,6.906581802468281e-06,-9.463859100833361e-07,-2.56767471000785e-05,9.139165922533721e-05,2.40566349029541,-0.2350781410932541,-0.015926139429211617,0.010175349190831184,-0.02934112772345543,-0.017366811633110046,0.014762572944164276,-0.05094907805323601,-0.00043596597970463336
587,0.003801480634137988,0.02159382589161396,0.04638412967324257,0.055690474808216095,0.0476248562335968,0.022706691175699234,0.004001022782176733,-0.00430404394865036,-0.007173317018896341,-0.009202561341226101,-0.007537048310041428,-0.006636727601289749,-0.00862543098628521,-0.011934911832213402,-0.014345112256705761,-0.0177425779402256,-0.01946394331753254,-0.0176949892193079,-0.02473510056734085,-0.029443202540278435,-0.037965476512908936,-0.049263834953308105,-0.035115018486976624,-0.037758875638246536,-0.04032456502318382,-0.02264798991382122,-0.031695254147052765,-0.021975792944431305,-0.025739414617419243,-0.030450602993369102,-0.05886087566614151,-0.05766275152564049,-0.05384998396039009,-0.05480770021677017,-0.06032581627368927,-0.08361491560935974,-0.09971953928470612,-0.08401355147361755,-0.07164781540632248,-0.05076839029788971,-0.04458240792155266,-0.03039952740073204,0.007516011595726013,0.05671017989516258,0.202402725815773,0.16255438327789307,0.12367033958435059,0.04700256884098053,-0.0043428801000118256,-0.03542320057749748,-0.07719210535287857,-0.05833577737212181,-0.05338228493928909,-0.04457750916481018,-0.06273160874843597,-0.032909613102674484,-0.05727103725075722,-0.04285288229584694,-0.053442057222127914,-0.08013737201690674,-0.02718479000031948,-0.04707709699869156,-0.0814649686217308,-0.0001533804024802521,-0.034906454384326935,-0.0632496252655983,0.04077155143022537,-0.008343353867530823,-0.09485945850610733,0.029314672574400902,0.004059497732669115,-0.025051187723875046,-0.049268756061792374,-0.1936216503381729,-0.03255673497915268,-0.0163133405148983,0.07010103017091751,-0.03422805294394493,-0.005586919374763966,0.007744486443698406,-0.025904737412929535,0.019043827429413795,-0.031711362302303314,-0.022040709853172302,-0.04554237052798271,-0.016793731600046158,-0.0084195202216506,-0.018302490934729576,-0.055195096880197525,-0.108256496489048,0.0013705701567232609,0.04475796967744827,0.1441122442483902,-0.09678713232278824,-0.10307999700307846,0.12203729152679443,-0.059866588562726974,0.34884530305862427,0.004367130342870951,0.05200354382395744,-0.2716428339481354,0.15922798216342926,0.07082000374794006,-0.09803427010774612,-0.03818965330719948,0.39280641078948975,-0.23453398048877716,0.11278147250413895,-0.16051450371742249,0.3534054756164551,-0.35048165917396545,0.18111592531204224,-0.16974227130413055,0.001448849681764841,0.07599877566099167,0.08269928395748138,-0.19687379896640778,0.33330023288726807,-0.3583507239818573,0.11079525947570801,0.06342022120952606,0.3360532224178314,-0.02592247538268566,-0.29192060232162476,-0.13583479821681976,0.049926403909921646,0.19767826795578003,-0.2547875642776489,0.3706987202167511,-0.07624804228544235,0.040461815893650055,0.005784109700471163,0.22959885001182556,-0.2967117428779602,0.11275133490562439,0.4277999997138977,-0.42692553997039795,0.16568700969219208,0.1427508443593979,-0.029849227517843246,0.08019600808620453,-9.47477531099139e-07,0.041807956993579865,-0.00016566728299949318,3.963383278460242e-06,-2.0700924778793706e-06,-2.96212820103392e-05,-0.00027506129117682576,2.2405760288238525,-0.22442185878753662,-0.014289038255810738,0.017660342156887054,-0.029379285871982574,-0.0069625498726964,0.013678215444087982,-0.031108630821108818,0.021016711369156837
588,0.0017421392258256674,0.007747369352728128,0.017807671800255775,0.03374996781349182,0.04776625335216522,0.045493870973587036,0.028335459530353546,0.016283130273222923,0.005398965440690517,-0.0026884039398282766,-0.005673701409250498,-0.0053644911386072636,-0.006852130871266127,-0.01066651102155447,-0.011189986020326614,-0.01383170671761036,-0.016466114670038223,-0.012335680425167084,-0.017214545980095863,-0.020922720432281494,-0.030634867027401924,-0.040726661682128906,-0.032889001071453094,-0.03469271585345268,-0.03680916130542755,-0.02082429826259613,-0.028980745002627373,-0.020827053114771843,-0.023004457354545593,-0.02755671739578247,-0.05060659721493721,-0.049357399344444275,-0.04195401445031166,-0.039774127304553986,-0.03608045354485512,-0.03426756709814072,-0.030414458364248276,-0.03672749176621437,-0.05865244194865227,-0.0643225908279419,-0.0696021169424057,-0.06408355385065079,-0.021312156692147255,0.0516677126288414,0.30137765407562256,0.37271231412887573,0.5341047644615173,0.5062103271484375,0.4550924003124237,0.36019980907440186,0.4902345836162567,0.21972844004631042,0.06438488513231277,0.010855182074010372,-0.025908179581165314,-0.02623056247830391,-0.05119074136018753,-0.024852192029356956,-0.03409548103809357,-0.04723837226629257,-0.0005674305139109492,-0.024816952645778656,-0.06754652410745621,0.0013386108912527561,-0.023389901965856552,-0.05770032852888107,0.033453088253736496,0.0013510469580069184,-0.04055510088801384,-0.019116772338747978,-0.009958514012396336,-0.01869707740843296,-0.012055613100528717,-0.08991841971874237,0.007946683093905449,0.0206009428948164,0.07217004150152206,-0.025801418349146843,-0.01007241103798151,0.025015881285071373,-0.023833639919757843,0.014136046171188354,-0.011796344071626663,0.0029615198727697134,-0.025387223809957504,-0.002515984233468771,-0.06189781054854393,0.102766253054142,-0.5791577696800232,0.30563244223594666,-0.44738924503326416,-0.47093465924263,-0.8767012357711792,0.1288388967514038,0.32172322273254395,-0.2324984073638916,0.022739754989743233,0.00885573960840702,0.025730367749929428,0.019651703536510468,-0.23063135147094727,0.14783716201782227,0.009376218542456627,-0.10333442687988281,0.0008966008317656815,0.36063721776008606,-0.1550620198249817,0.1807965487241745,-0.05623343959450722,0.4345566928386688,-0.3993734121322632,0.1378420740365982,-0.31775549054145813,0.1223815456032753,0.3733125329017639,0.0719771608710289,-0.14468100666999817,0.4753706157207489,-0.4742039740085602,0.042837612330913544,-0.02055174671113491,0.16800136864185333,0.0567026324570179,-0.2962147891521454,-0.054864078760147095,0.006801535375416279,0.14140380918979645,-0.45363515615463257,0.48201972246170044,-0.11426056176424026,-0.10779694467782974,-0.05017755553126335,0.1611040085554123,-0.4475972354412079,0.1952742636203766,0.4008787274360657,-0.34628063440322876,0.23918680846691132,0.01396230049431324,0.15060734748840332,0.0008038930245675147,-1.2369604007744783e-07,0.025041239336133003,7.345550693571568e-05,3.238327735743951e-06,-8.200276511161064e-07,-9.967146752387634e-07,-4.175151843810454e-05,0.6013566851615906,-0.05180058255791664,-0.10880955308675766,-0.011254612356424332,-0.025664256885647774,-0.1922195553779602,-0.10693211108446121,-0.046511210501194,-0.15947562456130981
589,0.007207962218672037,0.03475332632660866,0.06540636718273163,0.07788649201393127,0.06618567556142807,0.03161764517426491,0.006765823811292648,-0.0034248237498104572,-0.006882714107632637,-0.00893261656165123,-0.007536644581705332,-0.006597936153411865,-0.008383803069591522,-0.011722772382199764,-0.013363499194383621,-0.0166533961892128,-0.01905253902077675,-0.016406025737524033,-0.02414516918361187,-0.028390463441610336,-0.03779373690485954,-0.04735133424401283,-0.03506028652191162,-0.03792474791407585,-0.0399012416601181,-0.023006685078144073,-0.03171655535697937,-0.022675802931189537,-0.02605023980140686,-0.03138076514005661,-0.0587911531329155,-0.05750652030110359,-0.054144855588674545,-0.05706730857491493,-0.067141592502594,-0.09958264231681824,-0.1277494728565216,-0.10660067945718765,-0.08748028427362442,-0.05845808610320091,-0.04965272545814514,-0.021612074226140976,0.06262965500354767,0.16410213708877563,0.4692404866218567,0.35505473613739014,0.2686965763568878,0.10725399106740952,0.023460157215595245,-0.027978351339697838,-0.07647513598203659,-0.05848976597189903,-0.05565677955746651,-0.045256104320287704,-0.06437382102012634,-0.03817841783165932,-0.06204371526837349,-0.04256241023540497,-0.05002172663807869,-0.07430008798837662,-0.025322582572698593,-0.046473145484924316,-0.08680146187543869,-0.013526681810617447,-0.04408111050724983,-0.07297653704881668,0.033201832324266434,-0.015626126900315285,-0.10351226478815079,0.01960740238428116,-0.005903700366616249,-0.037045203149318695,-0.05012936517596245,-0.18090438842773438,-0.01966634765267372,-0.010187298990786076,0.03304348513484001,-0.0330699160695076,-0.006670726928859949,0.020562300458550453,-0.012426914647221565,0.01989448443055153,-0.0230949018150568,-0.018741749227046967,-0.05421898141503334,0.058384008705616,-0.039976466447114944,0.016573047265410423,-0.2160736322402954,-0.09201851487159729,-0.015344355255365372,0.040624987334012985,0.13985460996627808,-0.09685692191123962,-0.11517103016376495,0.10627716034650803,-0.08030850440263748,0.32407358288764954,-0.014202953316271305,0.04180321842432022,-0.2527735233306885,0.15094369649887085,0.04149683564901352,-0.10065823793411255,-0.03241543471813202,0.4035552740097046,-0.24632488191127777,0.08263304829597473,-0.15443332493305206,0.3859739899635315,-0.33138108253479004,0.23904360830783844,-0.1735641360282898,0.018531210720539093,0.08801281452178955,0.06467518955469131,-0.17377297580242157,0.22633370757102966,-0.30112600326538086,0.11785493791103363,0.08782199025154114,0.326270192861557,0.05105777084827423,-0.4730512201786041,-0.1430829018354416,0.04576655477285385,0.19570916891098022,-0.18085548281669617,0.18216994404792786,-0.049381073564291,0.13055327534675598,-0.04330124706029892,0.19562141597270966,-0.2533251643180847,0.12340183556079865,0.36286598443984985,-0.36073800921440125,0.14416193962097168,0.1287921816110611,-0.010395186021924019,0.058767884969711304,-3.126277761111851e-07,0.045164354145526886,0.0005817970959469676,8.512411113770213e-06,-9.270278837902879e-07,-9.678922651801258e-06,0.00040303831337951124,1.2834526300430298,-0.06716007739305496,0.011331255547702312,0.008101196959614754,-0.028028810396790504,-0.014784513041377068,0.03785485774278641,-0.014922752045094967,0.00630107382312417
590,0.002858147257938981,0.013373380526900291,0.024980412796139717,0.030067965388298035,0.022861991077661514,0.007642798125743866,-0.002150246175006032,-0.006362879648804665,-0.0078114718198776245,-0.008698484860360622,-0.007746424060314894,-0.006087181624025106,-0.007581993471831083,-0.01113035250455141,-0.012400462292134762,-0.01556396670639515,-0.01749008521437645,-0.013556345365941525,-0.018190346658229828,-0.021707667037844658,-0.026338063180446625,-0.024381710216403008,-0.007773015182465315,0.0013928594999015331,4.0256461943499744e-05,-0.0048961155116558075,-0.015840331092476845,-0.016549069434404373,-0.022295530885457993,-0.02793978899717331,-0.05442121997475624,-0.05357467383146286,-0.04824056476354599,-0.05005130171775818,-0.054968107491731644,-0.06810464709997177,-0.061360277235507965,-0.03591692075133324,-0.030518798157572746,-0.0347064808011055,-0.0389162078499794,-0.013166651129722595,0.07809822261333466,0.1646060049533844,0.5236836075782776,0.37067848443984985,0.30918681621551514,0.14403630793094635,0.062442537397146225,0.057673316448926926,0.1482734978199005,0.14793440699577332,0.1106424480676651,0.07233382016420364,0.05270552262663841,0.004564957227557898,-0.003088124096393585,-0.00044292869279161096,0.005826570093631744,0.010822384618222713,-0.0048796324990689754,-0.014076764695346355,-0.048393622040748596,0.0036112559027969837,-0.02060331217944622,-0.04129710793495178,0.03655156120657921,0.003003461053594947,-0.06528943032026291,0.027095813304185867,0.0043271505273878574,-0.014874211512506008,-0.011092299595475197,-0.05321227014064789,0.005629026331007481,0.014978958293795586,0.0586991049349308,-0.017528509721159935,-0.0050461324863135815,0.008722568862140179,-0.03279310092329979,0.015553844161331654,-0.02059265598654747,-0.0398535393178463,-0.10777008533477783,0.12276391685009003,-0.3595186769962311,0.13809196650981903,-0.6234027147293091,0.015478723682463169,-0.0893218070268631,-0.03597322851419449,-0.1290731281042099,-0.03872709721326828,0.09883614629507065,-0.16490043699741364,0.02205750159919262,0.07303165644407272,0.0483708456158638,0.02758830413222313,-0.24198505282402039,0.17037233710289001,0.04422152042388916,-0.08754783123731613,-0.016457349061965942,0.3808117210865021,-0.18741543591022491,0.15622475743293762,-0.09018631279468536,0.4252419173717499,-0.40346378087997437,0.15421552956104279,-0.27236711978912354,0.043950024992227554,0.29379308223724365,0.09246309101581573,-0.1830320805311203,0.5089964270591736,-0.4657893180847168,0.07860343903303146,-0.0016617377987131476,0.17534354329109192,0.03681395947933197,-0.24413242936134338,-0.047424688935279846,0.0006444239406846464,0.13553108274936676,-0.41385418176651,0.5037034153938293,-0.11733105033636093,-0.05805865302681923,-0.03320476785302162,0.23845484852790833,-0.4700046479701996,0.18690073490142822,0.4635721445083618,-0.3009248375892639,0.1932716965675354,0.02900228649377823,0.1485489457845688,0.06459473818540573,-8.430981779383728e-07,-0.005442478694021702,0.0005475538200698793,6.632854478993977e-07,1.3868612995793228e-06,0.00010088826093124226,0.0006362560670822859,0.6810676455497742,-0.13834436237812042,-0.13560721278190613,-0.009413819760084152,-0.026447484269738197,-0.210215225815773,-0.13208703696727753,-0.14799784123897552,-0.15951842069625854
591,0.0009059724397957325,0.00424200389534235,0.007057891692966223,0.006025620736181736,0.00033413138589821756,-0.005310830660164356,-0.007150144781917334,-0.008387112990021706,-0.008439842611551285,-0.008977040648460388,-0.0077820708975195885,-0.006068511866033077,-0.007147104013711214,-0.008669138886034489,-0.005517573095858097,0.00027546341880224645,0.006707740016281605,0.005087411496788263,0.0010326796909794211,-0.007352540269494057,-0.02109760418534279,-0.036880332976579666,-0.03168972581624985,-0.036308255046606064,-0.03848268836736679,-0.02199763059616089,-0.030446717515587807,-0.0210916455835104,-0.024559222161769867,-0.02883450873196125,-0.055065494030714035,-0.053919944912195206,-0.04884818568825722,-0.049438536167144775,-0.051652975380420685,-0.05466281250119209,-0.02647307887673378,0.016919221729040146,0.027907630428671837,0.0028514470905065536,-0.01326517853885889,0.0009785846341401339,0.07710327953100204,0.14419838786125183,0.4364222288131714,0.28461214900016785,0.22041405737400055,0.09845369309186935,0.0443432480096817,0.04728347808122635,0.11433190852403641,0.10767823457717896,0.08067645132541656,0.061788737773895264,0.06375513225793839,0.012131338939070702,0.00510534318163991,-0.0006101586041040719,0.008356573060154915,0.025266004726290703,-0.008640334010124207,-0.005301375407725573,-0.0271091740578413,0.00031584722455590963,-0.01962185651063919,-0.032316502183675766,0.027284691110253334,0.0005489607574418187,-0.06724818795919418,0.02805957943201065,0.01580347865819931,-0.007238829042762518,-0.015227674506604671,-0.11753226071596146,0.004507533274590969,0.01823759637773037,0.051912300288677216,-0.01849876530468464,-0.007547305431216955,0.017875375226140022,-0.021893735975027084,0.012969769537448883,-0.017891841009259224,-0.03675457090139389,-0.10972757637500763,0.09010478109121323,-0.2713896334171295,0.07939156889915466,-0.4008657932281494,-0.03293966129422188,-0.05706854164600372,-0.016611581668257713,-0.048040468245744705,-0.05610791593790054,0.038489460945129395,-0.08067002147436142,0.0007094492320902646,0.04966326057910919,0.013758409768342972,0.029486069455742836,-0.23798364400863647,0.1684139370918274,0.04926295951008797,-0.08279154449701309,-0.024370107799768448,0.3754604458808899,-0.1913284957408905,0.14841945469379425,-0.08763611316680908,0.41721442341804504,-0.3942795395851135,0.1504920870065689,-0.24926325678825378,0.02635982073843479,0.25337743759155273,0.11179782450199127,-0.19003340601921082,0.5207071304321289,-0.46533671021461487,0.08308801800012589,0.008061998523771763,0.1931774616241455,0.028431525453925133,-0.2236471027135849,-0.04910186678171158,0.015878036618232727,0.14230725169181824,-0.4043094217777252,0.5236862897872925,-0.11245651543140411,-0.05770207196474075,-0.023645512759685516,0.2406669557094574,-0.46967652440071106,0.1729019582271576,0.47157835960388184,-0.3160218596458435,0.1844453066587448,0.04749101772904396,0.12706594169139862,0.0746932104229927,-6.730938935106678e-07,-0.007610297296196222,0.0002847323485184461,8.881227131496416e-07,1.0956183587040869e-06,1.297026301472215e-05,0.0005705683142878115,0.8050091862678528,-0.17583587765693665,-0.14547450840473175,-0.009707912802696228,-0.027678560465574265,-0.20520789921283722,-0.13491469621658325,-0.14613790810108185,-0.16803431510925293
592,0.0057513113133609295,0.032180994749069214,0.05623164027929306,0.036954477429389954,0.0362885482609272,0.014584019780158997,0.0008387475390918553,-0.004175904206931591,-0.005611731205135584,-0.0078086331486701965,-0.005940149538218975,-0.005209310911595821,-0.006563988048583269,-0.010877230204641819,-0.012259743176400661,-0.014428287744522095,-0.013937370851635933,-0.008529595099389553,-0.005998480133712292,-0.0017965390579774976,-8.511992200510576e-05,-0.004764427896589041,-0.011684061028063297,-0.022908061742782593,-0.031958624720573425,-0.02075757272541523,-0.02979603037238121,-0.02252313122153282,-0.025297237560153008,-0.02874191291630268,-0.05558281019330025,-0.05580499395728111,-0.04830261692404747,-0.0531565397977829,-0.07080555707216263,-0.09888844192028046,-0.1382787823677063,-0.11864006519317627,-0.11319122463464737,-0.06275268644094467,-0.0029012339655309916,0.12097737193107605,0.34460508823394775,0.4836825728416443,1.0890138149261475,0.6128979921340942,0.39340507984161377,0.15180039405822754,0.09231825917959213,0.054502714425325394,0.09376148879528046,0.056298110634088516,0.042381491512060165,0.026581119745969772,0.0415884293615818,0.02679804340004921,0.03434319421648979,0.008778962306678295,0.0007946387049742043,0.00528920441865921,0.008895535953342915,0.0288026612251997,0.06270669400691986,0.0003976446168962866,-0.004522512201219797,-0.023510105907917023,0.03000880405306816,-0.0013620699755847454,-0.0771872028708458,-0.005782817490398884,-0.021237079054117203,-0.06686721742153168,-0.04283815994858742,-0.18590712547302246,-0.03672078624367714,-0.028697384521365166,0.038405414670705795,-0.06324072927236557,-0.023119010031223297,-0.0035250287037342787,-0.023457705974578857,0.02603451907634735,-0.01549922488629818,-0.1317814737558365,-0.20495089888572693,0.8214588165283203,-0.15478944778442383,0.11310520023107529,-0.32766157388687134,0.17517946660518646,-0.06793257594108582,0.005464623682200909,-0.06952105462551117,0.07705247402191162,0.06874997913837433,-0.03110683336853981,0.008332302793860435,-0.1099124625325203,0.0044682989828288555,-0.044051047414541245,-0.01029261201620102,-0.025690266862511635,-0.08765459805727005,0.04455620422959328,-0.10015098750591278,-0.3920345604419708,0.0007376669673249125,-0.0224488265812397,-0.0851142555475235,0.13557709753513336,-0.11670942604541779,0.20973852276802063,-0.12429168075323105,0.08775437623262405,0.20694950222969055,0.14966431260108948,-0.22230792045593262,0.34387293457984924,-0.22580061852931976,0.18158282339572906,0.11249952763319016,0.18143433332443237,0.09618476033210754,-0.07781466841697693,-0.0016267620958387852,-0.11637165397405624,-0.7064883708953857,1.5045957565307617,-2.802123546600342,-0.4752423167228699,-0.5313766002655029,0.37889403104782104,-0.37743785977363586,0.4825853705406189,-0.25266033411026,-0.3259566128253937,0.4006556570529938,-0.2046581506729126,0.03690390661358833,-0.13246719539165497,-0.07289855182170868,1.0705861086535151e-07,0.0024019768461585045,-0.00017213546379934996,-3.647630535397184e-07,7.276134397216083e-07,-2.7486874387250282e-05,-4.587145667755976e-05,0.8097852468490601,0.2039783000946045,0.05231226235628128,-0.002402466256171465,-0.02502066269516945,0.03237837925553322,0.06381689012050629,0.05308845639228821,0.028907153755426407
593,0.004409614484757185,0.030041439458727837,0.05527369678020477,0.0333351194858551,0.03212561830878258,0.012235196307301521,0.0007481987122446299,-0.004220526199787855,-0.005538991652429104,-0.007661034818738699,-0.005749650299549103,-0.005086393095552921,-0.00658721849322319,-0.010314024053514004,-0.012142838910222054,-0.013766917400062084,-0.013789398595690727,-0.00838321354240179,-0.0059024798683822155,-0.0017841866938397288,0.00029892020393162966,-0.004655269905924797,-0.011379910632967949,-0.02237749472260475,-0.03153407573699951,-0.01933257095515728,-0.028455005958676338,-0.02011968567967415,-0.024153096601366997,-0.028416967019438744,-0.053037792444229126,-0.0528692863881588,-0.047160591930150986,-0.05180307477712631,-0.06985463947057724,-0.09873496741056442,-0.13216812908649445,-0.11188453435897827,-0.11210816353559494,-0.06534107029438019,-0.005094466730952263,0.10313020646572113,0.328409880399704,0.45611289143562317,1.068880319595337,0.5920777916908264,0.37911707162857056,0.12307241559028625,0.03615620732307434,0.0066000111401081085,0.046745385974645615,0.07380960881710052,0.11513244360685349,0.10283379256725311,0.1314047873020172,0.039708469063043594,0.012011725455522537,-0.010996440425515175,-0.022927837446331978,-0.010565409436821938,0.0031673572957515717,0.023749837651848793,0.05077815428376198,0.00012442412844393402,-0.004292577039450407,-0.019893519580364227,0.029266685247421265,0.004248181823641062,-0.06705673038959503,-0.00028180895606055856,-0.020939070731401443,-0.06198924034833908,-0.030897872522473335,-0.1834443211555481,-0.029229439795017242,-0.010088604874908924,0.042759329080581665,-0.046095866709947586,-0.015569574199616909,0.002169185085222125,-0.01767195761203766,0.03595838323235512,-0.018181374296545982,-0.09608083218336105,-0.15808223187923431,0.8027896881103516,0.026904072612524033,0.15477187931537628,-0.32499930262565613,0.13499249517917633,-0.026509037241339684,0.0068173459731042385,-0.025110678747296333,0.10096320509910583,0.26296189427375793,-0.16108648478984833,0.09096554666757584,-0.18836897611618042,-0.0311745498329401,-0.004457471892237663,-0.11622416228055954,0.009005528874695301,-0.10516352951526642,0.11635992676019669,-0.2007027566432953,-0.380484402179718,-0.004802638664841652,-0.0345819853246212,-0.08594213426113129,0.14924176037311554,-0.10320925712585449,0.23710577189922333,-0.12260424345731735,0.05632543936371803,0.2114628553390503,0.16635896265506744,-0.22025971114635468,0.3011169731616974,-0.16806583106517792,0.10084816813468933,0.05546833202242851,0.17692095041275024,0.12788641452789307,-0.128831148147583,0.017675483599305153,-0.19835355877876282,-0.37322887778282166,1.8587799072265625,-2.412524461746216,-0.29533836245536804,-0.5716049671173096,0.19176803529262543,-0.14035117626190186,0.1811370700597763,-0.012105388566851616,-0.46725812554359436,0.969049870967865,-0.8285585045814514,-0.6893646717071533,-0.39405304193496704,-0.1038890853524208,-1.4857941721402312e-07,0.003341513220220804,0.0002309595001861453,1.2676636060859892e-06,-9.182453482026176e-07,7.044572612358024e-06,0.0006918776780366898,0.6042161583900452,0.21479414403438568,0.05774709954857826,-0.0028115417808294296,-0.023779865354299545,0.024965040385723114,0.06236310675740242,0.05108634755015373,0.06171983480453491
594,-0.0014764632796868682,-0.006103278137743473,-0.012228267267346382,-0.0168567206710577,-0.019121740013360977,-0.015692088752985,-0.01096218079328537,-0.009850982576608658,-0.00889729242771864,-0.00935380533337593,-0.007814780808985233,-0.006329740397632122,-0.008114201948046684,-0.011486752890050411,-0.0134903434664011,-0.016496511176228523,-0.01832595467567444,-0.015106530860066414,-0.02055717259645462,-0.02374347485601902,-0.027708252891898155,-0.025804974138736725,-0.008055648766458035,0.0011147988261654973,7.02264514984563e-05,-0.005300395656377077,-0.016490034759044647,-0.016693297773599625,-0.022812094539403915,-0.02858150377869606,-0.05510842055082321,-0.0543987900018692,-0.049105461686849594,-0.04678435996174812,-0.0421946756541729,-0.026481982320547104,0.029935764148831367,0.08458556979894638,0.08223243057727814,0.023882053792476654,-0.009687572717666626,-0.0134324561804533,0.03976021707057953,0.1043354943394661,0.3609943985939026,0.25336238741874695,0.1993226706981659,0.0959424152970314,0.04240618646144867,0.05003000423312187,0.14538024365901947,0.15045419335365295,0.10451903939247131,0.07265406847000122,0.05349397286772728,0.003317450173199177,-0.0006332822958938777,0.0017774810548871756,0.009923807345330715,0.014627275988459587,-0.00418738042935729,-0.019151674583554268,-0.05631323158740997,0.005170522257685661,-0.030261922627687454,-0.06514187902212143,0.04979981109499931,0.006189901381731033,-0.0826343297958374,0.029145117849111557,0.012135358527302742,-0.014282682910561562,-0.013243497349321842,-0.05191786214709282,0.002472149208188057,0.013658249750733376,0.07091690599918365,-0.019807958975434303,-0.011336222290992737,0.028064267709851265,-0.0028378423303365707,0.015945609658956528,-0.003307212144136429,0.009647446684539318,-0.05218188464641571,0.012763353995978832,-0.12415515631437302,0.03663262724876404,-0.24356676638126373,-0.06676595658063889,-0.03936123475432396,0.002032509073615074,-0.0005442469264380634,-0.08243861794471741,0.006590260658413172,-0.027815718203783035,-0.04608399048447609,0.20279322564601898,0.05973529815673828,0.04231034964323044,-0.2567518651485443,0.16150003671646118,0.04509269446134567,-0.09411441534757614,-0.033982083201408386,0.3782261312007904,-0.18408899009227753,0.15537789463996887,-0.09659801423549652,0.4011644721031189,-0.3917378783226013,0.1312539279460907,-0.24575628340244293,0.007156524807214737,0.179522305727005,0.10262023657560349,-0.19555449485778809,0.5309195518493652,-0.48722031712532043,0.060458771884441376,0.004240431357175112,0.22862069308757782,0.010237576439976692,-0.21644975244998932,-0.06902001798152924,0.010275079868733883,0.14001767337322235,-0.41383427381515503,0.5546988248825073,-0.11110157519578934,-0.08001229166984558,-0.0019697819370776415,0.24162063002586365,-0.4572276473045349,0.1781773865222931,0.4724188446998596,-0.3529387414455414,0.16908858716487885,0.06823983788490295,0.09180407971143723,0.07744388282299042,-1.0779564263430075e-06,-0.029806755483150482,0.00042312254663556814,1.51056809727379e-07,1.8469276028554305e-06,0.00010159527300857008,0.0006821122369728982,1.2949939966201782,-0.2075468897819519,-0.15974558889865875,-0.013799028471112251,0.038925960659980774,-0.22103796899318695,-0.1752506047487259,-0.18831172585487366,-0.20713496208190918
595,0.0031081722117960453,0.021259212866425514,0.040146391838788986,0.027477001771330833,0.026877155527472496,0.01095640566200018,-7.988377910805866e-05,-0.004623262211680412,-0.005823001265525818,-0.008121885359287262,-0.005869238171726465,-0.005264842417091131,-0.006416558753699064,-0.00861036404967308,-0.006608258932828903,-0.0014923815615475178,0.005693570710718632,0.00692718755453825,0.004119649529457092,-0.0059015811420977116,-0.019881900399923325,-0.03417981043457985,-0.029673205688595772,-0.03423129394650459,-0.03721579536795616,-0.020970258861780167,-0.029844027012586594,-0.021532993763685226,-0.024922899901866913,-0.02915836311876774,-0.054769039154052734,-0.05318478122353554,-0.04837384447455406,-0.05067240819334984,-0.06360368430614471,-0.08086743950843811,-0.09794719517230988,-0.07519647479057312,-0.07397334277629852,-0.0543212853372097,-0.034926190972328186,0.020248278975486755,0.16401132941246033,0.29898902773857117,0.8039901256561279,0.5086722373962402,0.38568365573883057,0.16528187692165375,0.10576086491346359,0.0607878603041172,0.12751159071922302,0.10303205996751785,0.1121702715754509,0.08483060449361801,0.09080535918474197,0.023921199142932892,0.017863888293504715,0.012895378284156322,0.03447926044464111,0.06133917719125748,0.014350573532283306,0.012973449192941189,-0.009605604223906994,-0.009947116486728191,-0.02494981326162815,-0.03590037301182747,0.02230888232588768,0.0008724704384803772,-0.08231265842914581,-0.002273238031193614,-0.0060509489849209785,-0.04195454344153404,-0.03665485605597496,-0.1507125198841095,-0.02458679862320423,-0.015120496973395348,0.028193803504109383,-0.04030495509505272,-0.012645591981709003,-0.003369903191924095,-0.01707109808921814,0.024200525134801865,-0.012294691056013107,-0.05238742753863335,-0.10454444587230682,0.38139358162879944,-0.03245755285024643,0.13248488306999207,-0.37617751955986023,0.19452805817127228,-0.05965869501233101,0.005744395311921835,-0.07465962320566177,0.10133010149002075,0.21884506940841675,-0.12343186140060425,0.04501998424530029,-0.0790330246090889,-0.03007183037698269,-0.05854571610689163,0.15487422049045563,-0.16932013630867004,-0.14791975915431976,0.05453851819038391,-0.03511781617999077,0.07756751030683517,-0.15476804971694946,-0.02153118886053562,-0.07916224002838135,0.11224797368049622,-0.11550035327672958,0.3051884174346924,-0.1369011253118515,0.09501095861196518,0.1394781619310379,0.10593975335359573,-0.13425269722938538,0.08475149422883987,-0.12252835929393768,0.08708372712135315,0.1055392399430275,0.18018341064453125,0.12429589778184891,-0.21093155443668365,0.05760177597403526,-0.016866708174347878,-0.02935061976313591,0.9798702597618103,-1.8291195631027222,-0.13762633502483368,-0.21405471861362457,0.2828996479511261,-0.4493086338043213,0.5385193228721619,-0.11211896687746048,-0.5228211283683777,0.7341142296791077,-0.8133679628372192,-0.31104081869125366,-0.060485322028398514,0.02792188711464405,1.1820506529147679e-07,-0.006393010262399912,-0.0001673277874942869,-8.14239001556416e-07,7.871778393564455e-07,-2.7486974431667477e-05,-0.00030735493055544794,-0.2390712946653366,0.19063815474510193,0.05787016451358795,-0.0024474000092595816,-0.023858385160565376,0.027117034420371056,0.06911084800958633,0.04458053782582283,0.06002398580312729
596,0.004179390612989664,0.02270510233938694,0.04761413112282753,0.055985961109399796,0.04644206911325455,0.021185122430324554,0.003063708310946822,-0.004805624485015869,-0.007391408551484346,-0.009235046803951263,-0.007514237891882658,-0.0066453637555241585,-0.008618030697107315,-0.011911849491298199,-0.01419843453913927,-0.01759149506688118,-0.019427748396992683,-0.01756562478840351,-0.02468094229698181,-0.029420359060168266,-0.03820909932255745,-0.04924135282635689,-0.035181451588869095,-0.037916891276836395,-0.04023291543126106,-0.0226546972990036,-0.031603503972291946,-0.02184448204934597,-0.025665005668997765,-0.030341750010848045,-0.05886220186948776,-0.05759626626968384,-0.05377259477972984,-0.054909203201532364,-0.05982539430260658,-0.08110605180263519,-0.09129178524017334,-0.06726428866386414,-0.04845142364501953,-0.034735456109046936,-0.035377517342567444,-0.029942572116851807,0.0045868693850934505,0.056891463696956635,0.202760711312294,0.15899376571178436,0.11136896163225174,0.03404264524579048,-0.015259969048202038,-0.04110115021467209,-0.08106351643800735,-0.05948410555720329,-0.05440602824091911,-0.04492529481649399,-0.06305954605340958,-0.033611759543418884,-0.05831994116306305,-0.04281613603234291,-0.05329321324825287,-0.07949087023735046,-0.027300141751766205,-0.047564323991537094,-0.0823894515633583,-0.0033081520814448595,-0.03699064627289772,-0.06474252790212631,0.039386145770549774,-0.011477706953883171,-0.09538063406944275,0.03264007717370987,0.0009661086951382458,-0.026680877432227135,-0.05104749649763107,-0.1905481219291687,-0.028926920145750046,-0.01668269746005535,0.047851741313934326,-0.030004246160387993,-0.008009173907339573,0.0027378820814192295,-0.026437269523739815,0.016363849863409996,-0.033171385526657104,-0.019857311621308327,-0.038225941359996796,-0.022497598081827164,-0.005727740004658699,-0.01909557543694973,-0.045316509902477264,-0.11070892959833145,0.0064995065331459045,0.051152050495147705,0.14861461520195007,-0.09466299414634705,-0.10361766815185547,0.1219881996512413,-0.057517509907484055,0.34414657950401306,0.003697151318192482,0.05103714019060135,-0.26819953322410583,0.15944239497184753,0.06823328137397766,-0.09905793517827988,-0.037139732390642166,0.3911305069923401,-0.2403867393732071,0.112176813185215,-0.16965730488300323,0.34987568855285645,-0.3482726216316223,0.19093772768974304,-0.171026811003685,-0.003904622746631503,0.07258813828229904,0.06895047426223755,-0.1812102198600769,0.2623146176338196,-0.31651797890663147,0.11374795436859131,0.061895452439785004,0.3400150537490845,-0.03248870372772217,-0.3080545663833618,-0.1422557532787323,0.05080343410372734,0.20290915668010712,-0.2726265490055084,0.36923328042030334,-0.08019476383924484,0.030220260843634605,0.010030374862253666,0.24971860647201538,-0.3172413408756256,0.10480421781539917,0.43075940012931824,-0.42738330364227295,0.1621474176645279,0.13917754590511322,-0.035808127373456955,0.07576699554920197,-8.690483355167089e-07,0.042418815195560455,-0.00020801981736440212,3.6134470065007918e-06,-2.0599622985173482e-06,-2.998730451508891e-05,-0.0005332135478965938,2.136030435562134,-0.18734028935432434,-0.009373106993734837,0.01368121150881052,-0.029270151630043983,-0.011614538729190826,0.024289604276418686,-0.038884662091732025,0.0007782320608384907
597,0.004389538429677486,0.02964749187231064,0.05711113661527634,0.03918560966849327,0.039415691047906876,0.018384506925940514,0.0027062073349952698,-0.0036190839018672705,-0.005537965334951878,-0.007994142360985279,-0.0058383517898619175,-0.005261760205030441,-0.006212442182004452,-0.008533157408237457,-0.006526379846036434,-0.0015234333695843816,0.005585761740803719,0.006725871004164219,0.0041009909473359585,-0.0058667403645813465,-0.01972994953393936,-0.033135492354631424,-0.02929774671792984,-0.03392736241221428,-0.03672650828957558,-0.02080456167459488,-0.02958391234278679,-0.021455757319927216,-0.02494681440293789,-0.028940027579665184,-0.054124776273965836,-0.052540652453899384,-0.04830246791243553,-0.052424848079681396,-0.07066433876752853,-0.09837539494037628,-0.13718236982822418,-0.1161603108048439,-0.11985877901315689,-0.07864300161600113,-0.04453713074326515,0.031390830874443054,0.21260517835617065,0.3893120586872101,1.0528825521469116,0.6843461990356445,0.5374112129211426,0.23505492508411407,0.14754801988601685,0.07007597386837006,0.13127677142620087,0.10240085422992706,0.11116719990968704,0.08613676577806473,0.09369733929634094,0.02643805928528309,0.0227364394813776,0.01876845955848694,0.04378662258386612,0.07880841940641403,0.021709496155381203,0.020293166860938072,-0.0007873253198340535,-0.009796107187867165,-0.02475985512137413,-0.03702770918607712,0.02271157130599022,0.002143237506970763,-0.08146808296442032,-0.006406495347619057,-0.0045072585344314575,-0.040119171142578125,-0.0359976664185524,-0.14948150515556335,-0.023581217974424362,-0.016150077804923058,0.026265982538461685,-0.05490235239267349,-0.03478832542896271,-0.00836154818534851,-0.018181269988417625,0.008203224278986454,-0.009624487720429897,-0.06400790810585022,-0.11747094988822937,0.5401747822761536,-0.0037844430189579725,0.17192180454730988,-0.4980505704879761,0.329032838344574,-0.07874215394258499,0.012607293203473091,-0.10574742406606674,0.18941135704517365,0.3111024498939514,-0.1658153533935547,0.07045744359493256,-0.12809067964553833,-0.011621475219726562,-0.057097166776657104,0.23077291250228882,-0.17831175029277802,-0.16378827393054962,0.0844101756811142,-0.04556804522871971,0.031180022284388542,-0.13068023324012756,-0.018933696672320366,-0.07249025255441666,0.08885643631219864,-0.10854833573102951,0.301237016916275,-0.1281147599220276,0.10949809104204178,0.16841723024845123,0.11693922430276871,-0.1307787299156189,0.06991389393806458,-0.10731638222932816,0.11263144016265869,0.14157074689865112,0.2821866571903229,0.275299072265625,-0.3457021117210388,0.09544608741998672,-0.02126559242606163,-0.15497756004333496,1.4952876567840576,-2.580321788787842,-0.27766892313957214,-0.4282931685447693,0.4433169364929199,-0.7914864420890808,0.6704463362693787,-0.0705903097987175,-0.6027998924255371,0.8677148222923279,-0.9879658222198486,-0.40499308705329895,-0.0658797174692154,0.0576254241168499,7.090103082418864e-08,0.011489028111100197,3.620211282395758e-05,8.47099443035404e-07,-8.230826864519258e-08,-1.32382238007267e-05,0.0004022548964712769,-0.3807882070541382,0.22698324918746948,0.05957874283194542,-0.003493992844596505,-0.023339148610830307,0.025473570451140404,0.06742629408836365,0.04375186935067177,0.05877842754125595
598,-0.001061056274920702,-0.005558145698159933,-0.012146871536970139,-0.016085593029856682,-0.018322261050343513,-0.01532176323235035,-0.010902756825089455,-0.009843656793236732,-0.008709250018000603,-0.009513648226857185,-0.0077347783371806145,-0.006567816715687513,-0.008517812937498093,-0.011728872545063496,-0.014100662432610989,-0.016282178461551666,-0.01490341778844595,-0.009570558555424213,-0.00639045424759388,-0.0002647206129040569,0.0009479130385443568,-0.004057253710925579,-0.012585650198161602,-0.02410413697361946,-0.03460155054926872,-0.02145313285291195,-0.031030654907226562,-0.021342797204852104,-0.025229239836335182,-0.029524322599172592,-0.05780830234289169,-0.0567018948495388,-0.05336271598935127,-0.05626804754137993,-0.06590607762336731,-0.09776189178228378,-0.12252923846244812,-0.09033684432506561,-0.03786907345056534,0.002003526082262397,0.015097668394446373,-0.0026042847894132137,-0.039154402911663055,-0.07102330029010773,-0.172901451587677,-0.12158016860485077,-0.10474430024623871,-0.06175448000431061,-0.03517909720540047,-0.007342486642301083,-0.0013850582763552666,-0.008222626522183418,-0.022775037214159966,-0.030715037137269974,-0.05319616571068764,-0.02786923199892044,-0.04791616275906563,-0.03324500098824501,-0.03225453197956085,-0.03326956927776337,-0.011587198823690414,-0.02368176355957985,-0.05516275763511658,0.0012335991486907005,-0.035844724625349045,-0.06306879222393036,0.04048527777194977,-0.011727450415492058,-0.09968258440494537,0.028131388127803802,0.0021628080867230892,-0.030078133568167686,-0.05451880395412445,-0.2059399038553238,-0.03788357600569725,-0.026900645345449448,0.07453607022762299,-0.028990095481276512,-0.008624368347227573,-0.01624213717877865,-0.047816354781389236,0.024882670491933823,-0.028258228674530983,0.012070425786077976,0.028885673731565475,-0.0931813195347786,0.03848449885845184,-0.05282244086265564,0.1479508876800537,-0.14203783869743347,0.03765076398849487,0.061564866453409195,0.16264599561691284,-0.09994187206029892,-0.10087849944829941,0.11071284115314484,-0.07166510820388794,0.27746105194091797,-0.024422530084848404,0.005576922558248043,-0.17404639720916748,0.10643875598907471,0.045632798224687576,-0.10428445041179657,-0.01551987323909998,0.371160089969635,-0.2302110344171524,0.1454036980867386,-0.13665713369846344,0.3522458076477051,-0.4057050943374634,0.22507400810718536,-0.26679888367652893,-0.041405949741601944,0.06955864280462265,0.11605797708034515,-0.187284916639328,0.45106759667396545,-0.358397901058197,0.1065644919872284,0.039500441402196884,0.1880696564912796,-0.06188792362809181,-0.1832762062549591,-0.10131537169218063,0.03397458791732788,0.22009648382663727,-0.29779624938964844,0.45635786652565,-0.06514882296323776,-0.006299174856394529,0.016238313168287277,0.22823481261730194,-0.31254318356513977,0.12232859432697296,0.41876763105392456,-0.45638608932495117,0.20155975222587585,0.15081000328063965,-0.039525099098682404,0.07947415113449097,5.262823833618313e-06,-0.009909050539135933,0.0018466803012415767,6.906000749040686e-07,8.214651643356774e-06,0.00017259795276913792,0.003604454919695854,2.850102663040161,-0.37295395135879517,-0.008319423533976078,0.015007752925157547,0.028516534715890884,-0.012949774041771889,0.03989650309085846,0.0477396659553051,0.04471700266003609
599,0.002148232888430357,0.0126968277618289,0.027290280908346176,0.030430210754275322,0.022979239001870155,0.007645951118320227,-0.0023459724616259336,-0.006957598961889744,-0.00803433358669281,-0.009482315741479397,-0.007550399284809828,-0.006572104059159756,-0.008625812828540802,-0.011913834139704704,-0.014454358257353306,-0.01792265847325325,-0.019350487738847733,-0.01770801842212677,-0.024182062596082687,-0.029151270166039467,-0.03784622251987457,-0.04938840866088867,-0.034956324845552444,-0.037772420793771744,-0.040189117193222046,-0.022288044914603233,-0.030930170789361,-0.020993191748857498,-0.025021089240908623,-0.029399532824754715,-0.057370953261852264,-0.05625208467245102,-0.0518590547144413,-0.04991263896226883,-0.04699567332863808,-0.04392782226204872,-0.01204627100378275,0.026699043810367584,0.027531666681170464,-0.008141588419675827,-0.03914765268564224,-0.06217409297823906,-0.058333463966846466,-0.03020716831088066,-0.004079929552972317,0.007014529313892126,-0.009156659245491028,-0.02831999771296978,-0.049229640513658524,-0.05244365707039833,-0.08474250137805939,-0.060120318084955215,-0.05219241976737976,-0.04384755343198776,-0.06202210485935211,-0.027501659467816353,-0.05301365256309509,-0.037931375205516815,-0.05052587017416954,-0.07683435827493668,-0.021028976887464523,-0.04410490393638611,-0.07346480339765549,0.009095343761146069,-0.018984287977218628,-0.05251729488372803,0.05682681128382683,-0.0030150259844958782,-0.08109432458877563,0.04227451980113983,0.018144575878977776,-0.010435150004923344,-0.041095029562711716,-0.1559804528951645,-0.011512155644595623,-0.00019234138017054647,0.019303107634186745,-0.021089840680360794,-0.008621777407824993,0.003392114071175456,-0.019863400608301163,0.030411332845687866,-0.009971273131668568,0.01871640793979168,0.015935514122247696,-0.07391459494829178,0.019338076934218407,-0.036995530128479004,0.0899188369512558,-0.11664997041225433,0.04465327039361,0.05900004133582115,0.1561734527349472,-0.07036183029413223,-0.0895625501871109,0.12827983498573303,-0.039498064666986465,0.35251232981681824,0.023997433483600616,0.05469668656587601,-0.2762127220630646,0.15279676020145416,0.0840197280049324,-0.10031040012836456,-0.05559556558728218,0.36766812205314636,-0.23248115181922913,0.11803580075502396,-0.16572247445583344,0.3450670540332794,-0.34415552020072937,0.19166672229766846,-0.1457260400056839,0.03390643373131752,0.04224909096956253,0.010044079273939133,-0.16386933624744415,0.21552880108356476,-0.31858670711517334,0.09983274340629578,0.024322250857949257,0.325406551361084,-0.02480071596801281,-0.22745516896247864,-0.1398954689502716,0.07511087507009506,0.23764561116695404,-0.3208412528038025,0.488811194896698,-0.05530750751495361,-0.0878986194729805,0.02809472382068634,0.22168734669685364,-0.33168095350265503,0.10619174689054489,0.504947304725647,-0.450458824634552,0.1969183385372162,0.12299373000860214,-0.03372041508555412,0.08172672241926193,1.0064283060273738e-06,0.04459337145090103,0.0018920868169516325,7.727700904069934e-06,2.4654348180774832e-06,0.00010945851681753993,0.005740337073802948,2.022387981414795,-0.3293924927711487,-0.045602962374687195,0.018445856869220734,-0.029369976371526718,-0.01608085259795189,0.014253471046686172,-0.060182876884937286,-0.0434059239923954
600,0.005601335782557726,0.030918432399630547,0.06265108287334442,0.07995766401290894,0.07258287817239761,0.03791279345750809,0.010093352757394314,-0.0018166175577789545,-0.006296505220234394,-0.008936053141951561,-0.007511779200285673,-0.006650714669376612,-0.008468900807201862,-0.011856396682560444,-0.013886258006095886,-0.017224444076418877,-0.01930963434278965,-0.016903040930628777,-0.024618718773126602,-0.028947820886969566,-0.037643689662218094,-0.04796630144119263,-0.03505010902881622,-0.03772640600800514,-0.04022456705570221,-0.022932279855012894,-0.031897157430648804,-0.022804975509643555,-0.026320651173591614,-0.031486399471759796,-0.05858023837208748,-0.05759348347783089,-0.05440501868724823,-0.05716812610626221,-0.06905288994312286,-0.10800793766975403,-0.14971689879894257,-0.14004099369049072,-0.12523828446865082,-0.07883967459201813,-0.057944443076848984,-0.025716202333569527,0.04406953230500221,0.13565124571323395,0.43360838294029236,0.36104848980903625,0.3052399754524231,0.151048481464386,0.05887555703520775,-0.011086531914770603,-0.06547719240188599,-0.055654127150774,-0.05282211676239967,-0.04344411939382553,-0.06357575953006744,-0.03647180646657944,-0.05971890315413475,-0.04221491515636444,-0.05090104043483734,-0.07676075398921967,-0.025672882795333862,-0.04565372318029404,-0.08546822518110275,-0.005900898948311806,-0.03930579125881195,-0.06893941760063171,0.03481065481901169,-0.008742652833461761,-0.10224627703428268,0.01597653515636921,0.002500269329175353,-0.02991594560444355,-0.046409156173467636,-0.18537870049476624,-0.027422824874520302,-0.01077407319098711,0.06853075325489044,-0.049421276897192,-0.013835234567523003,0.03229014202952385,-0.005289484281092882,0.020689556375145912,-0.02248276025056839,-0.0271676704287529,-0.07205893099308014,0.04071043059229851,-0.05363673344254494,-0.010278099216520786,-0.26292383670806885,-0.07679863274097443,-0.03855970874428749,0.022946421056985855,0.12354618310928345,-0.10087673366069794,-0.11685001105070114,0.10611911118030548,-0.07904600352048874,0.3288833498954773,-0.011618402786552906,0.047013379633426666,-0.25988394021987915,0.15578065812587738,0.04783743992447853,-0.09453214704990387,-0.03566311299800873,0.4016542434692383,-0.23592427372932434,0.08575108647346497,-0.13632920384407043,0.3862288296222687,-0.34541139006614685,0.19885055720806122,-0.16731113195419312,0.02377142757177353,0.08439890295267105,0.0918976441025734,-0.2098153829574585,0.34789806604385376,-0.3676843047142029,0.11520341038703918,0.10133212804794312,0.3357543647289276,0.05614069476723671,-0.4581877887248993,-0.14939948916435242,0.04330228641629219,0.19836698472499847,-0.16176879405975342,0.19255425035953522,-0.06550387293100357,0.12825001776218414,-0.08886902034282684,0.0972023755311966,-0.17559759318828583,0.12849830090999603,0.34827086329460144,-0.3857519328594208,0.15027643740177155,0.13148991763591766,-0.017833007499575615,0.06307129561901093,6.322742933662084e-07,0.0538959838449955,0.0011753858998417854,9.722500180942006e-06,-4.3505320235226463e-08,4.611765325535089e-05,0.003830228466540575,1.6562280654907227,-0.1327037811279297,0.0030309236608445644,0.015531588345766068,-0.028095293790102005,-0.010384894907474518,0.05250765010714531,-0.012279427610337734,0.046319540590047836
601,0.003494280856102705,0.020725687965750694,0.04592157155275345,0.0562947578728199,0.04929568991065025,0.024177968502044678,0.00474740844219923,-0.003976138774305582,-0.00706861587241292,-0.00917924102395773,-0.007544762920588255,-0.006631515920162201,-0.00862569734454155,-0.011936597526073456,-0.014417646452784538,-0.017819376662373543,-0.01946265436708927,-0.017767122015357018,-0.024791549891233444,-0.029508236795663834,-0.03793999180197716,-0.049385037273168564,-0.03510330617427826,-0.037727098912000656,-0.04036324471235275,-0.022599533200263977,-0.0316651351749897,-0.021927664056420326,-0.02567175403237343,-0.03033309616148472,-0.058733757585287094,-0.05755547061562538,-0.053795091807842255,-0.05468705669045448,-0.060296207666397095,-0.08364544063806534,-0.09975846856832504,-0.08427987992763519,-0.07199817150831223,-0.051307160407304764,-0.046384792774915695,-0.03533618897199631,-0.0019029027316719294,0.04622768983244896,0.18956610560417175,0.16157853603363037,0.13074417412281036,0.05502483248710632,0.0025391592644155025,-0.03203305974602699,-0.0751085951924324,-0.05782313272356987,-0.05271133407950401,-0.044151417911052704,-0.06246180832386017,-0.03238296136260033,-0.0567244254052639,-0.042378369718790054,-0.05356292426586151,-0.08028329908847809,-0.0269334614276886,-0.046550847589969635,-0.08082571625709534,0.001006120117381215,-0.03359239175915718,-0.0622396394610405,0.0419478602707386,-0.0076666600070893764,-0.09306556731462479,0.029585106298327446,0.0064826831221580505,-0.022912723943591118,-0.048337265849113464,-0.1935582160949707,-0.03400503471493721,-0.015825117006897926,0.07354435324668884,-0.03316308930516243,-0.004540578927844763,0.010885556228458881,-0.02514442428946495,0.020214080810546875,-0.030500316992402077,-0.0207217950373888,-0.04105663672089577,-0.02265666052699089,-0.006287079304456711,-0.01834019646048546,-0.060842838138341904,-0.10634265094995499,-0.002257320564240217,0.041778333485126495,0.14183340966701508,-0.09572602808475494,-0.1030360609292984,0.1227160319685936,-0.0597393698990345,0.3501267433166504,0.0056787473149597645,0.052602872252464294,-0.2740408182144165,0.16037367284297943,0.07233526557683945,-0.0989077240228653,-0.0389394611120224,0.3915347754955292,-0.23390869796276093,0.11346829682588577,-0.16086967289447784,0.353949636220932,-0.3580276072025299,0.17415882647037506,-0.17213594913482666,0.0028452719561755657,0.07521745562553406,0.08404740691184998,-0.19600825011730194,0.3337448239326477,-0.3606407046318054,0.10640458762645721,0.06367868930101395,0.3401738703250885,-0.0252438485622406,-0.2921280264854431,-0.13915087282657623,0.04717598855495453,0.20088787376880646,-0.26035985350608826,0.38813695311546326,-0.07248815149068832,0.03956743702292442,0.0044919284991919994,0.21659840643405914,-0.28629985451698303,0.11456199735403061,0.42837369441986084,-0.4282805025577545,0.16823920607566833,0.1399933099746704,-0.03299688547849655,0.08146020025014877,-9.942050382960588e-07,0.04266302287578583,0.0003900320443790406,6.7030141508439556e-06,-1.2525990200629167e-07,-2.950225280073937e-05,-8.969489863375202e-05,2.301543712615967,-0.2421836107969284,-0.01682600937783718,0.01970386877655983,-0.028803298249840736,-0.009316169656813145,0.012676781974732876,-0.021742844954133034,0.023482386022806168
602,-0.0008160477154888213,-0.003962123300880194,-0.004761799238622189,-0.0012648882111534476,0.004810191225260496,0.009523018263280392,0.009113137610256672,0.008706871420145035,0.008953173644840717,0.013140378519892693,0.010407980531454086,0.00992097519338131,0.013719321228563786,0.02572828158736229,0.04216518998146057,0.052767034620046616,0.045158278197050095,0.03188761696219444,0.031235167756676674,0.0320526584982872,0.04180494323372841,0.05367773026227951,0.03305409476161003,0.03573518246412277,0.04409515857696533,0.02619963139295578,0.036673881113529205,0.026438750326633453,0.03622513636946678,0.04908416047692299,0.09789314866065979,0.07469169795513153,0.04414317384362221,0.03363153338432312,0.03786112368106842,0.041057538241147995,0.02864420972764492,-0.004372685682028532,-0.019236547872424126,-0.016227491199970245,-0.016573457047343254,-0.025812318548560143,-0.036157093942165375,-0.03835641220211983,-0.056123651564121246,-0.02641548216342926,-0.014913360588252544,0.004246538504958153,0.033409204334020615,0.046929217875003815,0.09536205232143402,0.05253036320209503,0.035492733120918274,0.023667702451348305,0.03359910473227501,0.01496801059693098,0.018420564010739326,0.010110999457538128,0.013463227078318596,0.02975967712700367,0.010918669402599335,0.0148681765422225,0.010190621018409729,-0.006636249367147684,-0.004517172928899527,-0.0007353468099609017,-0.020860247313976288,-0.01845112070441246,-0.0005345924291759729,-0.018771972507238388,0.00680376123636961,0.022224554792046547,0.010221335105597973,0.04386545345187187,0.029194384813308716,0.01743629388511181,-0.05987720936536789,0.06330025941133499,0.0890403687953949,-0.02103724330663681,-0.04220817983150482,0.0455283485352993,-0.03187738358974457,-0.05964135751128197,-0.11428721994161606,0.09709890186786652,-0.04680871590971947,0.019526660442352295,-0.07104391604661942,0.030786914750933647,-0.041261713951826096,0.02322392538189888,-0.07764280587434769,-0.0034967490937560797,0.009044865146279335,-0.11005454510450363,-0.052971336990594864,-0.19355235993862152,-0.07492290437221527,-0.1135837733745575,0.14114733040332794,-0.12253371626138687,-0.09134950488805771,-0.019116906449198723,-0.02159259282052517,-0.147428497672081,0.02890961989760399,-0.056721970438957214,-0.09538738429546356,-0.00553986756131053,0.05826956778764725,0.07168779522180557,-0.029783165082335472,-0.0015872742515057325,-0.09775941073894501,-0.11936172097921371,0.09746851027011871,-0.3158273994922638,0.16113652288913727,-0.07956504076719284,0.028750410303473473,-0.32096850872039795,-0.0012726510176435113,0.12888163328170776,0.27444279193878174,0.007961050607264042,-7.3013681685552e-05,0.1835474669933319,-0.32856637239456177,-0.12742142379283905,0.12526795268058777,0.07760748267173767,0.09931360930204391,0.35788658261299133,0.0005785051616840065,-0.49495169520378113,0.36406785249710083,-0.1706615835428238,0.14444638788700104,0.006644615903496742,-0.013861134648323059,1.5497171546030586e-07,-0.05065300315618515,-0.00020458298968151212,-2.211602122770273e-06,9.822211950449855e-07,-2.654035597515758e-05,9.877370757749304e-05,-0.3390999138355255,0.16867606341838837,0.038105111569166183,-0.0002949082409031689,-0.017524534836411476,0.0369635671377182,0.0318450964987278,0.03995109722018242,0.03786398097872734
603,0.00139390688855201,0.010244167409837246,0.020835211500525475,0.017232652753591537,0.018780043348670006,0.008201071061193943,-0.00046326679876074195,-0.004563039634376764,-0.0058664982207119465,-0.007854992523789406,-0.005121894646435976,-0.003171830205246806,-0.0011242515174672008,0.003953971900045872,0.011822330765426159,0.013640467077493668,0.0069724484346807,-0.0036446594167500734,-0.01551062148064375,-0.02256549894809723,-0.03336481750011444,-0.04267096891999245,-0.03153148666024208,-0.03480176627635956,-0.03832283616065979,-0.020812135189771652,-0.02974006161093712,-0.021144244819879532,-0.02397872693836689,-0.028242090716958046,-0.05423877015709877,-0.05306188389658928,-0.047670427709817886,-0.04695193096995354,-0.05459221452474594,-0.05781972408294678,-0.05164788290858269,-0.03145400807261467,-0.033047858625650406,-0.0382363460958004,-0.04582129046320915,-0.028599802404642105,0.049623921513557434,0.1540423184633255,0.502196729183197,0.3479810357093811,0.3337700366973877,0.17419971525669098,0.13323338329792023,0.09843630343675613,0.21543985605239868,0.16248954832553864,0.12016814947128296,0.07486701011657715,0.06691184639930725,0.0233752503991127,0.05108543112874031,0.03086734190583229,0.039324309676885605,0.014252756722271442,-0.009023667313158512,-0.027458785101771355,-0.0559968575835228,-0.012143119238317013,-0.03908141329884529,-0.05455278605222702,0.04642125964164734,0.005508633330464363,-0.0850055068731308,0.010458760894834995,0.0010586298303678632,-0.010173377580940723,-0.010920223779976368,-0.04843847081065178,-0.014579841867089272,-0.0099070705473423,0.03428535908460617,-0.02898803912103176,0.004816219210624695,-0.003718425054103136,-0.02070789970457554,0.019617190584540367,-0.015333933755755424,-0.009022079408168793,-0.03699033707380295,0.07438638061285019,-0.04510660097002983,0.03524629771709442,-0.3606414198875427,0.17427557706832886,-0.09770907461643219,-0.015676502138376236,-0.09137776494026184,0.030650632455945015,0.15453609824180603,-0.12810200452804565,0.04466310515999794,-0.11652623116970062,-0.06255293637514114,-0.1187923401594162,0.23358936607837677,-0.07162918150424957,-0.04550398513674736,-0.07205884903669357,0.01954914815723896,0.20609790086746216,-0.22837680578231812,0.004336904734373093,-0.09649147093296051,0.3129240870475769,-0.2521844208240509,0.3195457458496094,-0.09552326798439026,-0.02053782530128956,-0.05568056181073189,-0.008470442146062851,-0.07351206988096237,0.08687109500169754,-0.17664827406406403,0.06335556507110596,0.04524289816617966,0.0721445307135582,-0.0035435466561466455,-0.11265142261981964,0.02338225767016411,-0.018001753836870193,0.1558724343776703,0.24631167948246002,-0.6458815336227417,0.06649146974086761,0.03670206293463707,0.31471627950668335,-0.40113070607185364,0.6914162635803223,-0.20384284853935242,-0.8509982824325562,0.9679808616638184,-0.6577871441841125,-0.11147021502256393,-0.025288598611950874,0.027984000742435455,-6.412974329350618e-08,-0.00012920463632326573,9.902018791763112e-05,2.6700269017965184e-07,-3.1559321200802515e-07,-4.322290351410629e-06,0.00043712230399250984,-0.18221056461334229,0.16627547144889832,0.056320685893297195,-0.0027877057436853647,-0.023292116820812225,0.024417804554104805,0.07258167117834091,0.03704145923256874,0.06557735800743103
604,0.005468145478516817,0.02362643927335739,0.04188980534672737,0.052055250853300095,0.04188752546906471,0.017745083197951317,0.0013445266522467136,-0.005024430807679892,-0.007317237090319395,-0.008493681438267231,-0.007583795115351677,-0.005583856720477343,-0.005923880264163017,-0.005606768652796745,-0.00022730272030457854,0.006670787930488586,0.010621697641909122,0.003767407964915037,-0.003447753144428134,-0.012676560319960117,-0.02576231211423874,-0.03951267898082733,-0.032865267246961594,-0.03630593419075012,-0.03793782740831375,-0.021558374166488647,-0.030115636065602303,-0.02124316617846489,-0.024149063974618912,-0.028460809960961342,-0.05407766252756119,-0.053375933319330215,-0.04777979105710983,-0.051178958266973495,-0.06022562459111214,-0.08599328249692917,-0.10439295321702957,-0.09246622025966644,-0.08572093397378922,-0.06477029621601105,-0.049627162516117096,0.0005441207904368639,0.12961293756961823,0.2335023283958435,0.6943143606185913,0.485941618680954,0.40501901507377625,0.1895882934331894,0.08465368300676346,0.07024429738521576,0.16155950725078583,0.15170325338840485,0.10803807526826859,0.07103364914655685,0.05282803624868393,0.010551181621849537,0.021453091874718666,0.01900045946240425,0.03522263839840889,0.05396457761526108,-0.010934366844594479,-0.006887132301926613,-0.03906108811497688,0.003969989717006683,-0.023163726553320885,-0.06335579603910446,0.053684625774621964,0.005225533153861761,-0.06608062237501144,0.03125647082924843,0.0017021925887092948,-0.017099715769290924,-0.009826503694057465,-0.04013408347964287,0.005996015388518572,0.012260162271559238,0.054374925792217255,-0.01740294136106968,-0.006601435132324696,0.012282065115869045,-0.027356253936886787,0.011324725113809109,-0.017435459420084953,-0.051092542707920074,-0.12149358540773392,0.1766939014196396,-0.45969507098197937,0.2145403027534485,-0.8512470126152039,0.06528424471616745,-0.1320486217737198,-0.0636642649769783,-0.18638966977596283,-0.005333613138645887,0.14080747961997986,-0.25488021969795227,0.05368923023343086,-0.01974126324057579,0.03352290764451027,0.025267085060477257,-0.2329382747411728,0.17185407876968384,0.04219558835029602,-0.08912406861782074,-0.013308143243193626,0.38231372833251953,-0.1845806986093521,0.15851466357707977,-0.07818546891212463,0.4343036413192749,-0.4057456851005554,0.14716368913650513,-0.28051990270614624,0.06695008277893066,0.32510048151016235,0.08323466777801514,-0.17776380479335785,0.5090736150741577,-0.46170175075531006,0.07366683334112167,-0.0023881071247160435,0.15902858972549438,0.0478987842798233,-0.254533052444458,-0.05194569006562233,-0.003969441633671522,0.1320873349905014,-0.42487913370132446,0.4899255335330963,-0.12216275185346603,-0.05742805078625679,-0.040994543582201004,0.23551279306411743,-0.4694012999534607,0.19410818815231323,0.4605744481086731,-0.2869093120098114,0.18215127289295197,0.015350506640970707,0.16424493491649628,0.05852217599749565,-7.900401897131815e-07,-0.005942916497588158,-0.00014061774709261954,6.671382379863644e-07,-1.3218921139923623e-06,-2.1820173060405068e-05,0.0003772506315726787,0.4443119466304779,-0.08359532058238983,-0.12926211953163147,-0.010122186504304409,-0.026517031714320183,-0.20594139397144318,-0.13076640665531158,-0.08155596256256104,-0.158477783203125
605,0.0060373395681381226,0.02730056829750538,0.04773687571287155,0.046207036823034286,0.030441710725426674,0.00881289318203926,-0.0028138053603470325,-0.00732029415667057,-0.008208541199564934,-0.009501775726675987,-0.007565623614937067,-0.006576833315193653,-0.00858615804463625,-0.011946377344429493,-0.014134306460618973,-0.017680563032627106,-0.019480174407362938,-0.01743042655289173,-0.023895960301160812,-0.028802229091525078,-0.038006145507097244,-0.04874652251601219,-0.03510831668972969,-0.038116782903671265,-0.04013906046748161,-0.022643225267529488,-0.03134014084935188,-0.021583599969744682,-0.025546547025442123,-0.03002491034567356,-0.05844361335039139,-0.05695556476712227,-0.05213283747434616,-0.051010821014642715,-0.05040518939495087,-0.05697773024439812,-0.04867690056562424,-0.029140537604689598,-0.03022085875272751,-0.03470396623015404,-0.03392307460308075,-0.006789376027882099,0.05458856746554375,0.09461451321840286,0.21188923716545105,0.10682372003793716,0.036289189010858536,-0.017419736832380295,-0.04882020875811577,-0.05434679612517357,-0.08656088262796402,-0.060123708099126816,-0.05424778163433075,-0.04486994817852974,-0.06290055811405182,-0.030545471236109734,-0.05567845329642296,-0.040540993213653564,-0.050134312361478806,-0.0772688239812851,-0.023717842996120453,-0.04621981084346771,-0.07959219813346863,0.003134997794404626,-0.029801853001117706,-0.06039013713598251,0.04809628427028656,-0.007227957248687744,-0.09057155251502991,0.038410067558288574,0.0044159237295389175,-0.023141464218497276,-0.043229058384895325,-0.15167100727558136,-0.009122892282903194,-0.006355299148708582,0.03342466428875923,-0.024403216317296028,-0.010036852210760117,-0.011835251934826374,-0.031171206384897232,0.020057478919625282,-0.02973603457212448,-0.024380089715123177,-0.06777127087116241,0.006465479731559753,-0.014391313306987286,-0.024467559531331062,0.04571583494544029,-0.11689974367618561,0.03588287904858589,0.06594530493021011,0.15795710682868958,-0.09047286957502365,-0.09454452246427536,0.12223009020090103,-0.047297410666942596,0.34889447689056396,0.020819487050175667,0.05926772579550743,-0.26233187317848206,0.16218425333499908,0.07731287181377411,-0.09338424354791641,-0.04519525542855263,0.39020422101020813,-0.23868605494499207,0.10948958992958069,-0.14593662321567535,0.35298824310302734,-0.3305305540561676,0.18454360961914062,-0.14965130388736725,0.010294711217284203,0.07040591537952423,0.04105226323008537,-0.15441089868545532,0.20931240916252136,-0.29935914278030396,0.11851844191551208,0.03871564567089081,0.3573049008846283,-0.02403287962079048,-0.2878763973712921,-0.1332465261220932,0.06740538775920868,0.18732194602489471,-0.21998710930347443,0.3412493169307709,-0.07695182412862778,-0.02778399921953678,0.01592777483165264,0.2671259343624115,-0.3467290699481964,0.08997008949518204,0.45931172370910645,-0.4394083023071289,0.1702471524477005,0.1383775919675827,-0.0029084424022585154,0.08197484910488129,-8.350325515493751e-07,0.041831571608781815,-0.00016891161794774234,3.5240507259004517e-06,-1.7866387906906311e-06,-2.5709117835504003e-05,-0.0007792824762873352,1.9024065732955933,-0.18744443356990814,-0.016747402027249336,0.013115135952830315,-0.031774647533893585,-0.013930542394518852,0.016988949850201607,-0.047520969063043594,-0.0004183394485153258
606,0.00034758917172439396,0.0029351566918194294,0.007180147338658571,0.007336709648370743,0.0034802232403308153,-0.0024967845529317856,-0.005912759341299534,-0.008091005496680737,-0.008169805631041527,-0.009391626343131065,-0.007593249902129173,-0.006558739580214024,-0.008558218367397785,-0.011896735988557339,-0.014489997178316116,-0.017845680937170982,-0.01937141828238964,-0.01801627315580845,-0.02491963841021061,-0.029384730383753777,-0.03796827048063278,-0.0497894361615181,-0.034985773265361786,-0.037516310811042786,-0.040059834718704224,-0.02236425131559372,-0.031121371313929558,-0.02128787338733673,-0.025296535342931747,-0.0295372623950243,-0.05763835832476616,-0.05612446367740631,-0.05111433565616608,-0.04820152372121811,-0.04293976351618767,-0.03523601219058037,0.00043707783333957195,0.03879711031913757,0.04091696813702583,0.006685808300971985,-0.017947591841220856,-0.04115278646349907,-0.05631411075592041,-0.059556812047958374,-0.11586561799049377,-0.07940676808357239,-0.07571771740913391,-0.06218881532549858,-0.0664224624633789,-0.05773370712995529,-0.08741899579763412,-0.061565667390823364,-0.05474042892456055,-0.04553181305527687,-0.06292551755905151,-0.029782596975564957,-0.0548764131963253,-0.042198747396469116,-0.054807163774967194,-0.08102745562791824,-0.02596225216984749,-0.04728998988866806,-0.07370003312826157,0.007133462466299534,-0.021123096346855164,-0.05448031798005104,0.053908366709947586,-0.005611626897007227,-0.08804085850715637,0.03442707657814026,0.0070615289732813835,-0.023430440574884415,-0.052909668534994125,-0.1971024125814438,-0.029558077454566956,-0.005561913829296827,0.08481702208518982,-0.014532394707202911,0.00021074544929433614,0.012717059813439846,-0.023025162518024445,0.03214924409985542,-0.01798907294869423,0.010617501102387905,0.015541408210992813,-0.09076089411973953,0.02888726256787777,-0.05318063125014305,0.1344313621520996,-0.12492883205413818,0.049910854548215866,0.06102847680449486,0.15665070712566376,-0.08088073134422302,-0.09886887669563293,0.12185302376747131,-0.041295360773801804,0.3522737920284271,0.005831276997923851,0.04405369609594345,-0.2828027009963989,0.14523674547672272,0.06993530690670013,-0.10081009566783905,-0.04337134584784508,0.3757249712944031,-0.22880211472511292,0.14166362583637238,-0.18731044232845306,0.33947089314460754,-0.3231585621833801,0.22599634528160095,-0.17237040400505066,0.029583344236016273,0.05997960641980171,0.04832993075251579,-0.17304278910160065,0.2606674134731293,-0.30343127250671387,0.1110764890909195,0.03356064856052399,0.2827373445034027,-0.05232207849621773,-0.1973242610692978,-0.12260112911462784,0.0652693659067154,0.25148236751556396,-0.31073078513145447,0.5331668853759766,-0.03285568207502365,-0.14002221822738647,0.044981878250837326,0.22932489216327667,-0.30636972188949585,0.10285556316375732,0.4832109808921814,-0.44683998823165894,0.17939171195030212,0.13912168145179749,-0.034241948276758194,0.09181387722492218,1.2478237749746768e-06,0.04277759790420532,0.001203347579576075,8.188075298676267e-06,3.141387026062148e-07,4.445949525688775e-05,0.0025993469171226025,2.3548743724823,-0.4135647714138031,-0.034765858203172684,0.017255105078220367,-0.02874879166483879,-0.01029824186116457,0.01195679884403944,-0.036937810480594635,-0.04600439965724945
607,-0.0009844215819612145,-0.005449896212667227,-0.010011228732764721,-0.011408470571041107,-0.01433772686868906,-0.0125657320022583,-0.008962961845099926,-0.0076041994616389275,-0.007285791914910078,-0.0077437469735741615,-0.00587430689483881,-0.004704762250185013,-0.003869449021294713,6.95285270921886e-05,0.012587481178343296,0.0325758121907711,0.04813174903392792,0.047307901084423065,0.05673566833138466,0.04724666476249695,0.05196860805153847,0.07163327932357788,0.0677686482667923,0.0915621817111969,0.09900537133216858,0.04649465158581734,0.03891446068882942,0.01149830687791109,0.00582725927233696,0.012888472527265549,0.055584970861673355,0.06632050126791,0.04360887035727501,0.01353122666478157,-0.023580819368362427,-0.07274255901575089,-0.12921234965324402,-0.13033238053321838,-0.12689737975597382,-0.09218913316726685,-0.09996458142995834,-0.10536803305149078,-0.09479361027479172,-0.05427183583378792,0.035417139530181885,0.1562066227197647,0.2822853922843933,0.29752206802368164,0.2954918146133423,0.14582599699497223,0.09401284903287888,0.0046195960603654385,-0.020515117794275284,-0.020253801718354225,-0.03313682973384857,-0.024275129660964012,-0.04020893946290016,-0.02703167125582695,-0.032026879489421844,-0.03058631531894207,-0.012474486604332924,-0.02319788932800293,-0.04957260936498642,-0.009964055381715298,-0.02255047671496868,-0.0426882840692997,0.03955871984362602,-0.02589871734380722,-0.11576809734106064,0.0007020998746156693,-0.034943725913763046,-0.053004998713731766,-0.029951520264148712,-0.08326491713523865,0.008359723724424839,0.02011410892009735,-0.03234122321009636,0.03637060523033142,0.019299563020467758,-0.011311773210763931,-0.02468428760766983,0.028487110510468483,0.009073476307094097,-0.06321404874324799,-0.060599759221076965,0.07698855549097061,-0.03395790606737137,0.06581506878137589,-0.16234788298606873,0.06380843371152878,-0.027002718299627304,-0.03142647445201874,0.0016264814184978604,-0.05032940208911896,-0.029333682730793953,0.008352590724825859,-0.03249717503786087,0.05633092671632767,-0.036971841007471085,0.0054924930445849895,-0.13615421950817108,0.0094150984659791,-0.08623384684324265,0.048369333148002625,-0.053258080035448074,-0.2395644187927246,0.07942099869251251,-0.043953787535429,-0.039472587406635284,0.09938373416662216,0.13133564591407776,0.04718007519841194,0.030100315809249878,0.040804482996463776,-0.031243950128555298,0.03216440975666046,-0.019989825785160065,-0.25128933787345886,0.34814348816871643,0.008411611430346966,-0.010572774335741997,0.035553812980651855,-0.031147250905632973,-0.09685483574867249,0.0005574189126491547,0.004535709507763386,0.16637791693210602,-0.18520429730415344,0.3039075434207916,-0.051636647433042526,0.05516746640205383,0.020909104496240616,-0.037142787128686905,0.5242542028427124,0.054441966116428375,-0.22116313874721527,-0.13724763691425323,0.15081587433815002,0.1590547263622284,-0.15089191496372223,0.10244359821081161,1.4259718739140226e-07,-0.0232952069491148,-0.00039480996201746166,-3.2017517241911264e-06,7.41506710255635e-07,-2.99835046462249e-05,-0.000807231233920902,-0.509893000125885,0.12219752371311188,0.03680368885397911,-0.0008716396405361593,0.012205258943140507,0.03500432148575783,0.02181157097220421,0.052415743470191956,0.057426951825618744
608,-0.0014087429735809565,-0.005875416100025177,-0.010448216460645199,-0.01141821313649416,-0.014643431641161442,-0.012586226686835289,-0.00852078665047884,-0.006969306617975235,-0.0053962296806275845,-0.003022391814738512,0.0030162723269313574,0.01024661585688591,0.019440852105617523,0.03319268301129341,0.033480606973171234,0.022021180018782616,0.01106723677366972,0.006077606696635485,0.015469109639525414,0.022915972396731377,0.0373653918504715,0.04182286188006401,0.024615049362182617,0.03290918096899986,0.061158187687397,0.05481785908341408,0.09477902948856354,0.06277523934841156,0.05436192452907562,0.04135429859161377,0.07297907024621964,0.08842560648918152,0.09495390951633453,0.08609818667173386,0.06636212766170502,0.01802188716828823,-0.05415292829275131,-0.0920785516500473,-0.10898908227682114,-0.08702927827835083,-0.0858640968799591,-0.09439913183450699,-0.09118010848760605,-0.07057764381170273,-0.07434695214033127,-0.010350574739277363,0.01687880977988243,0.012798135168850422,-0.006984015926718712,-0.024661406874656677,-0.06719809770584106,-0.05005108565092087,-0.05281456932425499,-0.046194933354854584,-0.05721629038453102,-0.025937248021364212,-0.006211930885910988,0.025637924671173096,0.0581974983215332,0.09432557970285416,0.038562919944524765,0.025649704039096832,-0.002571296878159046,-0.0031432330142706633,-0.0006106786895543337,0.010280361399054527,-0.005823303479701281,-0.011231230571866035,-0.061051953583955765,-0.0033580504823476076,-0.009610806591808796,-0.028109000995755196,-0.017924506217241287,-0.0424421951174736,0.004751900210976601,-0.009554211981594563,0.007594831753522158,0.03386324271559715,0.05436629801988602,-0.008699382655322552,-0.02196396328508854,0.011395077221095562,-0.03900148347020149,-0.05783351883292198,-0.05597677826881409,0.14567694067955017,-0.03814050927758217,0.010118989273905754,-0.03817259892821312,-0.04486565664410591,-0.020734723657369614,-0.003605844685807824,-0.16308127343654633,0.0781131461262703,0.06004662439227104,-0.0441586896777153,0.015142656862735748,-0.23491281270980835,0.025940919294953346,-0.03828032687306404,0.16525043547153473,-0.022474177181720734,-0.0012714603217318654,-0.025922028347849846,-0.0023658303543925285,-0.05100061371922493,-0.045664772391319275,-0.024928152561187744,-0.07535295188426971,0.2021455019712448,-0.18727967143058777,0.18645571172237396,-0.09445241093635559,-0.007727833464741707,0.048009585589170456,0.04918496683239937,-0.09164595603942871,-0.10289856046438217,0.07957011461257935,-0.09719281643629074,-0.043803416192531586,-0.036041367799043655,-0.03484577313065529,0.07927563786506653,0.049851104617118835,0.009010560810565948,-0.05112329125404358,0.13931363821029663,-0.05722528696060181,-0.043487463146448135,0.14709384739398956,0.14226627349853516,-0.1386120617389679,0.2592616081237793,0.03445445001125336,0.047011785209178925,-0.022550130262970924,-0.13073642551898956,-0.10198156535625458,0.15211164951324463,0.0251395832747221,3.993633157506338e-08,-0.025242049247026443,-8.191968663595617e-05,-1.7450661289331038e-06,4.9546322600235726e-08,-1.580261960043572e-05,-5.065917503088713e-05,-1.8532025814056396,0.18488839268684387,0.052305322140455246,-0.002836216939613223,0.004483196418732405,0.031997621059417725,0.052466247230768204,0.04435737431049347,0.04914657026529312
609,0.0020268571097403765,0.012203885242342949,0.026991769671440125,0.030822619795799255,0.024342237040400505,0.009082605130970478,-0.001472208183258772,-0.006467411760240793,-0.007766684051603079,-0.009315897710621357,-0.0075529832392930984,-0.006572119891643524,-0.008580617606639862,-0.011882112361490726,-0.014468162320554256,-0.0178084559738636,-0.019385244697332382,-0.01790497824549675,-0.024643702432513237,-0.029326986521482468,-0.03778664767742157,-0.04952014610171318,-0.03495638817548752,-0.03754221275448799,-0.0401361845433712,-0.02240622602403164,-0.03129817545413971,-0.02141886204481125,-0.025303969159722328,-0.029751600697636604,-0.05798492580652237,-0.05661321431398392,-0.052381813526153564,-0.051524728536605835,-0.05131816864013672,-0.05910998582839966,-0.04913540184497833,-0.023065296933054924,-0.015875577926635742,-0.022404875606298447,-0.031874168664216995,-0.038673363626003265,-0.03218210116028786,-0.014959440566599369,0.011329380795359612,0.016608698293566704,0.001720537431538105,-0.019222727045416832,-0.04258379340171814,-0.048898953944444656,-0.08295810222625732,-0.05990380048751831,-0.05343760550022125,-0.044887475669384,-0.06212093308568001,-0.029950140044093132,-0.05507659167051315,-0.041914548724889755,-0.053846415132284164,-0.08105751127004623,-0.026410121470689774,-0.046874724328517914,-0.07626963406801224,0.005477966740727425,-0.025662275031208992,-0.05841180309653282,0.049148209393024445,-0.006498644128441811,-0.08853187412023544,0.034946050494909286,0.008279566653072834,-0.021146196871995926,-0.049238912761211395,-0.19475765526294708,-0.03067353367805481,-0.01006497535854578,0.0769694522023201,-0.02165573462843895,-0.0033466920722275972,-0.0011180256260558963,-0.032971300184726715,0.0235784612596035,-0.027614720165729523,-0.007750115357339382,-0.010411337018013,-0.05892359837889671,0.01896912418305874,-0.03543289378285408,0.074491947889328,-0.11814680695533752,0.0323234386742115,0.05741674453020096,0.1554766148328781,-0.08624506741762161,-0.093998484313488,0.12340102344751358,-0.0477943979203701,0.3547641932964325,0.011019706726074219,0.04682442173361778,-0.279867023229599,0.15264922380447388,0.07293879240751266,-0.10187438875436783,-0.043310634791851044,0.3830013871192932,-0.22414728999137878,0.13154393434524536,-0.17536531388759613,0.3459332287311554,-0.34316399693489075,0.1930876225233078,-0.17585934698581696,0.019056227058172226,0.08033731579780579,0.07821603864431381,-0.1808120608329773,0.30960485339164734,-0.3290131986141205,0.10917765647172928,0.04350864887237549,0.303908109664917,-0.0453462190926075,-0.2240140289068222,-0.12737822532653809,0.05682729557156563,0.23001490533351898,-0.2973983585834503,0.48517486453056335,-0.04942237213253975,-0.07299484312534332,0.0376361608505249,0.2453572154045105,-0.3238292932510376,0.10139263421297073,0.4807382822036743,-0.4423713684082031,0.17880643904209137,0.13447104394435883,-0.030754875391721725,0.08459892123937607,-1.0452901051394292e-06,0.04264775291085243,0.00014694692799821496,5.670845439453842e-06,-2.2561334844795056e-06,-2.9254764740471728e-05,-0.00012907922791782767,2.4611189365386963,-0.33018413186073303,-0.03671174496412277,0.019231852144002914,-0.029331862926483154,-0.010508876293897629,0.011564374901354313,-0.050622086971998215,-0.0011741677299141884
610,0.005154057405889034,0.022925466299057007,0.04187869653105736,0.05286892503499985,0.043590646237134933,0.019173817709088326,0.0020506891887634993,-0.004723886959254742,-0.007246893364936113,-0.008474825881421566,-0.007595761679112911,-0.005589306354522705,-0.005919560790061951,-0.0056008766405284405,-0.00021831320191267878,0.0066962093114852905,0.010601676069200039,0.003775667864829302,-0.003428033785894513,-0.0126786008477211,-0.025747859850525856,-0.03951810300350189,-0.032818157225847244,-0.036257173866033554,-0.037896089255809784,-0.021543312817811966,-0.03007485531270504,-0.02119554579257965,-0.02410532906651497,-0.028395352885127068,-0.05410303920507431,-0.053446486592292786,-0.048112813383340836,-0.05204124376177788,-0.06251050531864166,-0.09126749634742737,-0.11148005723953247,-0.0958540141582489,-0.08370331674814224,-0.06108035892248154,-0.04659629613161087,0.001277482369914651,0.12805365025997162,0.23229393362998962,0.6960088014602661,0.4888063371181488,0.4075447916984558,0.1893634796142578,0.08228947967290878,0.0669439509510994,0.15671968460083008,0.1507776528596878,0.10889019072055817,0.07266227900981903,0.05494832620024681,0.01113794557750225,0.021743901073932648,0.018952632322907448,0.03569156676530838,0.05392147973179817,-0.011251796036958694,-0.006890776567161083,-0.03914400190114975,0.003944830968976021,-0.023185038939118385,-0.06333901733160019,0.05367032065987587,0.005453390069305897,-0.06587554514408112,0.031654685735702515,0.0020894308108836412,-0.017249828204512596,-0.010313069447875023,-0.03976373374462128,0.005733019206672907,0.012592787854373455,0.05781877040863037,-0.017601385712623596,-0.008885294198989868,0.014379211701452732,-0.027861999347805977,0.01153754722326994,-0.01860709860920906,-0.0489833727478981,-0.11853265017271042,0.16458994150161743,-0.46061745285987854,0.21276964247226715,-0.8769426345825195,0.0735885351896286,-0.13863502442836761,-0.06335596740245819,-0.1813860684633255,-0.0128878029063344,0.1499471664428711,-0.2576904296875,0.06356008350849152,-0.034794729202985764,0.028714705258607864,0.024422351270914078,-0.2336576133966446,0.1713138371706009,0.040767818689346313,-0.08907400071620941,-0.014061099849641323,0.3795395493507385,-0.18427470326423645,0.1583486646413803,-0.08124130964279175,0.43374302983283997,-0.40522053837776184,0.14524513483047485,-0.2836935520172119,0.06719177216291428,0.3223685622215271,0.08372236788272858,-0.17435717582702637,0.5083635449409485,-0.46184736490249634,0.07306321710348129,-0.0035157965030521154,0.15732303261756897,0.0486995205283165,-0.25406718254089355,-0.052348434925079346,-0.0065474603325128555,0.13051286339759827,-0.4220855236053467,0.490681529045105,-0.12038284540176392,-0.057190004736185074,-0.04026859998703003,0.23341421782970428,-0.4731442630290985,0.19322194159030914,0.4605429172515869,-0.28866663575172424,0.18431995809078217,0.013927447609603405,0.16479331254959106,0.06088438630104065,-7.990071821950551e-07,-0.004711523652076721,8.204850018955767e-05,1.5833520592423156e-06,-1.3419110018730862e-06,-2.2402004105970263e-05,0.0005264416104182601,0.4492518901824951,-0.08865552395582199,-0.1294274628162384,-0.009552938863635063,-0.02595708705484867,-0.206228107213974,-0.1309819519519806,-0.08160615712404251,-0.1577487587928772
611,0.0038335840217769146,0.022229596972465515,0.04722202941775322,0.054548703134059906,0.044455427676439285,0.01958189159631729,0.002230121521279216,-0.005287631880491972,-0.007623976096510887,-0.009401698596775532,-0.007537989877164364,-0.00664293859153986,-0.008660940453410149,-0.011978688649833202,-0.01445317454636097,-0.017988771200180054,-0.01946014165878296,-0.017671862617135048,-0.024496112018823624,-0.029426006600260735,-0.03816971927881241,-0.049413423985242844,-0.03517307713627815,-0.038067955523729324,-0.040427956730127335,-0.022421009838581085,-0.03126702830195427,-0.021299224346876144,-0.02529953606426716,-0.029733996838331223,-0.05821691080927849,-0.05697134509682655,-0.05303832143545151,-0.05274172127246857,-0.05467333644628525,-0.06575528532266617,-0.05925673618912697,-0.03330107778310776,-0.029332302510738373,-0.0378541499376297,-0.05277104675769806,-0.05206076800823212,-0.012445439584553242,0.04753473773598671,0.1980609893798828,0.14935055375099182,0.10277781635522842,0.0281805582344532,-0.01993464305996895,-0.043099693953990936,-0.08146090805530548,-0.05912595987319946,-0.05225364863872528,-0.04318283498287201,-0.06205512583255768,-0.0291585810482502,-0.05445915460586548,-0.037896059453487396,-0.05068257823586464,-0.07690982520580292,-0.021040158346295357,-0.043948397040367126,-0.07771609723567963,0.004667031578719616,-0.02751154825091362,-0.05701480060815811,0.050118014216423035,-0.005726516246795654,-0.08278688788414001,0.0437166653573513,0.015749091282486916,-0.01421633642166853,-0.044454846531152725,-0.1645166426897049,-0.01876714639365673,-0.005781902000308037,0.019594313576817513,-0.02102641388773918,-0.008306343108415604,0.0036248385440558195,-0.021812573075294495,0.02463977038860321,-0.013527697883546352,0.008195417001843452,-0.013172745704650879,-0.03343120589852333,-0.012717989273369312,-0.020161878317594528,-0.03918326273560524,-0.11108337342739105,0.01803502067923546,0.05470433086156845,0.1502183973789215,-0.08070337027311325,-0.09992708265781403,0.13141271471977234,-0.048802465200424194,0.35262078046798706,0.019993938505649567,0.06131109222769737,-0.27303922176361084,0.1656796932220459,0.08666183054447174,-0.09628298878669739,-0.047049082815647125,0.38109302520751953,-0.23500283062458038,0.11041878163814545,-0.1625116467475891,0.3545539975166321,-0.36970219016075134,0.16563823819160461,-0.1493099182844162,0.014934790320694447,0.06489335745573044,0.03771229833364487,-0.15802018344402313,0.1973070353269577,-0.3056095540523529,0.10762253403663635,0.04049970954656601,0.3598465621471405,-0.011441962793469429,-0.3053183853626251,-0.17332525551319122,0.07921189069747925,0.22598674893379211,-0.2827610671520233,0.3843441903591156,-0.07665087282657623,0.017591016367077827,0.02188141457736492,0.22764460742473602,-0.328006386756897,0.1023438572883606,0.4796406328678131,-0.44810551404953003,0.18709751963615417,0.12538622319698334,-0.03479991480708122,0.08655882626771927,-9.123165227720165e-07,0.044530611485242844,0.0007846586522646248,7.319359610846732e-06,-2.000530230361619e-07,-2.9463606551871635e-05,0.000687378051225096,2.1023008823394775,-0.23609112203121185,-0.022844582796096802,0.01838587410748005,-0.02944725751876831,-0.01522067654877901,0.01491243951022625,-0.016276393085718155,-0.0004328301874920726
612,0.005229354370385408,0.022968441247940063,0.04119957238435745,0.05291129648685455,0.043520260602235794,0.01918913796544075,0.0020413449965417385,-0.004686790984123945,-0.007166211027652025,-0.008340131491422653,-0.007141652517020702,-0.004668779205530882,-0.003378898836672306,0.00018003892910201102,0.006924537476152182,0.012089562602341175,0.009900677017867565,-0.0003048404469154775,-0.009384799748659134,-0.017999814823269844,-0.02966289035975933,-0.041826698929071426,-0.033398427069187164,-0.03636040538549423,-0.03793220594525337,-0.021519217640161514,-0.03008689358830452,-0.021273963153362274,-0.02415567636489868,-0.028491634875535965,-0.05406908318400383,-0.05349285155534744,-0.04805562645196915,-0.0517197847366333,-0.06140870973467827,-0.08843178302049637,-0.10751066356897354,-0.09375319629907608,-0.08485367149114609,-0.06476932764053345,-0.05413566157221794,-0.013732164166867733,0.10095442831516266,0.2080412656068802,0.6637051701545715,0.4915144741535187,0.43463101983070374,0.2209080159664154,0.11133936792612076,0.09207243472337723,0.18756462633609772,0.15769712626934052,0.10407164692878723,0.06491121649742126,0.05267718806862831,0.02011558972299099,0.050989486277103424,0.032322559505701065,0.041382431983947754,0.04331723973155022,-0.006692244205623865,-0.013612787239253521,-0.055398549884557724,0.005293377209454775,-0.022789984941482544,-0.06408173590898514,0.0531998872756958,0.005543272942304611,-0.0656166598200798,0.025468526408076286,-0.0011788130505010486,-0.018444500863552094,-0.009981516748666763,-0.04841260984539986,0.005679421592503786,0.013856637291610241,0.05223105475306511,-0.017411554232239723,-0.005103654693812132,0.012955701909959316,-0.024014171212911606,0.009623701684176922,-0.01122654601931572,-0.0239246916025877,-0.09635884314775467,0.1361033171415329,-0.41116204857826233,0.20655407011508942,-0.9231647849082947,0.09191736578941345,-0.1728402078151703,-0.09037879854440689,-0.23342196643352509,-0.006379120517522097,0.14084362983703613,-0.2377585768699646,0.037717536091804504,0.0280314814299345,0.04541141539812088,0.024887384846806526,-0.23675931990146637,0.1708022505044937,0.03706205636262894,-0.09132184833288193,-0.01288043987005949,0.37823671102523804,-0.1824418604373932,0.15869025886058807,-0.08316894620656967,0.4347190856933594,-0.4089672565460205,0.14351575076580048,-0.28822651505470276,0.07095392048358917,0.320791631937027,0.08435986191034317,-0.1756899207830429,0.5041409134864807,-0.46369487047195435,0.06970179826021194,-0.0017820403445512056,0.16215954720973969,0.04855618625879288,-0.2581624388694763,-0.0578857958316803,-0.009039951488375664,0.13240371644496918,-0.42594921588897705,0.49268487095832825,-0.12355268746614456,-0.06455207616090775,-0.034865230321884155,0.22740302979946136,-0.46913009881973267,0.19432953000068665,0.4601680338382721,-0.2921493649482727,0.1767372190952301,0.01661865785717964,0.1620103418827057,0.05647049471735954,-7.965595614223275e-07,-0.00217210385017097,5.5306172725977376e-05,1.3168387340556365e-06,-8.725480711291311e-07,-1.8629125406732783e-05,0.0004530754522420466,0.4823475480079651,-0.08595210313796997,-0.1294655054807663,-0.009724333882331848,-0.025925738736987114,-0.2067657709121704,-0.12880033254623413,-0.08436398953199387,-0.1606227308511734
613,-0.0012089345837011933,-0.005754520185291767,-0.01226666197180748,-0.01668296940624714,-0.018820209428668022,-0.015134577639400959,-0.009451795369386673,-0.005096064880490303,0.0013513610465452075,0.008619384840130806,0.01125448476523161,0.008841692470014095,0.006428103428333998,-0.0006717611686326563,-0.008051706477999687,-0.014970282092690468,-0.01834852807223797,-0.01739102602005005,-0.02389545738697052,-0.02858005277812481,-0.03684789314866066,-0.048391882330179214,-0.0334630161523819,-0.03292597085237503,-0.029388314113020897,-0.011024818755686283,-0.006970745045691729,-0.0024675987660884857,-0.0034195652697235346,-0.01157140638679266,-0.03794419765472412,-0.04864626005291939,-0.049207910895347595,-0.050373610109090805,-0.05377082899212837,-0.07273662090301514,-0.08974550664424896,-0.08846615999937057,-0.0933099091053009,-0.07886724919080734,-0.09044698625802994,-0.1048358753323555,-0.11005032062530518,-0.09556280821561813,-0.16039510071277618,-0.08439934253692627,-0.05537894740700722,-0.02606726624071598,-0.019015105441212654,-0.01809239573776722,-0.04579224810004234,-0.04325436055660248,-0.04398895055055618,-0.04165852814912796,-0.05853442847728729,-0.02665039151906967,-0.04963765665888786,-0.03653775528073311,-0.0383368656039238,-0.041822824627161026,-0.01076724287122488,-0.016669394448399544,-0.031452976167201996,-0.003058145521208644,-0.022103818133473396,-0.04882771521806717,0.04575841873884201,-0.0004951879964210093,-0.09454299509525299,0.027144355699419975,0.011451448313891888,-0.014564557000994682,-0.034488923847675323,-0.15879876911640167,-0.0166936032474041,-0.0032920129597187042,0.0701148584485054,-0.02276439405977726,-0.009167371317744255,-0.010369176976382732,-0.03304251655936241,0.027908658608794212,-0.019797785207629204,0.015512756071984768,0.028705673292279243,-0.08784179389476776,0.03807048127055168,-0.05165968835353851,0.13155172765254974,-0.1304507553577423,0.040253620594739914,0.05149678885936737,0.14978094398975372,-0.0740363746881485,-0.062185224145650864,0.07911521941423416,-0.0538976676762104,0.22115890681743622,0.0007867731619626284,0.03323952481150627,-0.25601446628570557,0.14530199766159058,0.0726366639137268,-0.09757237881422043,-0.021518342196941376,0.32034966349601746,-0.20062704384326935,0.10603121668100357,-0.10948709398508072,0.3382306694984436,-0.32339081168174744,0.21279652416706085,-0.2055482268333435,-0.004054350778460503,0.09806185960769653,0.1219770535826683,-0.19359591603279114,0.45143330097198486,-0.40887948870658875,0.09386402368545532,0.009990397840738297,0.27071821689605713,-0.03032509796321392,-0.16539031267166138,-0.06825155764818192,0.02812766097486019,0.18837715685367584,-0.2903141975402832,0.49509674310684204,-0.06533443927764893,-0.06235837936401367,0.009590870700776577,0.20763279497623444,-0.32959869503974915,0.1338861584663391,0.3803520202636719,-0.4341737627983093,0.19179470837116241,0.16760298609733582,-0.024830805137753487,0.06970180571079254,-8.318851314470521e-07,-0.021412622183561325,0.0001019645860651508,-2.0886420770693803e-07,-8.915739613257756e-07,1.2350980796327349e-05,0.0007110731676220894,2.269317388534546,-0.3496249318122864,-0.01887861080467701,0.015116664581000805,-0.0026204343885183334,0.03306838497519493,-0.01987398974597454,-0.04137054458260536,0.030680052936077118
614,0.0053908247500658035,0.0174395814538002,0.031634747982025146,0.0452757254242897,0.05388734117150307,0.04528449848294258,0.02801649272441864,0.0183411817997694,0.00900100264698267,0.0006526439101435244,-0.003947081044316292,-0.0048568411730229855,-0.0065752011723816395,-0.01043443102389574,-0.011001952923834324,-0.013529136776924133,-0.015880905091762543,-0.011988363228738308,-0.016608096659183502,-0.020532917231321335,-0.029744036495685577,-0.03973441198468208,-0.03239283338189125,-0.03412766009569168,-0.036488860845565796,-0.02069893851876259,-0.028950797393918037,-0.020328490063548088,-0.02230207808315754,-0.025796135887503624,-0.043924957513809204,-0.03740843012928963,-0.027639154344797134,-0.026475125923752785,-0.03526410460472107,-0.06636328250169754,-0.110634446144104,-0.11337175965309143,-0.09024600684642792,-0.03699519485235214,0.007565146312117577,0.06853647530078888,0.15495938062667847,0.17623798549175262,0.45610228180885315,0.3716174066066742,0.45080071687698364,0.37069857120513916,0.3272693455219269,0.2641233503818512,0.4070774018764496,0.22515517473220825,0.10377300530672073,0.06586267799139023,0.04400581121444702,0.005287744104862213,-0.012614406645298004,-0.013333003968000412,-0.024027297273278236,-0.03283163905143738,0.0020944373682141304,-0.01367043238133192,-0.028682447969913483,-0.004612878896296024,-0.012444023974239826,-0.029189419001340866,0.030058763921260834,0.005606659222394228,-0.05966167151927948,0.02121487818658352,-0.003285425016656518,-0.015059486031532288,-0.012376810424029827,-0.0928504690527916,0.01006714254617691,0.01337498053908348,0.03409712761640549,-0.014855756424367428,0.006077072583138943,0.0014397031627595425,-0.035169873386621475,0.01879136450588703,-0.02995014563202858,-0.09633141756057739,-0.10936335474252701,0.13435159623622894,-0.2414989173412323,0.17940115928649902,-0.7686102986335754,0.33232608437538147,-0.3770875930786133,-0.2402462363243103,-0.6228865385055542,0.07578843086957932,0.2867109179496765,-0.3035639822483063,0.11874799430370331,-0.3633540868759155,-0.1472392976284027,-0.02269335463643074,-0.13774676620960236,0.11586230993270874,0.012990825809538364,-0.0940784364938736,-0.008539569564163685,0.35205626487731934,-0.15977594256401062,0.1571986824274063,-0.07227293401956558,0.4473676383495331,-0.3995828926563263,0.15418864786624908,-0.3178310692310333,0.10185728222131729,0.39242786169052124,0.06477610766887665,-0.15387262403964996,0.4757983982563019,-0.44093847274780273,0.05439707264304161,0.00525815412402153,0.1605369597673416,0.07339412719011307,-0.29204097390174866,-0.027398014441132545,-0.0038411500863730907,0.14272400736808777,-0.4230830669403076,0.4956302046775818,-0.11985103785991669,-0.10774219036102295,-0.0862559825181961,0.17070356011390686,-0.4587307572364807,0.225323885679245,0.4200611710548401,-0.2908106744289398,0.23149308562278748,-0.014532782137393951,0.17025572061538696,0.019833151251077652,-6.856371896901692e-07,0.013606439344584942,-0.0002312559081474319,-4.867581537837395e-07,-8.531274602319172e-07,-8.766248356550932e-06,-0.00033712838194333017,0.3312954902648926,-0.023715488612651825,-0.1062517985701561,-0.01045217365026474,-0.029016204178333282,-0.16635091602802277,-0.10980144143104553,-0.038989920169115067,-0.15204626321792603
615,-0.0015938908327370882,-0.0064090886153280735,-0.011625373736023903,-0.01321881078183651,-0.01662629283964634,-0.014242379926145077,-0.009370258077979088,-0.008222413249313831,-0.007714227773249149,-0.009345157071948051,-0.007329930551350117,-0.006268840748816729,-0.007445939816534519,-0.01124095544219017,-0.013766438700258732,-0.01642247661948204,-0.018461378291249275,-0.016865335404872894,-0.025163332000374794,-0.02642418071627617,-0.036135729402303696,-0.04513784125447273,-0.032437101006507874,-0.030506104230880737,-0.024116188287734985,-0.003166250651702285,0.020132694393396378,0.03762657567858696,0.06903687119483948,0.09618042409420013,0.14458385109901428,0.08086862415075302,0.018641376867890358,-0.022996028885245323,-0.054285574704408646,-0.09552590548992157,-0.1444759964942932,-0.13360440731048584,-0.12788820266723633,-0.09320728480815887,-0.09346885979175568,-0.10519116371870041,-0.1154184490442276,-0.11326918005943298,-0.20220017433166504,-0.1265169084072113,-0.11345939338207245,-0.08036074787378311,-0.07789293676614761,-0.053039174526929855,-0.08830459415912628,-0.05967671424150467,-0.04610592871904373,-0.046730004251003265,-0.06636624783277512,-0.03709155693650246,-0.05639386922121048,-0.043867405503988266,-0.04313888028264046,-0.042721036821603775,-0.006981559097766876,0.018360747024416924,0.08856271952390671,0.03493697568774223,0.10125702619552612,0.0891447588801384,0.010247980244457722,-0.012286723591387272,-0.09328149259090424,0.005140555556863546,0.008876712992787361,0.0005805876571685076,-0.06017225235700607,-0.19104263186454773,-0.030638501048088074,-0.04875050485134125,0.07044047117233276,-0.08106762170791626,-0.048398446291685104,-0.007079552859067917,0.0205678828060627,0.029833495616912842,-0.011455810628831387,0.045634835958480835,0.03302307426929474,-0.09722229093313217,0.0330968052148819,-0.04774593934416771,0.10438042879104614,-0.151842400431633,0.04289167374372482,0.037020836025476456,0.1435447484254837,-0.09110290557146072,-0.04094085842370987,0.013706877827644348,0.08447978645563126,-0.2071840763092041,0.05039593204855919,-0.07264187932014465,0.09760333597660065,0.03163094446063042,0.006899576168507338,-0.11296649277210236,-0.038471199572086334,0.34114691615104675,-0.27367135882377625,0.06456600874662399,-0.036154698580503464,0.4278784692287445,-0.36727476119995117,0.39335131645202637,-0.2648613452911377,0.09532960504293442,0.3248608112335205,0.1340848058462143,-0.2257794886827469,0.6647613048553467,-0.4085197150707245,0.09226100891828537,0.11851653456687927,0.21680223941802979,0.026433972641825676,-0.1916266232728958,-0.03507746383547783,-0.029376130551099777,0.20738288760185242,-0.24346257746219635,0.3094235956668854,-0.056882817298173904,0.17481186985969543,0.05691620334982872,-0.4484541118144989,0.6600249409675598,-0.17269466817378998,-0.07597888261079788,-0.14403122663497925,0.0716228112578392,0.22510066628456116,-0.09148699790239334,0.06502852588891983,-9.253037092094019e-08,0.024503419175744057,0.0002833683101925999,4.342993179307086e-06,-2.1328033028567006e-07,-7.65720869821962e-06,0.0017635711701586843,0.9785112738609314,-0.025173569098114967,0.055956754833459854,-0.0011877297656610608,0.047982845455408096,0.011234785430133343,0.08599342405796051,0.04025985300540924,0.057843293994665146
616,0.004733989480882883,0.023793818429112434,0.04584294185042381,0.04977571219205856,0.038471613079309464,0.01610485464334488,0.0010972016025334597,-0.005509660579264164,-0.007582817226648331,-0.009350238367915154,-0.0075162723660469055,-0.006618740502744913,-0.008646635338664055,-0.011969774030148983,-0.014376718550920486,-0.01788940094411373,-0.01947716251015663,-0.017615437507629395,-0.024204770103096962,-0.029144108295440674,-0.038033876568078995,-0.049281198531389236,-0.03516610711812973,-0.038042161613702774,-0.04036640003323555,-0.022523237392306328,-0.03136618807911873,-0.021481195464730263,-0.025463290512561798,-0.02995009906589985,-0.05843379721045494,-0.05734638869762421,-0.053304798901081085,-0.05306556448340416,-0.05471915379166603,-0.06577890366315842,-0.059051308780908585,-0.03254302963614464,-0.0266584325581789,-0.03183283656835556,-0.037619300186634064,-0.02355685830116272,0.02406446635723114,0.06740400195121765,0.18677324056625366,0.11386233568191528,0.06302251666784286,0.00783031526952982,-0.02841324172914028,-0.044050801545381546,-0.08041370660066605,-0.05874073505401611,-0.05283023416996002,-0.04398493841290474,-0.062180500477552414,-0.02931005321443081,-0.05453024059534073,-0.03926084190607071,-0.05040782317519188,-0.07736226916313171,-0.022617341950535774,-0.04520998150110245,-0.07793679088354111,0.004664583131670952,-0.027032136917114258,-0.05860612541437149,0.04960554093122482,-0.00494963675737381,-0.0871572345495224,0.0402052141726017,0.011692680418491364,-0.017677897587418556,-0.040953442454338074,-0.14803916215896606,-0.013313320465385914,-0.004332347307354212,0.049071237444877625,-0.02419254742562771,-0.007245626300573349,-0.005454236641526222,-0.03248290717601776,0.019930396229028702,-0.02729509025812149,-0.015217362903058529,-0.04542321339249611,-0.016652971506118774,-0.010228798724710941,-0.02355090156197548,0.012727620080113411,-0.11428318917751312,0.022272977977991104,0.05515071749687195,0.15065090358257294,-0.08284826576709747,-0.09324406832456589,0.12580068409442902,-0.04651033133268356,0.35363784432411194,0.022720208391547203,0.06184474751353264,-0.2700721025466919,0.16160185635089874,0.08348426967859268,-0.09311355650424957,-0.04585515707731247,0.38345053791999817,-0.23478840291500092,0.11149396747350693,-0.152987539768219,0.35056808590888977,-0.350493848323822,0.16462887823581696,-0.14982514083385468,0.015147932805120945,0.06784187257289886,0.039916809648275375,-0.15775947272777557,0.21546082198619843,-0.31577104330062866,0.10814977437257767,0.036667436361312866,0.3591172397136688,-0.0177916269749403,-0.278466135263443,-0.14153891801834106,0.06435038149356842,0.20212626457214355,-0.25007364153862,0.3824833333492279,-0.07158204913139343,-0.018644923344254494,0.021114153787493706,0.23775739967823029,-0.32665935158729553,0.10334716737270355,0.4721567928791046,-0.4492579996585846,0.1767062097787857,0.12862156331539154,-0.01874016784131527,0.08428847044706345,-6.823001399425266e-07,0.04221383109688759,9.056021372089162e-05,4.404430001159199e-06,-1.5273477629307308e-06,-1.5042726772662718e-05,-0.00011635526607278734,2.060572862625122,-0.22448132932186127,-0.023869454860687256,0.016922494396567345,-0.03138425946235657,-0.0010954496683552861,0.013799070380628109,-0.05132022500038147,-0.004071093630045652
617,0.003213238436728716,0.015603973530232906,0.028717199340462685,0.02726863883435726,0.016191475093364716,0.0019093157025054097,-0.005247954744845629,-0.008211329579353333,-0.008452324196696281,-0.009595788083970547,-0.007566757965832949,-0.006612081546336412,-0.008671517483890057,-0.01197879295796156,-0.014489050023257732,-0.017892055213451385,-0.019492609426379204,-0.017824377864599228,-0.024482153356075287,-0.02921820990741253,-0.03818633034825325,-0.04963822662830353,-0.0352059006690979,-0.037979356944561005,-0.04035346210002899,-0.022538671270012856,-0.031251560896635056,-0.02127072773873806,-0.025283951312303543,-0.029792774468660355,-0.05794627219438553,-0.05665170028805733,-0.051668889820575714,-0.04891727864742279,-0.044182147830724716,-0.037905462086200714,-0.005671982653439045,0.02744348533451557,0.024298235774040222,-0.00829178374260664,-0.030567068606615067,-0.038072843104600906,-0.020429298281669617,0.00011715502478182316,0.01271096896380186,-0.014723315834999084,-0.04754107445478439,-0.056929923593997955,-0.06860191375017166,-0.06037558615207672,-0.08892179280519485,-0.06193631887435913,-0.054057687520980835,-0.04581710323691368,-0.06293397396802902,-0.029429618269205093,-0.05492427945137024,-0.04109932482242584,-0.05257626995444298,-0.07983729988336563,-0.025172779336571693,-0.047476574778556824,-0.07686722278594971,0.005308567546308041,-0.02427050657570362,-0.05796739086508751,0.050984255969524384,-0.006928387098014355,-0.0889778807759285,0.03991630673408508,0.010032507590949535,-0.017251821234822273,-0.04183035343885422,-0.14607618749141693,-0.010390045121312141,-0.0030584274791181087,0.0418330654501915,-0.020376984030008316,-0.00936724990606308,-0.009888236410915852,-0.029587870463728905,0.027447793632745743,-0.017055734992027283,0.007391975261271,-0.004384554922580719,-0.06190360710024834,0.01627032458782196,-0.04146551340818405,0.11817722022533417,-0.11989717185497284,0.05065538361668587,0.06678014248609543,0.16204744577407837,-0.07525277882814407,-0.08968370407819748,0.12450134009122849,-0.04176332801580429,0.3498869836330414,0.017129002138972282,0.053733956068754196,-0.27368709444999695,0.14833705127239227,0.077159583568573,-0.10315939038991928,-0.054598499089479446,0.37921959161758423,-0.23310479521751404,0.11685610562562943,-0.16806885600090027,0.34312865138053894,-0.31969892978668213,0.19822798669338226,-0.14132437109947205,0.026267975568771362,0.049647875130176544,0.02627474069595337,-0.15696340799331665,0.21667616069316864,-0.3075946569442749,0.10227371752262115,0.03314508497714996,0.33354753255844116,-0.034588925540447235,-0.2418036311864853,-0.14559313654899597,0.07152075320482254,0.22480452060699463,-0.3012768030166626,0.4685274064540863,-0.057260144501924515,-0.11343755573034286,0.027482248842716217,0.24615538120269775,-0.3445430099964142,0.09682828187942505,0.4905563294887543,-0.44600367546081543,0.18229615688323975,0.13210467994213104,-0.029192693531513214,0.0823679268360138,-5.954345851932885e-07,0.04450630769133568,0.0006766632432118058,7.358219590969384e-06,1.1812483080575475e-07,-1.2993630662094802e-05,0.0003507168439682573,2.2012531757354736,-0.26761820912361145,-0.026316380128264427,0.012543540447950363,-0.03077436238527298,-0.02680799923837185,0.014053220860660076,-0.05129944905638695,-0.008719445206224918
618,0.0005799544742330909,0.003716146107763052,0.00781107135117054,0.006851254031062126,0.001862329663708806,-0.0040530129335820675,-0.00674962205812335,-0.008459840901196003,-0.008298194035887718,-0.009417068213224411,-0.007632414344698191,-0.006608032621443272,-0.008586189709603786,-0.011926107108592987,-0.01450769230723381,-0.01777639426290989,-0.019463734701275826,-0.01816386729478836,-0.025327341631054878,-0.02969379909336567,-0.03829082474112511,-0.05013405904173851,-0.035197556018829346,-0.03761456906795502,-0.04026505723595619,-0.022522738203406334,-0.031419843435287476,-0.021475819870829582,-0.025456666946411133,-0.029492609202861786,-0.05588806793093681,-0.051276594400405884,-0.041900698095560074,-0.034604378044605255,-0.029186811298131943,-0.030385591089725494,-0.027381200343370438,-0.011946318671107292,0.003068310208618641,0.0032847898546606302,-0.0027920438442379236,-0.022487087175250053,-0.045777492225170135,-0.05741678550839424,-0.11822924762964249,-0.08405714482069016,-0.08179006725549698,-0.06757645308971405,-0.07176722586154938,-0.059933267533779144,-0.0893361046910286,-0.06240309402346611,-0.05543535202741623,-0.04632872715592384,-0.06327305734157562,-0.03170624375343323,-0.05688350275158882,-0.044845450669527054,-0.05716302618384361,-0.0840291902422905,-0.02944953180849552,-0.04878080636262894,-0.0764334425330162,0.0020457736682146788,-0.02785169519484043,-0.060144077986478806,0.04746270552277565,-0.010134241543710232,-0.0948227196931839,0.03171280026435852,0.00043758723768405616,-0.028200780972838402,-0.057247843593358994,-0.20529018342494965,-0.0341702476143837,-0.018038202077150345,0.06543853133916855,-0.020147068426012993,-0.0034001879394054413,0.004656284581869841,-0.024957070127129555,0.03328318893909454,-0.012527321465313435,0.0208346638828516,0.02555946819484234,-0.10559345781803131,0.02735174633562565,-0.05747581645846367,0.1329735964536667,-0.12938381731510162,0.04459596425294876,0.06441274285316467,0.15862447023391724,-0.086807981133461,-0.10243621468544006,0.11828786879777908,-0.047504425048828125,0.3484121859073639,0.0016401548637077212,0.03791866824030876,-0.2837052345275879,0.14683671295642853,0.063278928399086,-0.10641323029994965,-0.038537103682756424,0.3851752281188965,-0.21677321195602417,0.1360737383365631,-0.17519238591194153,0.3248937427997589,-0.28031960129737854,0.24039267003536224,-0.17481134831905365,0.021364811807870865,0.07986121624708176,0.09357129037380219,-0.17853842675685883,0.2904511094093323,-0.30386558175086975,0.11036540567874908,0.036983877420425415,0.26923075318336487,-0.054104022681713104,-0.2033667117357254,-0.1289440542459488,0.06444162130355835,0.24885369837284088,-0.3238368034362793,0.5413628816604614,-0.03626995161175728,-0.14088217914104462,0.049292754381895065,0.24906224012374878,-0.32182425260543823,0.09423986077308655,0.4661187529563904,-0.4410845935344696,0.17318607866764069,0.14744003117084503,-0.04603405296802521,0.0869971513748169,-1.032549903356994e-06,0.03486122563481331,0.00018178534810431302,5.085441443952732e-06,-8.553280963496945e-07,-2.9496535717044026e-05,-0.00024641817435622215,2.7102675437927246,-0.3670407235622406,-0.03256355598568916,0.012564173899590969,-0.029427919536828995,-0.015165847726166248,0.01179687399417162,-0.051355279982089996,-0.02598160319030285
619,-0.0010985578410327435,-0.005730584729462862,-0.0108388876542449,-0.011901607736945152,-0.014706739224493504,-0.012521798722445965,-0.008791409432888031,-0.007577629294246435,-0.007082316558808088,-0.007718510460108519,-0.006124174688011408,-0.005601502023637295,-0.006870879326015711,-0.010471571236848831,-0.009959341026842594,-0.007675010245293379,-5.941250856267288e-05,0.008422359824180603,0.022048715502023697,0.036238353699445724,0.07191859185695648,0.1340942233800888,0.1330306977033615,0.16197912395000458,0.15034709870815277,0.06216789036989212,0.04648208245635033,0.011022565886378288,0.0027904652524739504,0.00785217434167862,0.046317972242832184,0.062364865094423294,0.04452933371067047,0.018676534295082092,-0.018530966714024544,-0.06871823221445084,-0.12771081924438477,-0.13380254805088043,-0.13054831326007843,-0.09490302205085754,-0.1029023677110672,-0.10501239448785782,-0.09268562495708466,-0.049102701246738434,0.05164448916912079,0.17305754125118256,0.28602224588394165,0.29397913813591003,0.29280704259872437,0.14929302036762238,0.09223149716854095,0.004894997924566269,-0.02036251127719879,-0.019640611484646797,-0.03133811801671982,-0.02141583524644375,-0.03681328520178795,-0.02547275274991989,-0.031691741198301315,-0.03461216017603874,-0.013385124504566193,-0.022294113412499428,-0.04194650053977966,-0.00848456658422947,-0.01779068633913994,-0.03987114876508713,0.04841356724500656,-0.027088256552815437,-0.11298852413892746,0.0034822963643819094,-0.04522819444537163,-0.070440374314785,-0.05646320432424545,-0.1898496299982071,-0.022483525797724724,-0.02431034855544567,0.005893162917345762,7.14028428774327e-05,0.005022150930017233,0.0060740187764167786,-0.02231496386229992,0.041133858263492584,0.007243285421282053,-0.04382185637950897,-0.051175300031900406,0.19228745996952057,-0.03779914602637291,0.14014992117881775,-0.15535235404968262,0.018975427374243736,-0.023383745923638344,-0.02198093943297863,-0.03044954687356949,-0.01850799098610878,0.01569451577961445,-0.02822008542716503,-0.040594570338726044,0.03594754636287689,-0.030294349417090416,0.012710373848676682,-0.20521418750286102,0.12766508758068085,0.015603406354784966,-0.03581063449382782,-0.010066373273730278,-0.05798032879829407,-0.008268113248050213,-0.10136483609676361,0.017131775617599487,-0.07705629616975784,0.30314263701438904,-0.06596799939870834,0.04642926901578903,0.032252237200737,-0.007291601505130529,0.032796356827020645,-0.031367890536785126,-0.16821140050888062,0.2899508476257324,0.018437273800373077,-0.010765774175524712,0.011057879775762558,-0.02260899357497692,-0.07631196826696396,0.004915122874081135,-0.010490871965885162,0.12585148215293884,-0.16928869485855103,0.3092672526836395,-0.07342519611120224,0.0506003238260746,0.02644088678061962,0.04428880289196968,0.3038949966430664,0.1655837446451187,-0.1369141936302185,-0.10429207235574722,0.14424940943717957,0.1557784080505371,-0.17944112420082092,0.06373074650764465,2.431192847041075e-08,-0.024347420781850815,-0.00035857263719663024,-2.887477421609219e-06,4.270017655017e-07,-2.513252002245281e-05,-0.0006882534362375736,-0.27881288528442383,0.10725647211074829,0.027350520715117455,-0.001043994794599712,0.019215546548366547,0.036145858466625214,-0.0043753981590271,0.020968563854694366,0.051638346165418625
620,-0.0009524834458716214,-0.004149464424699545,-0.004649217240512371,-7.551720773335546e-05,0.009582800790667534,0.01909535750746727,0.020686177536845207,0.020176926627755165,0.016219381242990494,0.011045451276004314,0.0020373258739709854,-0.0023254062980413437,-0.005926365964114666,-0.010462889447808266,-0.012854092754423618,-0.014251490123569965,-0.011312196031212807,-0.0036234904546290636,0.006255251821130514,0.017234887927770615,0.031049031764268875,0.041595038026571274,0.01861250214278698,0.001494962489232421,-0.017998702824115753,-0.017028475180268288,-0.02782752551138401,-0.020054122433066368,-0.01998010091483593,-0.016657747328281403,-0.019293498247861862,-0.01477891393005848,-0.019518889486789703,-0.03194965794682503,-0.05224468186497688,-0.0899132713675499,-0.13647934794425964,-0.12965786457061768,-0.12268643081188202,-0.081866554915905,-0.07042558491230011,-0.054359231144189835,-0.027878623455762863,-0.010639523155987263,-0.015590392984449863,-0.025603273883461952,-0.04136508330702782,-0.0385788269340992,-0.03931787610054016,-0.02105592004954815,-0.020271167159080505,-0.005466694477945566,0.0010756920091807842,0.010868827812373638,0.023811226710677147,0.014429263770580292,0.024068964645266533,0.01564769819378853,0.012633179314434528,0.022725267335772514,0.010447097010910511,0.012049738317728043,0.004823998548090458,-0.006202285178005695,-0.012143030762672424,-0.02160092256963253,0.006681703496724367,-0.015761813148856163,-0.0641520544886589,-0.005902151111513376,-0.012458180077373981,-0.0403711311519146,-0.038597751408815384,-0.15360771119594574,-0.02444436214864254,-0.02700907550752163,0.03343721479177475,-0.03477754443883896,-7.794643170200288e-05,-0.009053586050868034,-0.033075813204050064,0.025333309546113014,-0.03929226100444794,-0.04610080644488335,-0.05835447832942009,-0.0007730462239123881,0.003759792074561119,-0.023910105228424072,0.023721342906355858,-0.09424283355474472,-0.009413911029696465,0.023421330377459526,0.06214373558759689,-0.0691756159067154,-0.06268251687288284,0.06182490289211273,-0.04655671864748001,0.1913384646177292,-0.0310837272554636,0.010418896563351154,-0.17899082601070404,0.08136773109436035,0.002253925893455744,-0.06760742515325546,-0.0027156630530953407,0.0438716858625412,-0.11991256475448608,-0.033438798040151596,-0.0887637808918953,0.1479341834783554,-0.13487401604652405,0.22930635511875153,-0.1334291398525238,-0.014534343034029007,0.01072960626333952,0.05035373941063881,-0.18319492042064667,0.20451414585113525,-0.24863699078559875,0.0628272220492363,0.05202427878975868,0.09299051761627197,-0.03734603524208069,-0.07330601662397385,0.0033907198812812567,-0.024325300008058548,0.17197930812835693,-0.10121669620275497,0.15493813157081604,-0.05503308027982712,0.0914999395608902,0.026718415319919586,0.0942448228597641,0.0219632089138031,0.10623688250780106,0.14108651876449585,-0.26988160610198975,0.06233241781592369,0.1506669819355011,-0.06781948357820511,0.06077708676457405,8.661511508023523e-09,-0.03285931423306465,-0.00030820563551969826,-2.562353529356187e-06,3.9872332990853465e-07,-1.8143300621886738e-05,-0.0005679278401657939,0.38318565487861633,0.0301296878606081,0.03438882157206535,0.0005316033493727446,-0.018152747303247452,0.038449469953775406,0.03494405373930931,0.0527581162750721,0.03688480332493782
621,0.0022954100277274847,0.012952172197401524,0.027409857138991356,0.03056628815829754,0.02305472455918789,0.0077515821903944016,-0.0022513382136821747,-0.006880674045532942,-0.008006095886230469,-0.009459644556045532,-0.007535348180681467,-0.006612051744014025,-0.008648727089166641,-0.011946924962103367,-0.01449630968272686,-0.017898617312312126,-0.019441286101937294,-0.017821528017520905,-0.02449834905564785,-0.029361983761191368,-0.038131650537252426,-0.049697794020175934,-0.03515338525176048,-0.03786148130893707,-0.04037347435951233,-0.022429127246141434,-0.031199520453810692,-0.021218717098236084,-0.025215905159711838,-0.029656261205673218,-0.05776510760188103,-0.05664092302322388,-0.052211277186870575,-0.05074421688914299,-0.04898736625909805,-0.050272077322006226,-0.025205019861459732,0.014349962584674358,0.02375219389796257,-0.00401388481259346,-0.031108783558011055,-0.05450252816081047,-0.05338864028453827,-0.02847428247332573,-0.005118457600474358,0.00598589051514864,-0.009958497248589993,-0.028489653021097183,-0.04942241311073303,-0.05256546288728714,-0.08517187833786011,-0.06068327650427818,-0.05305320769548416,-0.04450533166527748,-0.06228109821677208,-0.028962889686226845,-0.05464547500014305,-0.03989314287900925,-0.05219300091266632,-0.07900238037109375,-0.0239822119474411,-0.045664556324481964,-0.07565545290708542,0.005748787894845009,-0.02323702722787857,-0.05696626380085945,0.05205123499035835,-0.0065445564687252045,-0.08607688546180725,0.04000287875533104,0.01323262881487608,-0.015260749496519566,-0.040779463946819305,-0.14891117811203003,-0.013829084113240242,-0.0027526230551302433,0.05604325979948044,-0.018748223781585693,-0.0033378074876964092,0.002687441650778055,-0.03115200065076351,0.024621697142720222,-0.020992711186408997,0.007249780930578709,0.010485246777534485,-0.07530994713306427,0.019800281152129173,-0.03864852711558342,0.08686419576406479,-0.11761830002069473,0.03788440674543381,0.059575553983449936,0.15865503251552582,-0.07284121215343475,-0.09258340299129486,0.12633615732192993,-0.042328204959630966,0.3510281443595886,0.01888086274266243,0.052403900772333145,-0.27601298689842224,0.15276475250720978,0.07916711270809174,-0.10309717059135437,-0.04975159466266632,0.37596622109413147,-0.23057273030281067,0.11885777115821838,-0.17258380353450775,0.3476353585720062,-0.34145012497901917,0.1943192034959793,-0.15548193454742432,0.028619104996323586,0.06048280745744705,0.034593116492033005,-0.16077689826488495,0.19293585419654846,-0.3045962154865265,0.1027434915304184,0.030886851251125336,0.3320717513561249,-0.03330029174685478,-0.2305755466222763,-0.1358952522277832,0.06769482046365738,0.23518015444278717,-0.32675838470458984,0.4921179413795471,-0.05602747201919556,-0.08772356808185577,0.034913886338472366,0.24165529012680054,-0.3372887670993805,0.10328774899244308,0.4896409213542938,-0.451952189207077,0.19118322432041168,0.1287890523672104,-0.039995744824409485,0.08139287680387497,-9.765582262843964e-07,0.041674185544252396,-9.084856719709933e-05,3.937768269679509e-06,-2.203804569944623e-06,-2.5174971597152762e-05,-0.0007369634113274515,2.278073787689209,-0.29690635204315186,-0.03166263923048973,0.015571852214634418,-0.03011702373623848,-0.011448894627392292,0.014018893241882324,-0.05131504312157631,-0.007522073108702898
622,-0.0012493947288021445,-0.0058121937327086926,-0.01112764235585928,-0.01307481899857521,-0.01570674404501915,-0.010972677730023861,-0.0018272919114679098,0.008570091798901558,0.021094705909490585,0.03549210727214813,0.028074150905013084,0.017312632873654366,0.009492511861026287,-0.00041055958718061447,-0.00916335266083479,-0.015678443014621735,-0.018588369712233543,-0.017577290534973145,-0.025401748716831207,-0.027728473767638206,-0.03680117428302765,-0.046353187412023544,-0.03182794526219368,-0.028169622644782066,-0.020184911787509918,-0.0025621314998716116,0.011522307991981506,0.018678952008485794,0.03091713786125183,0.03695597127079964,0.050465505570173264,0.01525415014475584,-0.01692720502614975,-0.039015185087919235,-0.06207232177257538,-0.09738703817129135,-0.14464278519153595,-0.13406607508659363,-0.12962748110294342,-0.09051337838172913,-0.0941409170627594,-0.10624610632658005,-0.11395313590765,-0.11221230775117874,-0.20265419781208038,-0.12386731803417206,-0.11717820912599564,-0.0812608003616333,-0.0801924392580986,-0.053993046283721924,-0.0898599922657013,-0.05965305119752884,-0.04780946299433708,-0.04786901921033859,-0.06238346919417381,-0.027050048112869263,-0.03138471022248268,-0.009370919317007065,0.0047531104646623135,0.03012675791978836,0.01287919096648693,0.029568815603852272,0.07165753841400146,0.004151924047619104,0.057085905224084854,0.06916262954473495,-0.009895820170640945,-0.014961949549615383,-0.0846269428730011,0.004289714153856039,0.011749029159545898,-0.013624523766338825,-0.047062285244464874,-0.1654525101184845,-0.015616407617926598,-0.016256745904684067,0.03811878338456154,-0.028721455484628677,-0.012944146990776062,0.008362953551113605,-0.01045679859817028,0.02303212322294712,-0.01715780422091484,0.043970268219709396,0.04568940028548241,-0.09085004776716232,0.04104054719209671,-0.040276333689689636,0.11980677396059036,-0.13951358199119568,0.039067041128873825,0.03695442155003548,0.13359731435775757,-0.08100894093513489,-0.04182710126042366,0.023211633786559105,0.01537257805466652,-0.08810876309871674,-0.04270443692803383,-0.08265773206949234,-0.023931292816996574,0.03387722373008728,0.012079722248017788,-0.09968301653862,-0.023678746074438095,0.31495949625968933,-0.2771971523761749,0.03936329856514931,-0.06213383376598358,0.2941074073314667,-0.23585955798625946,0.27897077798843384,-0.1612706184387207,0.047000702470541,0.11483024060726166,0.15119358897209167,-0.19181334972381592,0.5602327585220337,-0.4338740408420563,0.12504738569259644,0.09162883460521698,0.25010982155799866,-0.0015209971461445093,-0.17810694873332977,-0.029125656932592392,-0.009005432948470116,0.20637373626232147,-0.22324787080287933,0.37272992730140686,-0.05503351613879204,0.08589297533035278,0.029357414692640305,-0.06399691104888916,0.4091933071613312,-0.00783479306846857,-0.055844396352767944,-0.24180419743061066,0.0891001746058464,0.21452216804027557,-0.08239073306322098,0.06267158687114716,-1.1752572248724391e-07,0.020987221971154213,-0.00022097121109254658,6.688782150376937e-07,1.4489700106423697e-07,-2.6465902919881046e-05,-0.0007783175678923726,0.9668319225311279,-0.0524153895676136,0.03520793840289116,0.004497860558331013,-0.0050759571604430676,0.02124355547130108,0.022806191816926003,0.03163003548979759,0.05825885012745857
623,-0.0013393268454819918,-0.006030074320733547,-0.010964648798108101,-0.012430461123585701,-0.015201754868030548,-0.012865394353866577,-0.008893740363419056,-0.007696046493947506,-0.007023991085588932,-0.007791176438331604,-0.0060778106562793255,-0.005703995935618877,-0.006996139883995056,-0.010430953465402126,-0.009794878773391247,-0.006243308540433645,0.0061243209056556225,0.021100709214806557,0.05005084350705147,0.07283242791891098,0.11285018920898438,0.16637782752513885,0.13278205692768097,0.13895832002162933,0.11067099869251251,0.03556619957089424,0.017648857086896896,-0.001843183534219861,-0.00334805715829134,0.005694372113794088,0.0408296100795269,0.055355243384838104,0.0408938005566597,0.017628947272896767,-0.01612686738371849,-0.06447963416576385,-0.12331636250019073,-0.13050486147403717,-0.12634921073913574,-0.08918099105358124,-0.08767982572317123,-0.07173401862382889,-0.032505784183740616,0.022051822394132614,0.16300596296787262,0.18516691029071808,0.21886654198169708,0.19304358959197998,0.17789901793003082,0.08723528683185577,0.05404303967952728,0.004053865093737841,-0.01150661613792181,-0.011950851418077946,-0.020194485783576965,-0.013918321579694748,-0.023139744997024536,-0.01843923144042492,-0.02570061944425106,-0.03414102643728256,-0.01458586286753416,-0.023575779050588608,-0.042089350521564484,-0.011152413673698902,-0.02128736861050129,-0.042160920798778534,0.04566439241170883,-0.018458204343914986,-0.11606833338737488,-0.008069830015301704,-0.03563287481665611,-0.06350814551115036,-0.06299068033695221,-0.19348590075969696,-0.030562181025743484,-0.043881479650735855,0.013120558112859726,-0.0007376531721092761,0.03076091781258583,-0.01679842174053192,-0.05367621034383774,0.05560234561562538,-0.006010771729052067,-0.0495758056640625,-0.055281925946474075,0.2349085658788681,-0.021994486451148987,0.10307145118713379,-0.07328817248344421,-0.029975982382893562,-0.0203715730458498,-0.0017584282904863358,-0.06803980469703674,0.008817494846880436,0.019606545567512512,-0.009863602928817272,-0.037296075373888016,0.09795413911342621,-0.021489756181836128,0.01274634338915348,-0.17967867851257324,0.08358888328075409,-0.008545363321900368,0.005068103317171335,-0.03288817033171654,-0.22575213015079498,0.12652532756328583,-0.21249093115329742,0.016468696296215057,-0.11948899924755096,0.19501352310180664,0.0759466141462326,-0.04573500156402588,0.02151922881603241,-0.009397388435900211,0.03286770358681679,0.01709539256989956,-0.147145077586174,0.1972389966249466,0.040256183594465256,0.06840384751558304,0.011171435005962849,-0.015656309202313423,-0.04833309352397919,0.009360388852655888,-0.028152283281087875,0.12122733891010284,-0.11911169439554214,0.18798312544822693,-0.045495275408029556,0.11441341042518616,0.02138620987534523,0.09513130784034729,0.11034797132015228,0.12816385924816132,0.07621964812278748,-0.18905536830425262,0.10511986911296844,0.13187146186828613,-0.1437288224697113,0.049240924417972565,-2.4790960395648654e-08,-0.028979739174246788,-0.0003992619749624282,-3.439818328843103e-06,5.847616648679832e-07,-2.8461105102906004e-05,-0.0007378743612207472,-0.45208728313446045,0.10719630867242813,0.027467580512166023,-0.0010540348012000322,0.0198470838367939,0.0360935740172863,0.004835435189306736,0.022128749638795853,0.0384381003677845
624,-0.0009714500629343092,-0.005668782629072666,-0.010989336296916008,-0.012014553882181644,-0.012662661261856556,-0.006094920448958874,0.0020787136163562536,0.008630141615867615,0.011253462173044682,0.010633387602865696,0.003247263841331005,-0.0013048799009993672,-0.00536216888576746,-0.010274950414896011,-0.012364366091787815,-0.011936813592910767,-0.005847687367349863,0.0032091592438519,0.013580819591879845,0.02120869979262352,0.028646772727370262,0.031985778361558914,0.010576070286333561,-0.005413794424384832,-0.022791560739278793,-0.01845777966082096,-0.029380550608038902,-0.021066078916192055,-0.022641681134700775,-0.020230891183018684,-0.023430630564689636,-0.008612137287855148,-0.0003562450874596834,-0.002111409092321992,-0.013485182076692581,-0.044439032673835754,-0.09541572630405426,-0.1145670935511589,-0.11774598807096481,-0.081413634121418,-0.07111301273107529,-0.05255701020359993,-0.025386188179254532,-0.01041719876229763,-0.018908623605966568,-0.03284843638539314,-0.05172029510140419,-0.053619202226400375,-0.06677601486444473,-0.055258672684431076,-0.08607321977615356,-0.053289804607629776,-0.04354551061987877,-0.023756319656968117,-0.006690051406621933,0.0057212295942008495,0.027574116364121437,0.019596176221966743,0.018771976232528687,0.029473410919308662,0.0022622973192483187,0.00021922815358266234,-0.01691443659365177,-0.0075431023724377155,-0.02102508395910263,-0.033171605318784714,0.027066759765148163,-0.010195297189056873,-0.07716885209083557,-0.003621229901909828,-0.008610079064965248,-0.03243367746472359,-0.03657719865441322,-0.16663528978824615,-0.03046245500445366,-0.02574436366558075,0.04769068583846092,-0.028562908992171288,0.0033811423927545547,-0.011809072457253933,-0.04269736632704735,0.03716880828142166,-0.032737694680690765,-0.049615614116191864,-0.05624495819211006,-0.019339529797434807,0.017957985401153564,-0.03795246779918671,0.06667500734329224,-0.11647233366966248,-0.0007853071438148618,0.025546854361891747,0.05806213989853859,-0.06666836887598038,-0.05223914980888367,0.0653834119439125,-0.03660113364458084,0.23677363991737366,-0.00022150605218484998,0.043925054371356964,-0.2294483780860901,0.12444494664669037,0.01648341305553913,-0.08582240343093872,0.00363518251106143,0.09811180830001831,-0.16095317900180817,-0.030453937128186226,-0.10789459198713303,0.19923484325408936,-0.20676715672016144,0.2310255467891693,-0.1463221162557602,-0.015149914659559727,0.045432526618242264,0.05873740836977959,-0.15808628499507904,0.11919698864221573,-0.19637440145015717,0.06942333281040192,0.05028395354747772,0.11185139417648315,-0.0370282381772995,-0.1008899137377739,-0.007988562807440758,-0.030996227636933327,0.17723333835601807,-0.15517406165599823,0.24687495827674866,-0.05425399914383888,0.08853577822446823,0.014412314631044865,0.15783393383026123,-0.03192438930273056,0.12247800081968307,0.18768291175365448,-0.3417125642299652,0.11449366062879562,0.15425841510295868,-0.05366932973265648,0.06763292849063873,-1.720862883303198e-07,-0.03931441903114319,-0.00014807550178375095,-1.5420633872054168e-06,-8.567336351461563e-08,5.993829745420953e-06,-0.00043530508992262185,1.2513015270233154,-0.06127446889877319,0.025944920256733894,0.0041430676355957985,-0.010146369226276875,0.03698122873902321,0.02258962206542492,0.024277346208691597,0.04434883967041969
625,0.0009531460236757994,0.004799045622348785,0.00806780718266964,0.005024642683565617,-0.0015503474278375506,-0.00694661308079958,-0.00830853171646595,-0.00922429095953703,-0.008643761277198792,-0.009619403630495071,-0.007592416368424892,-0.006584091577678919,-0.008639294654130936,-0.011977596208453178,-0.014522199518978596,-0.017974505200982094,-0.01944771781563759,-0.017954004928469658,-0.02473144605755806,-0.029364997521042824,-0.03826142102479935,-0.05003191530704498,-0.035211231559515,-0.037850815802812576,-0.040364064276218414,-0.02246428281068802,-0.031125791370868683,-0.021208418533205986,-0.025329681113362312,-0.029660701751708984,-0.057582855224609375,-0.05630507692694664,-0.051044054329395294,-0.047109127044677734,-0.039697643369436264,-0.02251512184739113,0.03339654207229614,0.08480481058359146,0.08351539075374603,0.022832795977592468,-0.02065417729318142,-0.05850077420473099,-0.07570163905620575,-0.07069740444421768,-0.1307300180196762,-0.09318819642066956,-0.09279664605855942,-0.07513625919818878,-0.07538379728794098,-0.06213504076004028,-0.09025785326957703,-0.06214381009340286,-0.0541110523045063,-0.04515639692544937,-0.06314770132303238,-0.028541557490825653,-0.0545552559196949,-0.040302131325006485,-0.05272149667143822,-0.07892446219921112,-0.023380031809210777,-0.04606865346431732,-0.07271425426006317,0.00864518154412508,-0.017391785979270935,-0.0522339902818203,0.05741898715496063,-0.004649873822927475,-0.08638090640306473,0.036201369017362595,0.012095032259821892,-0.01567372865974903,-0.03951273858547211,-0.13885651528835297,-0.011612653732299805,0.0032880341168493032,0.06918328255414963,-0.012689212337136269,-0.00012720210361294448,0.0199899785220623,-0.012560573406517506,0.03509996086359024,-0.008481581695377827,0.024653727188706398,0.02898895926773548,-0.09789833426475525,0.03025408834218979,-0.055545784533023834,0.14945536851882935,-0.12318575382232666,0.0578453429043293,0.0634475126862526,0.16017389297485352,-0.06928490847349167,-0.0967240110039711,0.1256634145975113,-0.03632691502571106,0.3530701994895935,0.013192404992878437,0.049985747784376144,-0.27474337816238403,0.14471112191677094,0.07905310392379761,-0.10184568911790848,-0.05350756272673607,0.37178054451942444,-0.23324818909168243,0.1308603435754776,-0.1763499528169632,0.3429475426673889,-0.31367993354797363,0.21875348687171936,-0.1542745977640152,0.033022843301296234,0.02223166823387146,-0.010143429972231388,-0.16612806916236877,0.17764440178871155,-0.3033299148082733,0.10311964899301529,0.02453475631773472,0.3070106506347656,-0.04334977641701698,-0.2118562012910843,-0.13003365695476532,0.07844609767198563,0.25033581256866455,-0.3239136338233948,0.523716926574707,-0.04186317324638367,-0.146174356341362,0.039326105266809464,0.21941044926643372,-0.3103267252445221,0.10353238135576248,0.4934990406036377,-0.44926464557647705,0.1883922815322876,0.14381326735019684,-0.03854508325457573,0.0904848575592041,-8.813420890874113e-07,0.04475686699151993,0.0003959597961511463,6.413694791262969e-06,-1.991110593735357e-06,-2.5134653697023168e-05,0.0003287245344836265,2.1778573989868164,-0.36685416102409363,-0.03774990886449814,0.012542643584311008,-0.030986545607447624,-0.025501366704702377,0.013511576689779758,-0.05133631452918053,-0.041178856045007706
626,-0.000824608956463635,-0.002087398199364543,-0.0003792024217545986,0.004800921306014061,0.00993091519922018,0.008488759398460388,0.002697244519367814,-0.0024190102703869343,-0.005709775723516941,-0.008496521972119808,-0.007327996660023928,-0.006539341993629932,-0.00843847170472145,-0.011755595915019512,-0.01423367578536272,-0.01744026504456997,-0.01900404319167137,-0.017396364361047745,-0.024134034290909767,-0.028914067894220352,-0.037269286811351776,-0.04915308207273483,-0.034635093063116074,-0.03666631504893303,-0.03866691142320633,-0.02017885074019432,-0.023718174546957016,-0.011651229113340378,-0.006662166211754084,-0.003855215385556221,-0.008926411159336567,-0.01961483247578144,-0.02506435103714466,-0.02759125642478466,-0.03251529112458229,-0.05446549504995346,-0.08814957737922668,-0.09854821115732193,-0.09254279732704163,-0.06222303584218025,-0.062070395797491074,-0.07520924508571625,-0.08934438973665237,-0.09363879263401031,-0.1843169927597046,-0.11506073921918869,-0.09099235385656357,-0.05425332486629486,-0.04317278042435646,-0.03293571621179581,-0.060187242925167084,-0.05052492395043373,-0.045688387006521225,-0.041842974722385406,-0.05923604220151901,-0.028524823486804962,-0.05328420177102089,-0.040465421974658966,-0.05262891948223114,-0.0768478587269783,-0.02563643828034401,-0.040541019290685654,-0.06397820264101028,0.0011558993719518185,-0.024907492101192474,-0.047517530620098114,0.034679461270570755,-0.008058194071054459,-0.08327360451221466,0.008570882491767406,0.0058225346729159355,-0.011211266741156578,-0.026601269841194153,-0.13873863220214844,-0.013641389086842537,-0.00880690198391676,0.04866275191307068,-0.023521333932876587,-0.008361583575606346,-0.008605304174125195,-0.034849025309085846,0.03530516475439072,-0.022069063037633896,0.010767440311610699,0.023494679480791092,-0.100820392370224,0.041644204407930374,-0.06111280247569084,0.1456402689218521,-0.1295507550239563,0.031056644394993782,0.049516331404447556,0.15636399388313293,-0.07426539063453674,-0.08057373762130737,0.11273851245641708,-0.058287207037210464,0.3041166067123413,0.015786631032824516,0.03900246322154999,-0.24694916605949402,0.13719739019870758,0.06177305430173874,-0.11090411990880966,-0.026026759296655655,0.28154751658439636,-0.19632047414779663,0.07956690341234207,-0.11799447983503342,0.29148903489112854,-0.24153055250644684,0.23046335577964783,-0.19072189927101135,-0.03002278506755829,0.08298775553703308,0.11425496637821198,-0.22280851006507874,0.4474449157714844,-0.4350675046443939,0.07928477972745895,0.013276045210659504,0.29721346497535706,-0.03512203320860863,-0.191151961684227,-0.10876597464084625,0.05259699001908302,0.19897089898586273,-0.35005879402160645,0.5730819702148438,-0.06992854177951813,-0.14931227266788483,0.024981684982776642,0.23206448554992676,-0.3403298854827881,0.1167077124118805,0.3703216314315796,-0.4195981025695801,0.18866588175296783,0.181858628988266,-0.06172799691557884,0.06185292825102806,-5.307214223648771e-07,0.008766112849116325,-4.3527008529054e-05,4.797994961336371e-07,-7.002319080129382e-07,-7.336045200645458e-06,-3.7400855944724753e-05,2.483914375305176,-0.3304166793823242,-0.023609096184372902,0.014036453329026699,-0.023632287979125977,0.03856002166867256,-0.020732486620545387,-0.05504823476076126,-0.0001451192219974473
627,0.006551271304488182,0.034832146018743515,0.06590995192527771,0.07237951457500458,0.05731268227100372,0.02550494484603405,0.003917153459042311,-0.004790205508470535,-0.007387446705251932,-0.00929221510887146,-0.007602395955473185,-0.006582400295883417,-0.00849937740713358,-0.011961480602622032,-0.013848432339727879,-0.017578627914190292,-0.01942349225282669,-0.016915757209062576,-0.02387337014079094,-0.028502466157078743,-0.03783831745386124,-0.04764653742313385,-0.03502374887466431,-0.038258858025074005,-0.04016157239675522,-0.02277982607483864,-0.03142894431948662,-0.022162405773997307,-0.02606842666864395,-0.0308656245470047,-0.058762326836586,-0.05747203901410103,-0.05312703549861908,-0.05423193797469139,-0.05963565781712532,-0.08170624077320099,-0.09976540505886078,-0.08839786797761917,-0.08560898154973984,-0.06398454308509827,-0.04665524512529373,0.006630543153733015,0.12199515104293823,0.20721864700317383,0.5049487352371216,0.3055914640426636,0.18834716081619263,0.05344948172569275,-0.014651802368462086,-0.04305051639676094,-0.08218208700418472,-0.05776209011673927,-0.05381167680025101,-0.043111834675073624,-0.06309159100055695,-0.031906187534332275,-0.056297577917575836,-0.03787977248430252,-0.045924101024866104,-0.0712137371301651,-0.017594972625374794,-0.042153250426054,-0.08221003413200378,0.004050425253808498,-0.03093339130282402,-0.0580718070268631,0.051246628165245056,-0.0036078733392059803,-0.09209918230772018,0.030704554170370102,0.005574275739490986,-0.02655940316617489,-0.037439603358507156,-0.13671480119228363,-0.005439032334834337,-0.0020587670151144266,0.04970235005021095,-0.03310143202543259,-0.007040900643914938,0.01577654853463173,-0.013829960487782955,0.023045862093567848,-0.02476694993674755,-0.030985813587903976,-0.09637477248907089,0.10005814582109451,-0.09033869206905365,-0.0028460484463721514,-0.173875629901886,-0.10838959366083145,0.01138754840940237,0.05400390177965164,0.14234212040901184,-0.1023874431848526,-0.11204732954502106,0.1148102730512619,-0.06397699564695358,0.33887991309165955,0.017297474667429924,0.06340160965919495,-0.25523197650909424,0.17450620234012604,0.08189453929662704,-0.08193670958280563,-0.03789364546537399,0.40456533432006836,-0.24471358954906464,0.08108948916196823,-0.12308492511510849,0.3963015675544739,-0.36374643445014954,0.19618254899978638,-0.135829359292984,0.01660780981183052,0.07575327903032303,0.04120421037077904,-0.15100505948066711,0.21336038410663605,-0.31414198875427246,0.12619465589523315,0.043645258992910385,0.3636724054813385,0.04053441062569618,-0.3868900537490845,-0.13975952565670013,0.08446822315454483,0.16887222230434418,-0.08143267780542374,0.07971616834402084,-0.07484828680753708,0.11015011370182037,-0.01046494860202074,0.2492506355047226,-0.31576403975486755,0.0875135064125061,0.41471409797668457,-0.406791090965271,0.19062025845050812,0.1397138386964798,0.0224256943911314,0.08573399484157562,-6.126055041022482e-07,0.04149008169770241,4.660671402234584e-05,4.689998149842722e-06,-1.4287682006397517e-06,-2.5840654416242614e-05,0.00014146469766274095,1.4609055519104004,-0.12964263558387756,-0.005748401395976543,0.014369644224643707,-0.029933569952845573,-0.015108714811503887,0.018868764862418175,-0.020196465775370598,0.030836666002869606
628,-0.0008547072648070753,-0.0049410187639296055,-0.010178540833294392,-0.011496387422084808,-0.01491379365324974,-0.012341774068772793,-0.009363644756376743,-0.008172868750989437,-0.007304202765226364,-0.008349018171429634,-0.006175478454679251,-0.005585164297372103,-0.006788500584661961,-0.008752877824008465,-0.004889807663857937,0.00895964540541172,0.03338947519659996,0.05521170422434807,0.09126050770282745,0.11657457798719406,0.1542021781206131,0.16369305551052094,0.08131355047225952,0.06147480383515358,0.03189673647284508,0.004692020360380411,-0.00670425221323967,-0.011226287111639977,-0.01906140148639679,-0.024506622925400734,-0.051669370383024216,-0.05288176238536835,-0.05162886530160904,-0.05441409349441528,-0.0631931722164154,-0.10046042501926422,-0.1384865641593933,-0.13227467238903046,-0.12627151608467102,-0.09527280181646347,-0.10095879435539246,-0.10704360902309418,-0.10347985476255417,-0.09250542521476746,-0.13195715844631195,-0.037287160754203796,0.03659723699092865,0.09559062868356705,0.1675722897052765,0.16788935661315918,0.22515107691287994,0.1366451233625412,0.09418930858373642,0.06451583653688431,0.06516264379024506,0.00939532183110714,-0.0071550034917891026,-0.02042669802904129,-0.04145866632461548,-0.05933765321969986,-0.015166069380939007,-0.04437314718961716,-0.060542382299900055,0.0018052594969049096,-0.011886385269463062,-0.030829304829239845,0.06940958648920059,0.0017792839789763093,-0.06298302859067917,0.023825550451874733,0.0009966351790353656,-0.0057699428871273994,-0.0383528396487236,-0.10529277473688126,-0.003452348755672574,-0.013668588362634182,-0.10291929543018341,0.059198830276727676,0.055410150438547134,-0.07382737845182419,-0.12639811635017395,0.11336037516593933,-0.016539694741368294,-0.16092583537101746,-0.14560431241989136,0.06988713145256042,-0.03361404687166214,-0.01715700328350067,0.0777374729514122,-0.08098365366458893,0.025875700637698174,0.04681128263473511,0.144566610455513,-0.07731720060110092,-0.04759804904460907,0.15332916378974915,-0.028896573930978775,0.32050320506095886,0.0783149003982544,0.03598526492714882,-0.23256921768188477,0.1383880227804184,0.11185526847839355,-0.10888136923313141,0.009470568969845772,0.04411635920405388,-0.0301545187830925,-0.150190532207489,0.035601165145635605,-0.020740320906043053,0.18982034921646118,-0.039802029728889465,-0.06751161068677902,0.1338265836238861,-0.30366894602775574,-0.11338378489017487,0.04055441915988922,0.0524895004928112,-0.2082107663154602,0.06909875571727753,-0.049113985151052475,0.28330540657043457,-0.0857253223657608,-0.14688612520694733,-0.10676947981119156,0.04756901040673256,0.23157146573066711,-0.33169153332710266,0.4987863004207611,-0.06566303968429565,-0.11154468357563019,-0.04213111847639084,0.18215560913085938,0.06888726353645325,0.11710404604673386,-0.3535865545272827,0.24233801662921906,-0.440192312002182,0.2025330811738968,0.015837447717785835,0.013156910426914692,-1.1242980946235548e-07,-0.0016995894256979227,-0.0002124625607393682,2.3075278932083165e-07,1.697807672229601e-09,-1.3024193322053179e-05,-0.0006638606428168714,0.8042383193969727,0.05248044431209564,0.031270723789930344,0.00297347828745842,0.01782039739191532,0.03546229004859924,0.002914984244853258,0.06600955128669739,0.06849882751703262
629,0.0010008827084675431,0.004898060113191605,0.008142529986798763,0.005055826622992754,-0.0015984642086550593,-0.007009027060121298,-0.008367842994630337,-0.009228579699993134,-0.008685129694640636,-0.009653796441853046,-0.007595495320856571,-0.006619627121835947,-0.008680354803800583,-0.012025294825434685,-0.01456163264811039,-0.017986999824643135,-0.019541380926966667,-0.01802779734134674,-0.024981511756777763,-0.02948918379843235,-0.0385495088994503,-0.050244271755218506,-0.03539569675922394,-0.038016676902770996,-0.04053034633398056,-0.022631097584962845,-0.03132190555334091,-0.021355988457798958,-0.0254819393157959,-0.02994774468243122,-0.0579085610806942,-0.056645698845386505,-0.05133569985628128,-0.047234371304512024,-0.03917225822806358,-0.020163102075457573,0.038227494806051254,0.08861985057592392,0.08453189581632614,0.021624606102705002,-0.023123830556869507,-0.06110311672091484,-0.07785357534885406,-0.07205545157194138,-0.13156352937221527,-0.09414118528366089,-0.0938120186328888,-0.07585514336824417,-0.07664982974529266,-0.06267138570547104,-0.09096124768257141,-0.06303807348012924,-0.05488809943199158,-0.04629547894001007,-0.06384549289941788,-0.029455101117491722,-0.05558446794748306,-0.04153861850500107,-0.05342911183834076,-0.08037979155778885,-0.025242069736123085,-0.04767696186900139,-0.07504385709762573,0.00604082690551877,-0.020484978333115578,-0.055293042212724686,0.053775206208229065,-0.0075295111164450645,-0.09025713056325912,0.03461096063256264,0.009010964073240757,-0.017212124541401863,-0.03999948129057884,-0.13858561217784882,-0.012806513346731663,0.0008616982959210873,0.06609346717596054,-0.01685175485908985,-0.0018653636798262596,0.016044020652770996,-0.013149221427738667,0.03467825800180435,-0.008568096905946732,0.025116579607129097,0.029752613976597786,-0.10267189890146255,0.028838537633419037,-0.056071288883686066,0.14730487763881683,-0.12385189533233643,0.05652141943573952,0.06454919278621674,0.1629583239555359,-0.06993204355239868,-0.09656799584627151,0.12472402304410934,-0.03788694739341736,0.35053902864456177,0.009790445677936077,0.048697374761104584,-0.27324268221855164,0.14273731410503387,0.07741539180278778,-0.10411655902862549,-0.054606132209300995,0.37629422545433044,-0.23502300679683685,0.1270449161529541,-0.1771557629108429,0.34444060921669006,-0.3091883659362793,0.22110939025878906,-0.1485423892736435,0.028585011139512062,0.015705762431025505,-0.010873918421566486,-0.1590942144393921,0.19174325466156006,-0.31182873249053955,0.10014230757951736,0.030016299337148666,0.3077467381954193,-0.04729154333472252,-0.21695244312286377,-0.13503876328468323,0.07559779286384583,0.2471998631954193,-0.3350257873535156,0.5204869508743286,-0.045614030212163925,-0.14340299367904663,0.04232734441757202,0.23351235687732697,-0.31484106183052063,0.09739269316196442,0.4889775216579437,-0.44321584701538086,0.18588311970233917,0.15009185671806335,-0.04365255683660507,0.08741942048072815,-9.412640906703018e-07,0.04549109935760498,0.0002955949166789651,6.2909475673222914e-06,-2.227940285592922e-06,-2.953459079435561e-05,0.0003758918901439756,2.3059232234954834,-0.3189939856529236,-0.028568681329488754,0.00876195915043354,-0.03105826862156391,-0.023101039230823517,0.01350843533873558,-0.05135470628738403,-0.04178343713283539
630,0.0024346124846488237,0.01351488009095192,0.027782049030065536,0.0298277847468853,0.021341199055314064,0.006173162721097469,-0.003123462200164795,-0.007300026714801788,-0.008153704926371574,-0.00951691810041666,-0.007542849518358707,-0.006598318926990032,-0.008651599287986755,-0.01194368302822113,-0.014482425525784492,-0.01791680045425892,-0.0194215327501297,-0.01778489537537098,-0.02436901070177555,-0.029266105964779854,-0.038027796894311905,-0.04952649027109146,-0.03508131578564644,-0.0378735177218914,-0.04028482735157013,-0.022391144186258316,-0.031098810955882072,-0.021127425134181976,-0.02513536810874939,-0.02958768978714943,-0.05763968452811241,-0.05658029019832611,-0.052270494401454926,-0.05068151280283928,-0.04827677085995674,-0.046577926725149155,-0.015762828290462494,0.024629678577184677,0.028542572632431984,-0.005826071370393038,-0.03610038012266159,-0.05888831615447998,-0.054967429488897324,-0.027487609535455704,-0.002356526907533407,0.006042539607733488,-0.011716770939528942,-0.030407290905714035,-0.050946298986673355,-0.05327081307768822,-0.08534426987171173,-0.060604486614465714,-0.05283054709434509,-0.044473934918642044,-0.06239285692572594,-0.028393050655722618,-0.053912486881017685,-0.03915693238377571,-0.05133838579058647,-0.07800564169883728,-0.022742539644241333,-0.045519355684518814,-0.07527868449687958,0.006538089830428362,-0.021954288706183434,-0.05528494343161583,0.05342365428805351,-0.005501995794475079,-0.08436734974384308,0.04162305220961571,0.015106821432709694,-0.012819589115679264,-0.04321888089179993,-0.1621088981628418,-0.01363430917263031,-0.0017526092706248164,0.020784780383110046,-0.021129615604877472,-0.009670129977166653,0.0002939697587862611,-0.021501574665308,0.029129402711987495,-0.0124980378895998,0.015742093324661255,0.014585780911147594,-0.07594665884971619,0.019349107518792152,-0.037555139511823654,0.08915437012910843,-0.1167563945055008,0.04129239171743393,0.05942685902118683,0.157819926738739,-0.07176699489355087,-0.08976861834526062,0.12697570025920868,-0.04047783091664314,0.3510562479496002,0.021454595029354095,0.05366286635398865,-0.2755543291568756,0.15206490457057953,0.08175686746835709,-0.10150885581970215,-0.05413886532187462,0.3720090985298157,-0.2328353375196457,0.11664837598800659,-0.16656015813350677,0.34458404779434204,-0.34194499254226685,0.19338244199752808,-0.14815422892570496,0.030501242727041245,0.046858690679073334,0.015969185158610344,-0.15862628817558289,0.2075234204530716,-0.31704941391944885,0.1010814905166626,0.031041713431477547,0.32775744795799255,-0.028986943885684013,-0.22770720720291138,-0.1382158249616623,0.07041770219802856,0.23614229261875153,-0.3274379074573517,0.48699304461479187,-0.05865086242556572,-0.08803105354309082,0.029739223420619965,0.23423463106155396,-0.3352417051792145,0.10258181393146515,0.4983218312263489,-0.4487513601779938,0.1924605369567871,0.12671786546707153,-0.037675824016332626,0.07924734801054001,-9.64179889706429e-07,0.04454362392425537,8.309364056913182e-05,5.29957787875901e-06,-2.2105841708253138e-06,-2.922746352851391e-05,-0.00020512347691692412,2.1328282356262207,-0.2959725260734558,-0.033500492572784424,0.015194909647107124,-0.03003229945898056,-0.012539248913526535,0.01411256194114685,-0.051144614815711975,-0.02180289477109909
631,0.0013838382437825203,0.003008312312886119,0.0012112570693716407,-0.001955562736839056,-0.004974170587956905,-0.005313002038747072,-0.004664222244173288,-0.003541389713063836,-0.0025903189089149237,0.00015722884563729167,0.005953007843345404,0.016524823382496834,0.03442807123064995,0.06177913397550583,0.07174326479434967,0.06062662601470947,0.04172733426094055,0.01697203703224659,0.015659326687455177,0.015995273366570473,0.02025820128619671,0.021261360496282578,0.005241012666374445,-0.005825086031109095,-0.015113064087927341,-0.01078892219811678,-0.01451076939702034,-0.009394158609211445,-0.00800879206508398,-0.005483570042997599,-0.005452398676425219,-0.0073700291104614735,-0.013331585563719273,-0.020875807851552963,-0.023012008517980576,-0.0070831384509801865,0.0794876217842102,0.2045779526233673,0.35611581802368164,0.3576791286468506,0.3097008764743805,0.2531037926673889,0.15932589769363403,0.08046586066484451,0.10892699658870697,0.08584848791360855,0.09018734842538834,0.0693058893084526,0.05579821392893791,0.022961877286434174,0.034841734915971756,0.03179110959172249,0.05609539896249771,0.06802530586719513,0.09137611091136932,0.052252162247896194,0.05598006024956703,0.028087304905056953,0.03695578873157501,0.056226667016744614,0.02654472552239895,0.037024080753326416,0.06621522456407547,0.011369576677680016,0.07043739408254623,0.18733184039592743,-0.08726585656404495,0.012860912829637527,0.16342303156852722,-0.017000414431095123,0.05074908211827278,0.07793603837490082,0.028157833963632584,0.0836704894900322,0.006702140439301729,-0.005655747372657061,0.009652952663600445,-0.04236005246639252,-0.024669265374541283,0.004929653834551573,0.007802422624081373,-0.005860276520252228,-0.007834522053599358,-0.024926768615841866,-0.022042203694581985,0.03915895149111748,-0.0204568300396204,-0.012564296834170818,-0.003108011791482568,0.00934181921184063,-0.00599666079506278,-0.10919708013534546,-0.7419964075088501,0.31263548135757446,0.3179158568382263,-0.2231576144695282,-0.0739477351307869,-0.5043578147888184,0.0749717652797699,0.01993238553404808,0.7918971180915833,-0.34256118535995483,0.04587896913290024,0.18807221949100494,-0.1327497363090515,-0.5347065925598145,0.41795963048934937,-0.08737821131944656,0.217952162027359,-0.18988767266273499,0.2293832004070282,-0.2114090919494629,0.12640057504177094,0.0008072584168985486,-0.14838549494743347,-0.14080031216144562,0.8717833161354065,-1.3551952838897705,1.8456807136535645,-0.5182005167007446,-0.583501398563385,-0.6481214761734009,0.06255944818258286,1.0186163187026978,-0.07926110178232193,0.07779891043901443,-0.5435523390769958,0.4839698076248169,-0.5315746068954468,0.11891411989927292,0.2038632184267044,0.0484420582652092,-0.03152065351605415,-0.07978938519954681,0.11556348204612732,0.09643083065748215,0.1903836876153946,0.07823991030454636,-0.19645820558071136,0.1639937460422516,-0.42391136288642883,1.4349899402077426e-07,-0.013924147002398968,-0.00018997379811480641,-2.1497546640603105e-06,5.05074297052488e-07,-1.738962237141095e-05,-0.00038119411328807473,-3.4370195865631104,0.2265675812959671,0.03462065011262894,-0.004180886782705784,-0.01597335934638977,0.020776309072971344,0.028524169698357582,0.04339887201786041,0.03002193011343479
632,-0.0007327004568651319,-0.0031278145033866167,-0.005666504614055157,-0.005952324252575636,-0.007126653101295233,-0.005463485140353441,-0.0033505649771541357,0.0007060571806505322,0.009326042607426643,0.025137580931186676,0.033619556576013565,0.03584872558712959,0.04243229329586029,0.0481828972697258,0.026327434927225113,0.00976264663040638,-0.0005900386022403836,-0.0030371302273124456,-0.0026940603274852037,-0.0008902743575163186,0.00048451515613123775,-0.0018227348336949944,-0.005951407365500927,-0.010929693467915058,-0.013590818271040916,-0.00585494190454483,-0.003930165432393551,0.00011403697135392576,0.0015910842921584845,0.0007446375675499439,-0.0016601760871708393,-0.004286651033908129,-0.007591526955366135,-0.015023755840957165,-0.023682503029704094,-0.036112867295742035,-0.020345287397503853,0.0636315867304802,0.20251882076263428,0.3437247574329376,0.4634396433830261,0.5272229313850403,0.42196333408355713,0.2419058084487915,0.2096272110939026,0.0241090077906847,-0.02992803230881691,-0.0423058420419693,-0.04127233475446701,-0.02995598502457142,-0.0413501150906086,-0.02074524015188217,-0.017470866441726685,-0.01029382087290287,-0.0064408727921545506,0.004389526788145304,0.02579648792743683,0.02599208615720272,0.03959880396723747,0.05974271893501282,0.045392949134111404,0.06436477601528168,0.1285962015390396,-0.02449890226125717,0.04127306863665581,0.1042727679014206,-0.12629935145378113,0.009718428365886211,0.06479763239622116,-0.0006084644119255245,0.005439438857138157,0.003101973794400692,0.003957746550440788,0.02656593546271324,0.0045425002463161945,-0.000869136129040271,0.01705853082239628,-0.08947127312421799,-0.06915578991174698,0.023593271151185036,-0.012784658931195736,-0.10786869376897812,0.00541259627789259,-0.02112024836242199,-0.01586705818772316,0.01804426684975624,-0.032957859337329865,0.03681163117289543,-0.07919064164161682,0.08878959715366364,0.12021759897470474,-0.6031609773635864,-0.8130732178688049,0.2912197709083557,0.3434394896030426,-0.2134610116481781,-0.04915012791752815,-0.16130760312080383,-0.07142766565084457,-0.06478903442621231,0.2729317545890808,-0.22786405682563782,-0.04711523652076721,0.08267121762037277,-0.08943679183721542,-0.14780330657958984,0.09456649422645569,-0.3015649914741516,0.2745688855648041,-0.31038859486579895,0.3186875879764557,-0.30114850401878357,0.21813903748989105,0.042912211269140244,-0.34378278255462646,-0.2559793293476105,0.5074002146720886,-1.5317881107330322,1.3307069540023804,-0.16757147014141083,0.2334190011024475,-1.6956373453140259,0.4717198312282562,1.9138773679733276,0.006858439184725285,0.061522237956523895,-0.08028516173362732,-0.03048524260520935,0.35033708810806274,-0.32549333572387695,-0.5105378031730652,-0.20786923170089722,0.806738555431366,-0.26511675119400024,0.055971186608076096,0.029330981895327568,0.579980731010437,-0.19261865317821503,-0.5866398215293884,-0.8179745078086853,-0.01944110542535782,1.7328221701973234e-07,-0.017187437042593956,-8.337296458194032e-05,-1.790994247130584e-06,3.43567393201738e-07,-4.56981342722429e-06,-0.00020314956782385707,-1.078401803970337,0.21726906299591064,0.03360072150826454,-0.0043149180710315704,0.0002837168285623193,0.019737564027309418,0.02303173579275608,0.04374423250555992,0.02396402508020401
633,-0.0007943399832583964,-0.0036419618409126997,-0.0035880401264876127,0.0014875932829454541,0.012806725688278675,0.02177317626774311,0.021943317726254463,0.018956325948238373,0.012302602641284466,0.007645049132406712,0.002691649366170168,0.0032432712614536285,0.007081596180796623,0.01242980919778347,0.013175467029213905,0.006472643930464983,-0.0015992358094081283,-0.0030608016531914473,0.0013736620312556624,0.011074461042881012,0.026947425678372383,0.05013791099190712,0.03662313148379326,0.03515433520078659,0.029981063678860664,0.013347357511520386,0.01680186577141285,0.011852143332362175,0.012872101739048958,0.01260610856115818,0.02377890609204769,0.02178250253200531,0.01588151417672634,0.00860537774860859,-0.0005913815693929791,-0.01424373034387827,-0.018490495160222054,-0.007879198528826237,0.0014904323033988476,0.0007808395312167704,-0.0017315432196483016,-0.004565460607409477,-0.0038549171295017004,-0.006292568054050207,-0.01840537041425705,-0.015632949769496918,-0.00516532501205802,0.019696421921253204,0.059105291962623596,0.07421854883432388,0.1723225712776184,0.13759547472000122,0.15542133152484894,0.12619635462760925,0.14176134765148163,0.0494583398103714,0.03758469596505165,0.016507316380739212,0.017192397266626358,0.027099983766674995,0.011144623160362244,0.01643272489309311,0.015790054574608803,-0.0030314887408167124,0.002457073424011469,-0.0001693603117018938,-0.02290029078722,-0.0186940748244524,0.006003177259117365,-0.01315980963408947,0.00022044953948352486,0.0024945831391960382,0.009150695987045765,0.03787854313850403,0.02852090448141098,0.02526930905878544,-0.04870779067277908,0.0895434319972992,0.0909884050488472,0.0012704073451459408,-0.027958691120147705,0.06698742508888245,-0.024905111640691757,-0.06406741589307785,-0.08632605522871017,0.10015205293893814,-0.03989970311522484,0.024599095806479454,-0.06610068678855896,0.010939047671854496,-0.019596485421061516,0.004023776855319738,-0.08985673636198044,0.03847337141633034,0.05136042833328247,-0.10946077853441238,-0.01120089553296566,-0.28385066986083984,-0.08490818738937378,-0.12393348664045334,0.16805914044380188,-0.15682965517044067,-0.12126664072275162,0.031866006553173065,-0.055980704724788666,-0.22688639163970947,0.1315632462501526,-0.0856393426656723,-0.07296180725097656,-0.02829798497259617,0.08975262194871902,0.01525975950062275,0.007176690269261599,0.018719879910349846,-0.05410131439566612,-0.12424453347921371,0.17213058471679688,-0.45880937576293945,0.38796234130859375,-0.08194546401500702,-0.04691328853368759,-0.4133825898170471,0.06126496568322182,0.22300158441066742,0.3158598840236664,0.07998621463775635,0.007526910398155451,0.3413006067276001,-0.5290462970733643,-0.019467433914542198,0.13717342913150787,0.03579576686024666,-0.08286590874195099,0.6867600083351135,-0.0031841564923524857,-0.6462721228599548,0.6890978217124939,-0.44098401069641113,0.026180190965533257,0.10326098650693893,-0.042747270315885544,1.7948997310668346e-07,-0.04521480202674866,-0.00035285932244732976,-3.670391151899821e-06,9.500884061708348e-07,-2.6483739929972216e-05,-0.000659771787468344,-1.7147345542907715,0.2077838033437729,0.04802751541137695,-0.003502774750813842,-0.01769470050930977,0.03634345531463623,0.03965885192155838,0.06015300005674362,0.04613965004682541
634,-0.0010506367543712258,-0.005662185605615377,-0.011520941741764545,-0.013949796557426453,-0.01749267987906933,-0.014362242072820663,-0.00948808342218399,-0.005825272761285305,0.001189523027278483,0.013007162138819695,0.019318675622344017,0.022391533479094505,0.02740839123725891,0.025012211874127388,0.011856446973979473,-0.0038716497365385294,-0.014375975355505943,-0.01687588170170784,-0.024592775851488113,-0.028704479336738586,-0.03765963017940521,-0.04925491288304329,-0.03454677760601044,-0.036544010043144226,-0.03680231794714928,-0.017726512625813484,-0.017617570236325264,-0.006696450524032116,-0.0018597826128825545,-0.0035980495158582926,-0.019481288269162178,-0.03595426678657532,-0.04333814978599548,-0.04455794394016266,-0.04570424556732178,-0.04935852065682411,-0.040330249816179276,-0.026952248066663742,-0.03607621043920517,-0.0486416332423687,-0.07408469915390015,-0.09969106316566467,-0.11106036603450775,-0.11207330226898193,-0.2049819976091385,-0.12950441241264343,-0.11662541329860687,-0.08443916589021683,-0.08000773191452026,-0.05802790820598602,-0.07028388231992722,-0.02910502254962921,-0.0014845507685095072,0.02382759377360344,0.04931742325425148,0.012231665663421154,0.005760028026998043,-0.01610015518963337,-0.029258696362376213,-0.03877396509051323,-0.006594232749193907,0.0056479983031749725,0.032712630927562714,-0.02326636016368866,-0.017090173438191414,-0.02017010562121868,0.03518179431557655,-0.009670089930295944,-0.09810687601566315,0.01297946460545063,0.010036244988441467,-0.015224275179207325,-0.04413080960512161,-0.17546510696411133,-0.02951328456401825,-0.010968681424856186,0.05327353626489639,-0.028347617015242577,-0.004695449024438858,-0.017380617558956146,-0.057569146156311035,0.04011230915784836,-0.02663443051278591,-0.005119862034916878,0.011155451647937298,-0.07980072498321533,0.02750278450548649,-0.026349863037467003,0.015824824571609497,-0.09992233663797379,0.0017333348514512181,0.030220186337828636,0.14500455558300018,-0.06742575764656067,-0.0787946805357933,0.11020264029502869,-0.0565154030919075,0.31066131591796875,0.015474856831133366,0.04181389883160591,-0.25497251749038696,0.1417320817708969,0.06731615960597992,-0.0901910662651062,0.003789502428844571,0.05306101590394974,-0.17394879460334778,-0.00928872637450695,-0.11745891720056534,0.29387161135673523,-0.2925529181957245,0.23004308342933655,-0.12575052678585052,0.005222515668720007,-0.017345326021313667,-0.013029633089900017,-0.14788205921649933,0.25673407316207886,-0.3589822053909302,0.08905883878469467,0.05051879584789276,0.2531401813030243,-0.06334639340639114,-0.17162764072418213,-0.10434957593679428,-0.008754277601838112,0.24453754723072052,-0.3088724911212921,0.4653335511684418,-0.0747348740696907,0.04625474289059639,-0.040192149579524994,0.11393993347883224,-0.08812189847230911,0.10261286050081253,0.3663821220397949,-0.4737771153450012,0.2190423309803009,0.15140308439731598,-0.10200665146112442,0.07720550894737244,1.0408238040326978e-06,-0.019555028527975082,0.0011259950697422028,-7.728736051149099e-08,-8.693963593486842e-08,0.00014144495071377605,0.0029726068023592234,1.6914615631103516,-0.17829084396362305,-0.0014531599590554833,0.00781293585896492,0.0005383748793974519,-0.003333271946758032,0.009035480208694935,-0.0073203444480896,0.05295281484723091
635,0.001453471020795405,0.00849606841802597,0.020285526290535927,0.026899851858615875,0.02671944908797741,0.015161093324422836,0.003980107605457306,0.0013204616261646152,0.005560494959354401,0.016341976821422577,0.023385925218462944,0.02238619141280651,0.0229338388890028,0.01898859813809395,0.008066033013164997,0.00045155297266319394,0.0008687609806656837,0.0053048571571707726,0.013606916181743145,0.02106604538857937,0.02493857592344284,0.01829511858522892,-0.0016964944079518318,-0.016925636678934097,-0.02488304115831852,-0.011160379275679588,-0.000612590229138732,0.013591605238616467,0.03467699512839317,0.04729349538683891,0.06455613672733307,0.02248600497841835,-0.009746473282575607,-0.023344561457633972,-0.023269832134246826,-0.011361848562955856,0.01492214109748602,0.01840231940150261,-0.006664991844445467,-0.03531145676970482,-0.056085407733917236,-0.0671074241399765,-0.0530923530459404,-0.003484928049147129,0.11945206671953201,0.14809782803058624,0.1944340318441391,0.12452367693185806,0.07195886969566345,0.025633230805397034,0.03192859888076782,0.05516242980957031,0.08765151351690292,0.12347077578306198,0.19754691421985626,0.07105593383312225,0.08368031680583954,0.009188358671963215,-0.003009956795722246,0.004415622912347317,-0.016566472128033638,0.028718017041683197,0.09952258318662643,-0.03577089309692383,0.013726248405873775,0.008117887191474438,0.022404221817851067,0.0055990032851696014,-0.041791848838329315,-0.020071966573596,-0.015516222454607487,-0.0029923964757472277,0.03905383497476578,0.08681837469339371,0.0108201177790761,0.0002355085889576003,-0.028058281168341637,-0.010550540871918201,0.0699939876794815,-0.21596965193748474,-0.20917180180549622,-0.01775841973721981,-0.07787986844778061,-0.09122747927904129,-0.04661750793457031,0.003621733747422695,-0.08700528740882874,0.03402739763259888,-0.3763718605041504,0.11334330588579178,-0.11637460440397263,-0.05375851318240166,-0.03377113491296768,-0.03307307884097099,0.03651580214500427,-0.22574301064014435,0.2309817224740982,-0.9486550688743591,-0.3104167878627777,0.0076590594835579395,0.03351888805627823,0.08816245943307877,0.016594231128692627,-0.08087117969989777,-0.007205321453511715,0.31242433190345764,-0.19897519052028656,0.10821288079023361,-0.06711704283952713,0.4094148278236389,-0.42617499828338623,0.17913666367530823,-0.30224910378456116,0.06720693409442902,0.3138228952884674,0.1203293576836586,-0.11610861867666245,0.5125670433044434,-0.3902673125267029,0.07953118532896042,0.028479639440774918,0.14654797315597534,0.0848097950220108,-0.23731689155101776,-0.05226987972855568,-0.04698263481259346,0.15362292528152466,-0.4231654107570648,0.4995006024837494,-0.08728533983230591,-0.06854242831468582,-0.14744959771633148,0.18210195004940033,-0.47349077463150024,0.22414536774158478,0.44878798723220825,-0.30374598503112793,0.265672504901886,-0.0037260863464325666,0.12450610846281052,0.04352971911430359,-6.371496965584811e-07,-0.043393511325120926,-0.0003423488524276763,-1.759049382599187e-06,-6.016432507749414e-07,-2.3728438463876955e-05,-0.0006675970507785678,0.11147240549325943,-0.04381613805890083,-0.12414215505123138,-0.00798770785331726,-0.024641048163175583,-0.17092348635196686,-0.1207948699593544,-0.08735661208629608,-0.1376999169588089
636,-0.0008264802163466811,-0.00444251112639904,-0.00790453888475895,-0.008725453168153763,-0.010520773939788342,-0.009556533768773079,-0.006496019661426544,-0.005479026585817337,-0.005096683278679848,-0.005750678945332766,-0.00447826785966754,-0.0030191349796950817,-0.00028893494163639843,0.011679472401738167,0.03476716950535774,0.07857231795787811,0.1043892651796341,0.08343557268381119,0.07079872488975525,0.042537156492471695,0.028273316100239754,0.034599971026182175,0.03263695910573006,0.033716101199388504,0.022549595683813095,0.0023163228761404753,-0.009997998364269733,-0.013224286958575249,-0.017608758062124252,-0.02084067463874817,-0.029866663739085197,-0.004664963111281395,0.041460227221250534,0.126438170671463,0.2390005737543106,0.41088753938674927,0.5919713973999023,0.458422988653183,0.3418067693710327,0.21733073890209198,0.22992593050003052,0.2588963806629181,0.24637693166732788,0.18468427658081055,0.17205776274204254,0.04781314730644226,0.018673377111554146,0.023152513429522514,0.03202776983380318,0.01649385690689087,0.010482036508619785,-0.00517274159938097,-0.01463493425399065,-0.015473240986466408,-0.033635012805461884,-0.02703624591231346,-0.045159049332141876,-0.03143833205103874,-0.03042570687830448,-0.03394628316164017,-0.007817346602678299,-0.0024813152849674225,0.013785791583359241,-0.00037055197753943503,0.00014524855941999704,0.0049742418341338634,-0.02163732796907425,0.020045535638928413,0.051998816430568695,0.00018377949891146272,0.025592319667339325,0.026919813826680183,0.031235894188284874,0.1534186601638794,0.025101548060774803,0.019037097692489624,0.003756785998120904,-0.04561513289809227,-0.05358825996518135,0.02788536436855793,0.022636331617832184,-0.03135877102613449,-0.012565981596708298,0.002869937801733613,-0.0037894907873123884,-0.07681076228618622,0.019277019426226616,-0.004440180025994778,-0.0668436586856842,0.133370503783226,0.13161227107048035,-0.2635815441608429,-0.5984819531440735,0.3374592065811157,0.31693968176841736,-0.16537655889987946,0.0840773656964302,-0.7533984184265137,0.20172125101089478,-0.04654015600681305,0.5400440096855164,-0.2918785512447357,-0.017381036654114723,0.011566083878278732,-0.1254817396402359,-0.34882086515426636,0.03272996097803116,-0.07547320425510406,0.026031160727143288,-0.4756080210208893,0.6300308108329773,-0.68888258934021,0.4998205006122589,-0.034121572971343994,-0.16197173297405243,-0.3257814943790436,1.1440259218215942,-1.8192914724349976,1.909458875656128,-0.2237125188112259,-0.44229960441589355,-0.7118033766746521,0.05671117082238197,1.1915943622589111,0.4322693943977356,-0.3240109980106354,-0.4986554682254791,0.8651564717292786,-0.6762135624885559,0.17997941374778748,0.01876882091164589,-0.018234530463814735,-0.02130560576915741,-0.04044192656874657,0.03819674625992775,0.43707993626594543,-0.502767026424408,0.173970028758049,0.0922294408082962,0.03782596439123154,-0.11981965601444244,-4.464259184544517e-09,-0.023327447474002838,-0.00025460816686972976,-2.7891051104234066e-06,1.324316230011391e-07,-2.2753094526706263e-05,-0.0005555553361773491,-3.978196382522583,0.26974305510520935,0.04147166386246681,-0.006194944027811289,0.011093348264694214,0.029563920572400093,0.021628888323903084,0.04828415811061859,0.029800785705447197
637,-0.0005963998264633119,-0.003749812487512827,-0.006921972613781691,-0.006680840626358986,-0.008057616651058197,-0.004400776233524084,0.0018923109164461493,0.01163385808467865,0.02468518540263176,0.040755391120910645,0.034622035920619965,0.026268253102898598,0.022593125700950623,0.02388857863843441,0.02759901061654091,0.03358496353030205,0.033297888934612274,0.02150154858827591,0.01701413094997406,0.008417675271630287,0.005579627119004726,-0.00021421632845886052,-0.007072336506098509,-0.014723698608577251,-0.02091941609978676,-0.012332573533058167,-0.014570244587957859,-0.006569916848093271,-0.0027924804016947746,-0.0007298074779100716,-0.003641522256657481,-0.008939570747315884,-0.004637430422008038,0.021098949015140533,0.0852588638663292,0.23724927008152008,0.4385613799095154,0.4474037289619446,0.39263856410980225,0.24220991134643555,0.19606193900108337,0.21743083000183105,0.2458045929670334,0.22001442313194275,0.2876719832420349,0.11092834174633026,0.04943118244409561,0.03263593092560768,0.03291839361190796,0.01616847887635231,0.002682953141629696,-0.011660818941891193,-0.015598689205944538,-0.004298806190490723,0.017089853063225746,0.03208792954683304,0.07408510148525238,0.06914015114307404,0.11870070546865463,0.12380770593881607,0.05750727280974388,0.06310111284255981,0.05217752978205681,0.006210640538483858,0.012521007098257542,0.024873897433280945,-0.04658878594636917,0.005514740012586117,0.06756420433521271,-0.015565157867968082,0.03511663153767586,0.03508594259619713,0.005552190821617842,-0.043069493025541306,-0.00965932011604309,-0.02155587263405323,0.020605813711881638,-0.043053094297647476,-0.034339435398578644,0.0015742882387712598,-0.020754575729370117,-0.016759417951107025,-0.012575038708746433,-0.01084282249212265,-0.02663736417889595,0.30775830149650574,-0.18108344078063965,0.13257530331611633,-0.156362846493721,0.2697319984436035,-0.0026066810823976994,-0.22710780799388885,-0.3258248567581177,0.19270242750644684,0.2440534085035324,-0.24121616780757904,0.010283049196004868,-0.5140489935874939,-0.05732955411076546,-0.0784040167927742,0.2412065714597702,-0.14342939853668213,-0.10262183099985123,0.1370997577905655,-0.10610540211200714,-0.44920697808265686,0.4022860825061798,-0.21443809568881989,0.20123574137687683,-0.17145781219005585,0.31163883209228516,-0.39207273721694946,0.262429803609848,0.24456286430358887,-0.20371153950691223,-0.4718039333820343,1.2129939794540405,-1.470765233039856,1.5773918628692627,-0.4627947509288788,-0.41272857785224915,-1.049001693725586,0.35442471504211426,0.6269203424453735,0.450225830078125,0.09154977649450302,-0.3000497817993164,0.20396654307842255,0.15604160726070404,-0.10344216227531433,-0.045680154114961624,0.03961857408285141,-0.12356537580490112,0.45325767993927,-0.04008179157972336,-0.7831465005874634,0.7625945806503296,-0.18690761923789978,-0.18285314738750458,-0.043370988219976425,-0.48480087518692017,2.709136595058226e-07,-0.02445746399462223,-0.00024231111456174403,-2.5075355551962275e-06,4.900840053778666e-07,-2.009721902140882e-05,-0.0004998918739147484,-4.173901557922363,0.25958797335624695,0.04140148684382439,-0.0051056379452347755,-0.00272447825409472,0.025746289640665054,0.02518315054476261,0.054634880274534225,0.04000869020819664
638,0.0002721219789236784,0.004669628106057644,0.016738099977374077,0.031074656173586845,0.039275504648685455,0.029645197093486786,0.01612798124551773,0.013589572161436081,0.019508033990859985,0.03233332931995392,0.031304240226745605,0.023670902475714684,0.019541967660188675,0.010685944929718971,0.006398313213139772,0.008153131231665611,0.011372746899724007,0.007335751783102751,0.00039032960194163024,-0.010932770557701588,-0.026104897260665894,-0.042631618678569794,-0.03341814503073692,-0.036592818796634674,-0.03994855284690857,-0.02238551527261734,-0.031337399035692215,-0.021445676684379578,-0.025294845923781395,-0.030108269304037094,-0.05708019435405731,-0.05681423097848892,-0.053263138979673386,-0.05520767346024513,-0.06696094572544098,-0.10297571122646332,-0.14744363725185394,-0.14742086827754974,-0.13844673335552216,-0.09312280267477036,-0.08774641156196594,-0.0845566987991333,-0.07590637356042862,-0.05953879654407501,-0.09183799475431442,-0.044616781175136566,-0.019820628687739372,0.0021870422642678022,0.010105978697538376,0.009259000420570374,0.011639736592769623,0.01716952957212925,0.02094239369034767,0.03444932773709297,0.04520344361662865,0.0071961344219744205,-0.00011110543709946796,-0.01046589482575655,-0.010098087601363659,0.0038548940792679787,0.0006411191425286233,-0.0026467673014849424,-0.023102933540940285,-0.00558395404368639,-0.030507979914546013,-0.053424008190631866,0.02584708109498024,-0.006431663408875465,-0.09413585811853409,0.01755262166261673,0.016337314620614052,-0.016799379140138626,-0.030407240614295006,-0.15083923935890198,-0.006947241723537445,0.008708283305168152,0.07394777238368988,-0.03352225944399834,-0.011236137710511684,0.013419224880635738,-0.025428511202335358,0.01900530606508255,-0.019038598984479904,0.01693999394774437,0.012565404176712036,-0.08310803025960922,0.032377589493989944,-0.04234066978096962,0.09042426198720932,-0.12547481060028076,0.011131791397929192,0.028373686596751213,0.07905075699090958,-0.06853295117616653,-0.04766485095024109,0.05279412865638733,-0.05903979390859604,0.15344677865505219,-0.032417505979537964,-0.009088912047445774,-0.17679619789123535,0.0914454311132431,0.0224949698895216,-0.09065993130207062,-0.005557564552873373,0.21154369413852692,-0.20033609867095947,0.06854879856109619,-0.09008530527353287,0.3117142915725708,-0.2567968964576721,0.2176850140094757,-0.1834186166524887,-0.011545082554221153,0.11981026083230972,0.09403046220541,-0.18911078572273254,0.47246959805488586,-0.40878209471702576,0.10793644189834595,0.03810974210500717,0.2777790129184723,0.02040245570242405,-0.23879006505012512,-0.10799800604581833,0.04835652932524681,0.16905122995376587,-0.3947237730026245,0.57082599401474,-0.11487278342247009,-0.16835856437683105,-0.005880251992493868,0.2572236657142639,-0.3657574951648712,0.15210303664207458,0.3223254382610321,-0.3919064700603485,0.1643151491880417,0.16033783555030823,-0.04222008213400841,0.05356018990278244,-8.673516163071326e-07,0.011514260433614254,-3.9141770685091615e-05,1.472555197779002e-07,-3.8757301012992684e-07,1.539074037282262e-05,-5.894389687455259e-05,1.6114414930343628,-0.18018075823783875,-0.028603043407201767,0.01585141383111477,-0.02473297156393528,0.04282401502132416,-0.03976178914308548,-0.017167551442980766,0.007504834793508053
639,-0.0011216241400688887,-0.003820589976385236,-0.007688227109611034,-0.008209515362977982,-0.010438624769449234,-0.009074609726667404,-0.005823242012411356,-0.005346823949366808,-0.005388264078646898,-0.005831464193761349,-0.004256451036781073,-0.003548574401065707,-0.0029141504783183336,-0.0011748740216717124,0.0086022624745965,0.034425441175699234,0.07422275841236115,0.06856672465801239,0.10320530086755753,0.0772952139377594,0.07894425094127655,0.05138237029314041,0.020526016131043434,0.008041951805353165,-0.0015815624501556158,-0.001339796232059598,0.01699911616742611,0.05180327966809273,0.1502860188484192,0.3008362650871277,0.6936352849006653,0.7759368419647217,0.5238440632820129,0.35458362102508545,0.24977533519268036,0.2143080085515976,0.20316842198371887,0.11286680400371552,0.043013330549001694,-0.00048344951937906444,-0.013177860528230667,-0.019804298877716064,-0.027172962203621864,-0.0363612100481987,-0.0815836489200592,-0.06813637912273407,-0.06460853666067123,-0.04971358925104141,-0.0485699288547039,-0.03281747177243233,-0.061531707644462585,-0.042073726654052734,-0.02959471009671688,-0.025132616981863976,-0.038985881954431534,-0.022855522111058235,-0.038113415241241455,-0.015945998951792717,-0.022696463391184807,-0.029629776254296303,-0.008559775538742542,-0.013392508961260319,-0.050390880554914474,-0.01747123897075653,-0.022617025300860405,-0.05363062396645546,0.014344031922519207,-0.027696391567587852,-0.09493637084960938,-0.005037849303334951,-0.03731657564640045,-0.036890726536512375,-0.011774751357734203,0.065831758081913,-0.021770715713500977,0.01030503585934639,-0.05517765134572983,0.04228006675839424,-0.09453064203262329,0.11004616320133209,0.10676003247499466,-0.023554876446723938,-0.022149760276079178,0.04573632776737213,-0.0029622791334986687,0.2555789351463318,-0.11222050338983536,1.0867247581481934,-0.36419904232025146,2.9673027992248535,-0.11098132282495499,-0.5137134194374084,-0.9499512910842896,-0.06922028213739395,0.5326836109161377,-0.0420256145298481,0.23407629132270813,-0.316228985786438,0.48426735401153564,0.24082037806510925,3.8597700595855713,-1.356367826461792,1.483718991279602,1.6772931814193726,-0.02679203264415264,-3.212001323699951,1.4831548929214478,-1.0277072191238403,0.0687744989991188,-0.7577701210975647,0.6061950325965881,-0.17091883718967438,0.08655180037021637,-0.18823792040348053,-0.23000089824199677,-0.01922306790947914,-0.10230682045221329,0.02696884609758854,-0.1146114319562912,-0.0023898545186966658,0.04598328843712807,0.03284181281924248,-0.003847927087917924,-0.01082583423703909,-0.021314790472388268,-0.017506815493106842,0.10658133029937744,-0.20105265080928802,0.1773367077112198,-0.012889494188129902,0.0740538015961647,-0.08807222545146942,-0.24540972709655762,0.5150206685066223,0.1552591472864151,0.32026517391204834,-0.740707278251648,2.7278292179107666,-0.9677993655204773,-1.1770808696746826,-0.9221147298812866,-2.3331976706231217e-07,-0.0004436384479049593,-7.638692477485165e-05,-8.597656346864824e-07,6.878034497503904e-08,-6.500353720184648e-06,-9.266040433431044e-05,-6.43237829208374,0.25575241446495056,0.01959131844341755,-0.0033910078927874565,0.012024100869894028,0.01972450502216816,-0.02041558548808098,0.03286378085613251,0.04441242665052414
640,-0.0008067984017543495,-0.004374454263597727,-0.007720974739640951,-0.00788702629506588,-0.01042841374874115,-0.009244542568922043,-0.0062489621341228485,-0.005392235703766346,-0.005001316778361797,-0.005761469714343548,-0.004474714398384094,-0.0038340187165886164,-0.004212587606161833,-0.0025249295867979527,0.007914886809885502,0.033736273646354675,0.06400524079799652,0.07095476239919662,0.08381850272417068,0.07324680685997009,0.06282149255275726,0.06021154671907425,0.03899360075592995,0.04132122918963432,0.039605144411325455,0.01593567617237568,0.006037077866494656,-0.005656636320054531,-0.01334769930690527,-0.016841020435094833,-0.016685517504811287,0.02158813178539276,0.07216261327266693,0.14973215758800507,0.23020575940608978,0.33405935764312744,0.4368157386779785,0.3437497913837433,0.31645992398262024,0.2553260326385498,0.2916889488697052,0.3129729926586151,0.2506377398967743,0.17542248964309692,0.1649521291255951,0.058361612260341644,0.038249507546424866,0.037253063172101974,0.0403936430811882,0.01633334532380104,0.006124702747911215,-0.008525095880031586,-0.01894465647637844,-0.019342999905347824,-0.0393340028822422,-0.02857951819896698,-0.04548852890729904,-0.02824554219841957,-0.030079061165452003,-0.03821941092610359,-0.011361540295183659,-0.01318003237247467,-0.005373348947614431,0.0006584427901543677,-0.004926396533846855,0.003971901256591082,-0.03310747444629669,0.006771826185286045,0.027064496651291847,-0.004424277693033218,0.002295250305905938,-0.013203575275838375,-0.009188240393996239,-0.002080177888274193,0.01124799344688654,0.017830252647399902,-0.0032030995935201645,-0.018327869474887848,-0.03721844404935837,0.019695155322551727,0.007201552856713533,-0.01328320987522602,-0.017394360154867172,-0.005387481767684221,-0.006328997667878866,-0.049020394682884216,0.012945210561156273,-0.006635215599089861,-0.04157126694917679,0.061836596578359604,0.04086005687713623,-0.15645365417003632,-0.4404059946537018,0.06390400230884552,0.2283734232187271,-0.16001316905021667,0.0017087246524170041,-0.7566989064216614,0.13139984011650085,-0.1560305655002594,0.6660239696502686,-0.4538959562778473,-0.05486749857664108,0.05889138579368591,-0.14497987926006317,-0.48428013920783997,0.2581641376018524,-0.1729857325553894,0.030951105058193207,-0.5159479975700378,0.5838436484336853,-0.5403442978858948,0.1639414280653,-0.07455407828092575,-0.100751593708992,-0.44668659567832947,1.0889678001403809,-1.368624210357666,1.3221348524093628,-0.3076322376728058,-0.4985692799091339,-0.7668723464012146,0.019757859408855438,0.945860743522644,0.5012441873550415,-0.12135987728834152,-0.5914269685745239,0.6700138449668884,-0.7655181884765625,0.10390128195285797,-0.020667152479290962,-0.04143420234322548,-0.004472064785659313,0.14951874315738678,0.08973630517721176,0.16820566356182098,-0.3464922606945038,0.19775038957595825,0.07169156521558762,-0.018050508573651314,0.03461461141705513,1.6776826328168681e-07,-0.024246465414762497,-0.00023501446412410587,-2.6417292247060686e-06,6.931138614163501e-07,-2.0870544176432304e-05,-0.0004821329494006932,-2.2421255111694336,0.2599233388900757,0.03774278610944748,-0.006491248030215502,0.01325230672955513,0.026514828205108643,0.02045547217130661,0.04929392784833908,0.020910419523715973
641,-0.0007150626042857766,-0.0013433468993753195,0.0010303587187081575,0.006148706190288067,0.009757273830473423,0.0073687247931957245,0.002128361025825143,-0.0005708370008505881,0.0007606143481098115,0.005834038835018873,0.00972171500325203,0.0094350790604949,0.009183180518448353,0.003092347178608179,-0.004544730298221111,-0.012589244171977043,-0.016954217106103897,-0.015232383273541927,-0.018386946991086006,-0.016270076856017113,-0.011541624553501606,-0.0016786669148132205,0.002107383916154504,-0.0031494423747062683,-0.01554145012050867,-0.013242821209132671,-0.018045678734779358,-0.008988537825644016,-0.004582313820719719,-0.0035720171872526407,-0.014717903919517994,-0.030283264815807343,-0.03839445486664772,-0.04300190880894661,-0.04717828333377838,-0.06430220603942871,-0.08517324179410934,-0.09238885343074799,-0.10204509645700455,-0.08232428878545761,-0.08622939139604568,-0.08849076926708221,-0.08229056745767593,-0.06891494244337082,-0.13175585865974426,-0.09525727480649948,-0.0954706072807312,-0.06997807323932648,-0.05900026112794876,-0.035616155713796616,-0.04358069971203804,-0.026840796694159508,-0.02407577633857727,-0.02122086100280285,-0.02934260107576847,-0.01789075694978237,-0.03537514805793762,-0.033456508070230484,-0.045716915279626846,-0.07065334916114807,-0.02306227758526802,-0.046079836785793304,-0.07272502779960632,-0.0007131816237233579,-0.033343639224767685,-0.05813679099082947,0.03340209648013115,-0.0050901975482702255,-0.09578178077936172,0.023109951987862587,0.0036043354775756598,-0.019807929173111916,-0.030476385727524757,-0.13923762738704681,-0.012113909237086773,-0.005034583620727062,0.07170574367046356,-0.026730714365839958,-0.008901459164917469,-0.015106149949133396,-0.04411232843995094,0.014939235523343086,-0.03193205967545509,-0.003127746982499957,-0.0015587235102429986,-0.07578640431165695,0.02900715544819832,-0.04701938480138779,0.09623522311449051,-0.12667961418628693,0.023012284189462662,0.049907851964235306,0.1319970041513443,-0.07255679368972778,-0.06383369863033295,0.07294783741235733,-0.06521248817443848,0.22819362580776215,-0.007764109410345554,0.019059443846344948,-0.23118455708026886,0.12010221928358078,0.045428112149238586,-0.10647405683994293,-0.027442673221230507,0.30573973059654236,-0.19259627163410187,0.11346621811389923,-0.12334463745355606,0.3246749937534332,-0.3101770281791687,0.20617999136447906,-0.20681723952293396,-0.01914403587579727,0.11620155721902847,0.10585917532444,-0.21128429472446442,0.5052807927131653,-0.4244396686553955,0.09856168925762177,0.022218316793441772,0.275625079870224,-0.02034199796617031,-0.22784973680973053,-0.1309298425912857,0.05494336783885956,0.1858195960521698,-0.32982751727104187,0.5049654245376587,-0.09212985634803772,-0.14789479970932007,-0.01720317453145981,0.2557336688041687,-0.3759448230266571,0.15227164328098297,0.38607147336006165,-0.41738688945770264,0.19202177226543427,0.1260976493358612,-0.00564863346517086,0.06854908168315887,-8.044339665502775e-07,-0.04219295457005501,8.969457121565938e-05,-1.3057306205155328e-06,-1.2814616923151334e-07,3.7109617551323026e-05,0.0006881784647703171,2.365748643875122,-0.29005715250968933,-0.02004638873040676,0.017188280820846558,-0.024257836863398552,0.0348154716193676,-0.01709761656820774,-0.00608281372115016,0.01670866832137108
642,-0.0004288563795853406,-0.001769169350154698,-0.0036138498689979315,-0.0017859445651993155,0.0007581974496133626,0.007453433237969875,0.014200395904481411,0.02363346703350544,0.03785151243209839,0.05143293738365173,0.03769535571336746,0.02460717037320137,0.01414475031197071,0.007075254339724779,-0.0010259902337566018,-0.005961372517049313,-0.008100926876068115,-0.00824462715536356,-0.010587172582745552,-0.012506581842899323,-0.017189282923936844,-0.021509740501642227,-0.01464233361184597,-0.016355149447917938,-0.015721602365374565,-0.0060521760024130344,0.007013510912656784,0.03556236997246742,0.108067087829113,0.23169459402561188,0.5912923812866211,0.6336159110069275,0.49899640679359436,0.34425783157348633,0.2120370715856552,0.1257738173007965,0.03128507360816002,-0.027023231610655785,-0.04815474897623062,-0.04283209145069122,-0.0439193919301033,-0.04859968647360802,-0.05133206397294998,-0.05715841054916382,-0.09286626428365707,-0.062212370336055756,-0.05445042997598648,-0.03712945803999901,-0.039338983595371246,-0.022750824689865112,-0.02850828319787979,-0.009503588080406189,0.0029172729700803757,0.016418609768152237,0.06148586422204971,0.07010859251022339,0.13775219023227692,0.104594886302948,0.12029250711202621,0.1299324631690979,0.021817795932292938,0.014314708299934864,0.01932212896645069,-0.006373941898345947,-0.027577092871069908,-0.03697462007403374,0.011006603017449379,-0.01489185355603695,-0.017973965033888817,-0.003337080357596278,-0.0002657714067026973,-0.005557335447520018,-0.00407718401402235,-0.016839975491166115,0.0025420424062758684,0.041970208287239075,-0.023472389206290245,0.29795610904693604,0.28031978011131287,0.005710179917514324,-0.5942825078964233,-0.01800902932882309,-0.07639734447002411,-0.4961116909980774,-0.21276438236236572,0.09028948843479156,-0.03986739739775658,-0.0048287371173501015,0.03261710703372955,-0.04831528291106224,-0.002814586739987135,-0.045637063682079315,-0.2156544327735901,0.08362734317779541,0.13291041553020477,-0.12128668278455734,0.11921152472496033,-0.20528464019298553,0.22029893100261688,0.233059361577034,2.007587194442749,-2.457958698272705,-0.08580049127340317,1.0365020036697388,-0.058296702802181244,-2.491689682006836,2.9653377532958984,-0.03605443984270096,0.2477000504732132,-0.2744048833847046,0.06646669656038284,0.05757610499858856,-0.10122435539960861,-0.03751926124095917,0.004672578070312738,-0.01111533958464861,4.609904863173142e-06,-0.26754146814346313,0.2885623872280121,-0.19390174746513367,-0.02664876915514469,-0.12611591815948486,-0.08585303276777267,0.1626458615064621,-0.05918802693486214,0.2036074697971344,-0.6652652621269226,1.6953212022781372,-2.1193156242370605,0.6750168800354004,1.7486052513122559,1.1619303226470947,-1.6585830450057983,1.1873035430908203,0.3394259214401245,-0.04621659964323044,-0.03050246834754944,-0.02089264988899231,0.011426199227571487,0.03166291117668152,0.01062942948192358,5.05848838372458e-08,-0.0035580447874963284,-0.00012338160013314337,-1.0623547268551192e-06,3.5116138974444766e-07,-1.2476837582653388e-05,-0.0002861231623683125,-5.2962775230407715,0.21182094514369965,0.019539549946784973,-0.003543413244187832,-0.006146835163235664,0.016572274267673492,0.027121076360344887,0.021871035918593407,0.01656389608979225
643,-0.000427031161962077,-7.40169343771413e-05,0.0029360605403780937,0.00704659940674901,0.008385819382965565,0.0040173097513616085,-0.0015048407949507236,-0.00525307934731245,-0.007055741269141436,-0.00822438020259142,-0.0058061508461833,-0.0026110834442079067,0.0010945757385343313,0.0071344575844705105,0.012972120195627213,0.01393858715891838,0.008078780956566334,0.0013694106601178646,0.0013571520103141665,0.009465881623327732,0.026699813082814217,0.05731656774878502,0.0544980950653553,0.05454704537987709,0.03167678788304329,0.002700638258829713,-0.009084994904696941,-0.007427980657666922,0.0025453355628997087,0.022788982838392258,0.07226479053497314,0.06812936067581177,0.03911283612251282,0.01351296715438366,0.0002465854922775179,-0.0005905552534386516,0.016715699806809425,0.03185368329286575,0.03805660828948021,0.021443702280521393,0.00705205462872982,-0.012393702752888203,-0.03317893296480179,-0.039909183979034424,-0.04710681736469269,0.018019145354628563,0.09346312284469604,0.10499434918165207,0.09673162549734116,0.06128311902284622,0.06331731379032135,0.035779017955064774,0.02866566926240921,0.03513205796480179,0.054035015404224396,0.022279098629951477,0.05191383883357048,0.019259361550211906,0.025542745366692543,0.03252602368593216,-0.007903032936155796,-0.0005547680775634944,-0.0014833944151178002,-0.01240474358201027,-0.004199091345071793,0.004140741191804409,0.0014524136204272509,-0.00637016398832202,-0.046061377972364426,-0.004276934079825878,-0.008931335061788559,-0.017071684822440147,-0.005137195345014334,0.03551439195871353,0.004954923409968615,-0.0525834895670414,-0.125375896692276,0.0009064749465323985,0.03489968180656433,-0.08062536269426346,-0.08008582144975662,0.017135662958025932,-0.07613309472799301,-0.18879732489585876,-0.15960842370986938,0.0718165710568428,-0.06916023045778275,0.005071948282420635,-0.15457172691822052,-0.012847412377595901,-0.10243009030818939,-0.08275998383760452,-0.19288288056850433,-0.03627507761120796,0.020058000460267067,-0.062464047223329544,0.018027864396572113,-0.11479391157627106,-0.10370251536369324,-0.01940172351896763,-0.12449470162391663,0.10993172228336334,0.037061724811792374,-0.08821650594472885,-0.0003212189767509699,0.35887831449508667,-0.19787201285362244,0.12441738694906235,-0.06221062317490578,0.3888068199157715,-0.3999722898006439,0.17745840549468994,-0.2689954340457916,0.029942357912659645,0.26988139748573303,0.1105303093791008,-0.15674179792404175,0.519996166229248,-0.4338224530220032,0.10165205597877502,0.010052552446722984,0.18241102993488312,0.03855985403060913,-0.2216704785823822,-0.05146085470914841,0.015733331441879272,0.13771958649158478,-0.40284624695777893,0.4991461932659149,-0.12042786926031113,-0.06777876615524292,-0.08150175213813782,0.19355642795562744,-0.4356082081794739,0.21380513906478882,0.44142693281173706,-0.34845373034477234,0.21125030517578125,0.047308627516031265,0.10950013995170593,0.03729645535349846,-7.357359095294669e-07,-0.038425263017416,-0.0003881961456499994,-2.247517613795935e-06,-8.993083611130714e-07,-2.850871351256501e-05,-0.0004645666340366006,0.41702041029930115,-0.09127865731716156,-0.1360321342945099,-0.009939918294548988,-0.023219726979732513,-0.17642731964588165,-0.150123730301857,-0.11073121428489685,-0.17430850863456726
644,-0.0008921461994759738,-0.004750459920614958,-0.007790923584252596,-0.005144571885466576,0.0019395650597289205,0.015523710288107395,0.026272594928741455,0.036651305854320526,0.042799994349479675,0.05054760351777077,0.031171903014183044,0.02047697640955448,0.014353963546454906,0.008669923059642315,0.005045819096267223,0.007252555340528488,0.010531592182815075,0.008594338782131672,0.003173359204083681,-0.006078110542148352,-0.012185614556074142,-0.008297326043248177,0.006870714481920004,0.02197619341313839,0.02924678474664688,0.015141356736421585,0.01706603914499283,0.008712264709174633,0.0076876189559698105,0.0036456575617194176,-0.0019523694645613432,-0.01182181853801012,-0.013801781460642815,-0.011450563557446003,-0.006971258670091629,-0.005392528139054775,-0.001196783734485507,-0.0015124529600143433,-0.005870746914297342,-0.010910256765782833,-0.01746455207467079,-0.027087856084108353,-0.03689773753285408,-0.04600220173597336,-0.09313880652189255,-0.057299576699733734,-0.04157012328505516,-0.02013840712606907,-0.012990559451282024,-0.0031998988706618547,0.008743541315197945,0.02492106333374977,0.05284973606467247,0.07726726680994034,0.14844270050525665,0.07780110836029053,0.13603590428829193,0.08721227943897247,0.08710294216871262,0.09537104517221451,0.02143028751015663,0.03756614029407501,0.044767964631319046,-0.02146206796169281,-0.0051682135090231895,-0.0006516555440612137,-0.020177744328975677,-0.01820036768913269,-0.026545407250523567,-0.01614740490913391,-0.012037433683872223,-0.004875558894127607,0.002894963836297393,0.016238905489444733,0.009742180816829205,-0.0004117412318009883,-0.011905647814273834,0.014192022383213043,0.04049135744571686,-0.014634167775511742,-0.041925329715013504,0.04973435774445534,-0.022317634895443916,-0.05869581177830696,-0.06854276359081268,0.03960999846458435,-0.050394993275403976,0.020980030298233032,-0.07438663393259048,-0.04200645908713341,-0.03506339341402054,0.011518632993102074,-0.025483299046754837,-0.025653589516878128,-0.021107863634824753,-0.03184925392270088,-0.040273576974868774,-0.06856659799814224,-0.0683654397726059,-0.06842312216758728,0.023040883243083954,-0.08216327428817749,-0.11233606934547424,-0.0237518772482872,-0.03183229640126228,-0.15406201779842377,0.07183793932199478,-0.09005662053823471,-0.06812137365341187,0.0023559597320854664,0.09116099029779434,0.08969534933567047,-0.056623898446559906,-0.00904350820928812,-0.1168198361992836,-0.11078888922929764,0.09739183634519577,-0.31232786178588867,0.1664489209651947,-0.01232337299734354,0.05648989975452423,-0.23187288641929626,-0.040499113500118256,0.05060795322060585,0.12747301161289215,0.0056069958955049515,0.08163529634475708,0.0798909068107605,-0.0709044560790062,-0.06384022533893585,0.1507686823606491,0.039614032953977585,0.11385349929332733,0.2918493449687958,0.06100267171859741,-0.3295123279094696,0.2691843807697296,-0.25355345010757446,0.12928494811058044,0.02698075957596302,0.04657513648271561,5.923375212546489e-08,-0.04820723459124565,-0.00025036692386493087,-3.1202080208458938e-06,4.0045793525678164e-07,-1.3217675586929545e-05,-0.0003748543676920235,-0.019876034930348396,0.13583987951278687,0.03411700576543808,0.0005911062471568584,-0.014420636929571629,0.03407464548945427,0.021250054240226746,0.05310313031077385,0.04147249087691307
645,-0.0010206305887550116,-0.005665961187332869,-0.011331645771861076,-0.014090031385421753,-0.016449997201561928,-0.01194824744015932,-0.004789554513990879,0.002152583561837673,0.008724280633032322,0.013725865632295609,0.008888415060937405,0.0039017549715936184,-0.0010686427121981978,-0.007684464566409588,-0.012792985886335373,-0.017405394464731216,-0.019117483869194984,-0.0180094875395298,-0.024594279006123543,-0.028047703206539154,-0.03434871882200241,-0.038148343563079834,-0.017348293215036392,-0.003992313519120216,0.008529679849743843,0.008196751587092876,0.014475417323410511,0.007178111467510462,0.004180858377367258,-0.0063087958842515945,-0.03158152475953102,-0.045905664563179016,-0.04874134063720703,-0.05047157034277916,-0.05532060191035271,-0.07373286038637161,-0.09100138396024704,-0.08528907597064972,-0.08726053684949875,-0.07091113179922104,-0.07926475256681442,-0.08361189812421799,-0.07875103503465652,-0.0707276239991188,-0.13795775175094604,-0.09722738713026047,-0.09892595559358597,-0.07488799840211868,-0.06676504015922546,-0.0360981747508049,-0.018567094579339027,0.0138732073828578,0.023582832887768745,0.023940689861774445,0.022260628640651703,-0.0012353102210909128,-0.0024787290021777153,-0.006770282052457333,-0.011265585198998451,-0.02238369733095169,-0.012871845625340939,-0.029456855729222298,-0.051802441477775574,-0.0019023081986233592,-0.021603209897875786,-0.03652358427643776,0.038322869688272476,-0.003579982789233327,-0.09944315254688263,0.018516097217798233,0.010557880625128746,-0.021810434758663177,-0.028960062190890312,-0.1423799991607666,-0.01583815924823284,-0.009890804067254066,0.037656527012586594,-0.024932920932769775,-0.006936496123671532,-0.007568009197711945,-0.03107176348567009,0.02985323779284954,-0.028429564088582993,-0.006268806289881468,-0.003740574000403285,-0.06689285486936569,0.02952999621629715,-0.037809133529663086,0.09267980605363846,-0.12045272439718246,0.013153966516256332,0.0301660168915987,0.09238301217556,-0.07380460202693939,-0.05964281037449837,0.08901827037334442,-0.04720320552587509,0.29673272371292114,0.017057301476597786,0.03378557413816452,-0.2120777666568756,0.09953809529542923,0.022380607202649117,-0.09791132807731628,-0.0008376073092222214,0.21874260902404785,-0.2270868718624115,0.035692255944013596,-0.11057993024587631,0.27275970578193665,-0.29419031739234924,0.23436999320983887,-0.15254053473472595,-0.012783191166818142,0.06193472072482109,0.08501847833395004,-0.1985134482383728,0.30213555693626404,-0.3134077787399292,0.0988166555762291,0.035672374069690704,0.19407349824905396,-0.059740860015153885,-0.14587752521038055,-0.05381563678383827,-0.011676354333758354,0.18689662218093872,-0.23694021999835968,0.4084482491016388,-0.06997645646333694,-0.002370950300246477,0.0013457490131258965,0.17679499089717865,-0.1742415875196457,0.10922548174858093,0.21265876293182373,-0.38334420323371887,0.13555142283439636,0.17506849765777588,-0.06453852355480194,0.06274573504924774,-4.7332889607787365e-07,-0.025733979418873787,-0.0001114737315219827,-1.061226839738083e-06,-3.6705534967040876e-07,2.4069069695542566e-05,-0.0002443314006086439,1.6596667766571045,-0.16707216203212738,0.014748116955161095,0.0074608903378248215,-0.006557839922606945,0.03682047873735428,0.006472367327660322,0.010642838664352894,0.039659660309553146
646,0.0003993171267211437,0.003077307716012001,0.006404283456504345,0.0056091113947331905,0.002352988813072443,-0.0021405243314802647,-0.0031071887351572514,-0.0006169871194288135,0.0049010515213012695,0.011711676605045795,0.011136232875287533,0.008860400877892971,0.008859137073159218,0.010244980454444885,0.01522848755121231,0.018095383420586586,0.01071886532008648,-0.0008576404652558267,-0.013434967957437038,-0.022652313113212585,-0.03244922682642937,-0.03963775187730789,-0.021092014387249947,-0.010799283161759377,-0.0013677063398063183,0.0003738753730431199,-0.0039697857573628426,-0.009712115861475468,-0.018301045522093773,-0.026635553687810898,-0.05575065687298775,-0.05697224661707878,-0.05358079448342323,-0.05456092581152916,-0.06680204719305038,-0.10074127465486526,-0.1427135020494461,-0.13600298762321472,-0.12800921499729156,-0.08687704801559448,-0.07975766062736511,-0.0743950828909874,-0.06066790968179703,-0.04685511067509651,-0.07840483635663986,-0.052729733288288116,-0.047602057456970215,-0.020809900015592575,0.007322410587221384,0.03487320989370346,0.08552541583776474,0.058893825858831406,0.033849284052848816,0.015088515356183052,-0.005229196045547724,-0.01280769519507885,-0.022633224725723267,-0.014370940625667572,-0.013868274167180061,-0.013259231112897396,-0.009231995791196823,-0.019271260127425194,-0.034332964569330215,-0.0065669044852256775,-0.01817385107278824,-0.022065650671720505,0.013145837001502514,-0.009049996733665466,-0.08341293036937714,0.0036162736359983683,0.0003630220890045166,-0.030993174761533737,-0.024130066856741905,-0.12429963052272797,-0.0036411909386515617,-0.004376605153083801,0.005460846237838268,-0.012562893331050873,0.0015501368325203657,-0.013312640599906445,-0.02578006684780121,0.018169036135077477,-0.026109322905540466,0.010970930568873882,0.015307342633605003,-0.06555727124214172,0.03236638754606247,-0.029809730127453804,0.07073530554771423,-0.11944447457790375,0.005151383113116026,0.02352975122630596,0.053184300661087036,-0.07133672386407852,-0.049234431236982346,0.06048049032688141,-0.0485602468252182,0.18836532533168793,-0.03488236293196678,-0.02102474868297577,-0.11707007884979248,0.033954985439777374,-0.028355952352285385,-0.09948156774044037,0.006461231037974358,0.1517225056886673,-0.2269422560930252,0.028937190771102905,-0.09613555669784546,0.28134608268737793,-0.26637017726898193,0.223109632730484,-0.1520105004310608,0.003566955216228962,0.056544527411460876,0.055999524891376495,-0.17388693988323212,0.22951264679431915,-0.2783682942390442,0.09769348800182343,0.04451175034046173,0.2034117877483368,-0.03252656012773514,-0.14294877648353577,-0.028100427240133286,-0.041841790080070496,0.1628342568874359,-0.10754553228616714,0.24030454456806183,-0.05680520087480545,0.021939387544989586,-0.005643882788717747,0.14983758330345154,-0.21500584483146667,0.1424560397863388,0.28293490409851074,-0.4165838062763214,0.13125719130039215,0.17225074768066406,-0.059744689613580704,0.060542091727256775,-3.2984405606839573e-07,-0.01697288267314434,-0.00018104650371242315,-1.0545394388827845e-06,-2.845527262707037e-07,1.0699659469537437e-05,-0.00035612203646451235,1.0312325954437256,-0.08738958090543747,0.010333579033613205,0.0071267662569880486,-0.026972535997629166,0.04295974597334862,0.011477194726467133,0.010955135338008404,0.028860142454504967
647,0.0002433460613247007,0.002714145462960005,0.008023019880056381,0.010693753138184547,0.018447263166308403,0.021920092403888702,0.021393757313489914,0.02257811836898327,0.023893991485238075,0.02857918106019497,0.020267290994524956,0.017595279961824417,0.01962672732770443,0.024610841646790504,0.02530537359416485,0.01967816986143589,0.006137160584330559,-0.005466577131301165,-0.015045927837491035,-0.016434455290436745,-0.010296170599758625,0.013517736457288265,0.029075467959046364,0.04101652279496193,0.032409004867076874,0.0073451753705739975,0.0005287363892421126,4.276934851077385e-05,0.005755277816206217,0.010887089185416698,0.025429457426071167,0.020169323310256004,0.011070402339100838,0.003027474507689476,-0.004368294961750507,-0.018918968737125397,-0.03678871691226959,-0.04197637364268303,-0.04338368773460388,-0.03345494717359543,-0.03272261098027229,-0.03365401551127434,-0.029877226799726486,-0.023640692234039307,-0.021692486479878426,-0.000289260147837922,0.018256548792123795,0.03325584903359413,0.05051593482494354,0.050145793706178665,0.09820415079593658,0.07619502395391464,0.09048978984355927,0.09095431864261627,0.14057378470897675,0.06588030606508255,0.10301416367292404,0.06564943492412567,0.06720276176929474,0.07912155985832214,0.0209865253418684,0.03980979323387146,0.05220561847090721,-0.02025856263935566,0.00014036294305697083,0.005621985532343388,-0.03390079364180565,-0.02248850278556347,-0.0012454893440008163,-0.015022797510027885,-0.007398011162877083,-0.0014458242803812027,-0.0010560763766989112,-0.0010905999224632978,0.008204884827136993,0.0011773526202887297,-0.028169142082333565,0.03323422744870186,0.06205631047487259,-0.018964335322380066,-0.042984094470739365,0.044789690524339676,-0.023251954466104507,-0.05890795215964317,-0.07686647027730942,0.045092396438121796,-0.05115276202559471,0.019390303641557693,-0.06650283187627792,-0.035325612872838974,-0.03493795543909073,0.01498486753553152,-0.05406396463513374,-0.013935038819909096,-0.01190095953643322,-0.08130333572626114,-0.04494170844554901,-0.20391441881656647,-0.09050942212343216,-0.102948397397995,0.09297671914100647,-0.10742928087711334,-0.10853859037160873,-0.022767944261431694,-0.025591809302568436,-0.1396990418434143,0.0665593072772026,-0.07934289425611496,-0.06934202462434769,-0.01976747252047062,0.10605662316083908,0.06755639612674713,-0.02759622596204281,-0.010323845781385899,-0.12957146763801575,-0.13202399015426636,0.12150292843580246,-0.38050755858421326,0.19241201877593994,-0.050989069044589996,0.03934944421052933,-0.22978053987026215,-0.05201858654618263,0.06394363939762115,0.14812049269676208,0.01079604309052229,0.059498243033885956,0.15471623837947845,-0.2156849205493927,-0.07113733142614365,0.1541903167963028,0.04932379350066185,0.10559288412332535,0.3268302083015442,0.03061586059629917,-0.3382142186164856,0.26499277353286743,-0.2416272908449173,0.12800031900405884,-0.003593152854591608,0.05567782744765282,9.347495222300495e-08,-0.040863145142793655,-0.00025252116029150784,-2.968207127196365e-06,1.4783140045437904e-07,-1.9557997802621685e-05,-0.0003061616444028914,-0.05045996978878975,0.15122894942760468,0.0339643694460392,0.0005417934153228998,-0.02407926321029663,0.03612086549401283,0.019739478826522827,0.040984947234392166,0.043477267026901245
648,-0.0013772319070994854,-0.005505704786628485,-0.00943550281226635,-0.007288193795830011,0.004071637522429228,0.021834900602698326,0.030136778950691223,0.03394923359155655,0.027662424370646477,0.01906789094209671,0.011565152555704117,0.011142993345856667,0.021236972883343697,0.034483060240745544,0.037518229335546494,0.028674250468611717,0.011651856824755669,-1.9215765860280953e-05,-0.002669013338163495,-0.0007821697508916259,5.5585587688256055e-05,-0.0030413728673011065,-0.009110783226788044,-0.015432060696184635,-0.015584654174745083,-0.004875513259321451,-0.0008285405929200351,-0.0009233563905581832,-0.0034567047841846943,-0.006688040215522051,-0.00016848387895151973,0.027229567989706993,0.050994183868169785,0.0620686337351799,0.06008924916386604,0.03537331148982048,-0.018267735838890076,-0.04282885417342186,-0.023511089384555817,0.003961964510381222,0.010447049513459206,-0.0032487649004906416,-0.029754387214779854,-0.0450529046356678,-0.07597571611404419,-0.021191483363509178,0.019470423460006714,0.031461574137210846,0.027360573410987854,0.022981449961662292,0.05375826358795166,0.07586769014596939,0.08705851435661316,0.10655433684587479,0.14262063801288605,0.047500234097242355,0.06899882107973099,0.02195408008992672,0.03964389115571976,0.07887408137321472,-0.0160919688642025,0.01801181212067604,0.01639716327190399,-0.011161260306835175,-0.008762562647461891,0.004570126533508301,-0.011969347484409809,-0.011666394770145416,-0.03290759399533272,-0.01630682870745659,-0.016260091215372086,-0.01943046972155571,-0.006950969807803631,0.05904748663306236,0.00148885534144938,-0.03026321530342102,-0.05040669068694115,-0.0037408259231597185,0.04393219202756882,-0.14465180039405823,-0.1212175190448761,-0.0006943079060874879,-0.08200898766517639,-0.15519888699054718,-0.13400433957576752,0.0973442867398262,-0.13103142380714417,0.022466149181127548,-0.1974267214536667,-0.04532993957400322,-0.04140482842922211,-0.020663075149059296,-0.13707228004932404,-0.0393843874335289,0.0461869016289711,-0.10855815559625626,0.023031780496239662,-0.06541435420513153,-0.07712191343307495,-0.022569626569747925,-0.10214179754257202,0.09123989194631577,0.031488753855228424,-0.08007713407278061,0.005069590639322996,0.36545318365097046,-0.20171445608139038,0.13021709024906158,-0.052358586341142654,0.38881251215934753,-0.3826325535774231,0.18362043797969818,-0.26457199454307556,0.03161710500717163,0.2818867564201355,0.09734135866165161,-0.1272263079881668,0.5388334393501282,-0.4085872769355774,0.10835471749305725,0.0064065479673445225,0.17806744575500488,0.04891929030418396,-0.20955204963684082,-0.05186053737998009,0.0007144325063563883,0.12464626878499985,-0.38757821917533875,0.4948982298374176,-0.10192865878343582,-0.05194476619362831,-0.09185367822647095,0.1931046098470688,-0.4281668961048126,0.20543614029884338,0.44854170083999634,-0.3391713798046112,0.20599232614040375,0.03875423222780228,0.11724256724119186,0.03715578466653824,-7.562608743683086e-07,-0.05253315716981888,-0.00038046250119805336,-2.159248879252118e-06,-9.329884278486134e-07,-2.840574597939849e-05,-0.0004667640314437449,0.32429757714271545,-0.08575950562953949,-0.13904662430286407,-0.008807927370071411,-0.013681571930646896,-0.1753813773393631,-0.15709353983402252,-0.10977168381214142,-0.16170313954353333
649,-0.0007249286281876266,-0.003605405567213893,-0.006514163222163916,-0.00679154135286808,-0.008315308019518852,-0.007615542039275169,-0.005580855533480644,-0.004567755851894617,-0.004243970848619938,-0.004285410977900028,-0.002282759640365839,0.0014070585602894425,0.011649769730865955,0.03434290736913681,0.058304160833358765,0.08882304280996323,0.0854237899184227,0.05551209673285484,0.05327106639742851,0.05035416781902313,0.0541202574968338,0.05643617361783981,0.021639935672283173,0.0019244925351813436,-0.013356965966522694,-0.011920742690563202,-0.015301952138543129,-0.008726476691663265,-0.00519588915631175,-0.0018050373764708638,-0.003541070269420743,-0.011042578145861626,-0.017938274890184402,-0.02235572040081024,-0.015414263121783733,0.023337403312325478,0.1514560431241989,0.2577950358390808,0.3580763638019562,0.29928159713745117,0.23393423855304718,0.21539855003356934,0.21234220266342163,0.2097567617893219,0.3153412938117981,0.1594596654176712,0.09256928414106369,0.05762181431055069,0.06217913702130318,0.038812827318906784,0.05511058121919632,0.015410942025482655,-0.00017346011009067297,-0.01133272610604763,-0.028045624494552612,-0.020925721153616905,-0.027856161817908287,-0.009907638654112816,0.0011071538319811225,0.026131439954042435,0.008411253802478313,0.03725724294781685,0.08699341118335724,-0.011741493828594685,0.02441038377583027,0.05788349360227585,-0.04322706535458565,0.017652478069067,0.17935910820960999,-0.02803787961602211,0.08935347944498062,0.12189171463251114,0.03713463991880417,0.07251729816198349,0.0035428910050541162,-0.0031768623739480972,0.008361929096281528,-0.07086757570505142,-0.06558990478515625,0.04056793823838234,0.055589985102415085,-0.020019985735416412,0.03090713359415531,0.02457326278090477,0.011492549441754818,-0.06776148080825806,0.024869825690984726,-0.015067987143993378,-0.02003648690879345,-0.012658996507525444,0.01245148479938507,-0.1139010488986969,-0.3300592005252838,0.21334435045719147,0.20832060277462006,-0.17482227087020874,0.11568321287631989,-0.9300888776779175,0.3545125424861908,-0.036986228078603745,0.9960016012191772,-0.5932810306549072,-0.09685248136520386,0.028206191956996918,-0.34022438526153564,-0.6870000958442688,0.37341123819351196,-0.11481621116399765,0.01410998497158289,-0.19583198428153992,0.00603784155100584,0.05951019749045372,-0.06586219370365143,-0.012772764079272747,-0.14378507435321808,-0.19916200637817383,0.8121352195739746,-1.6220698356628418,1.1734269857406616,-0.3400479555130005,-0.8664321303367615,-0.747029721736908,-0.3813435435295105,1.8693262338638306,-0.18322403728961945,-0.18372668325901031,-0.6754621267318726,1.2356048822402954,-1.364493727684021,0.06621931493282318,0.05381222814321518,-0.04180070757865906,-0.04154285416007042,-0.19771523773670197,0.11509411036968231,0.5760568976402283,-0.2900184690952301,0.007015066687017679,-0.07279333472251892,-0.14287373423576355,-0.5751983523368835,4.2202735528462654e-08,-0.023464450612664223,-0.00016281138232443482,-2.1527171156776603e-06,4.3363677093566366e-08,-1.6631005564704537e-05,-0.00033731397707015276,-0.4019096791744232,0.23974251747131348,0.03824618086218834,-0.0052746194414794445,0.007104676216840744,0.02422957867383957,0.028055869042873383,0.03961709514260292,0.030659310519695282
650,-0.000931677408516407,-0.005328984931111336,-0.009653397835791111,-0.010774953290820122,-0.013508278876543045,-0.011817241087555885,-0.008282843977212906,-0.00605791574344039,-0.002239080611616373,0.006389428395777941,0.016590263694524765,0.030287839472293854,0.04921911284327507,0.0775611400604248,0.07616377621889114,0.05198032781481743,0.022119633853435516,0.006749914027750492,0.008293394930660725,0.015757642686367035,0.03159612789750099,0.04904692992568016,0.03407524526119232,0.04329647868871689,0.07952191680669785,0.0750148668885231,0.14847268164157867,0.11172132939100266,0.09582959115505219,0.053948428481817245,0.029699550941586494,0.005299025680869818,0.018145766109228134,0.041734158992767334,0.06406053900718689,0.07027873396873474,0.029930531978607178,-0.0363948680460453,-0.0731089860200882,-0.061912599951028824,-0.05258380249142647,-0.039510566741228104,-0.03008856251835823,-0.03632383048534393,-0.10296404361724854,-0.08677199482917786,-0.08264729380607605,-0.050453875213861465,-0.01796669140458107,0.018322071060538292,0.07036038488149643,0.05674145743250847,0.0489795058965683,0.02474103681743145,0.0030851697083562613,-0.015478314831852913,-0.04050641879439354,-0.03305569663643837,-0.04474376514554024,-0.053468991070985794,-0.015603473410010338,-0.017482521012425423,0.009254449047148228,0.004731411579996347,0.007715176325291395,0.07892777770757675,-0.13465042412281036,-0.027125205844640732,0.010227975435554981,-0.010028621181845665,-0.010323390364646912,-0.02221444994211197,-0.0032102272380143404,0.0604410320520401,0.02617282047867775,0.020822634920477867,-0.061811599880456924,0.1261293590068817,0.1619790941476822,-0.07458176463842392,-0.038664087653160095,0.04632755368947983,-0.03350462391972542,-0.05611325800418854,-0.08146662265062332,0.14666631817817688,-0.09599529206752777,0.1262328177690506,-0.1370754837989807,0.07204965502023697,-0.0323810838162899,0.035809535533189774,-0.10498929768800735,0.07598356157541275,0.11738814413547516,-0.15647771954536438,-0.04321645200252533,-0.1047511175274849,-0.049284886568784714,-0.0521247424185276,0.12193461507558823,-0.22807925939559937,-0.11795938014984131,0.008526571094989777,0.008717908523976803,-0.04700009524822235,-0.0347864143550396,-0.042762935161590576,-0.05833541229367256,0.06374698132276535,-0.0912800133228302,0.1653042733669281,-0.10895645618438721,0.024465840309858322,-0.01872663013637066,-0.05409893020987511,0.285668283700943,-0.7087214589118958,0.4830484986305237,-0.11956986784934998,-0.04181860014796257,-0.12432195246219635,-0.01866413839161396,0.049521997570991516,0.07881404459476471,0.05629073455929756,-0.19145284593105316,0.21648123860359192,-0.40477243065834045,-0.14744701981544495,0.21036198735237122,0.04215136915445328,-0.08010833710432053,0.7375996708869934,0.022648166865110397,-0.3215966820716858,0.048571664839982986,-0.08539722859859467,0.20407982170581818,0.01414407230913639,0.01645555905997753,-2.085251082917239e-09,-0.032412201166152954,-0.00015136807633098215,-2.0873908397334162e-06,5.468339736580674e-07,-9.60860779741779e-06,-0.00017728634702507406,-0.5097103118896484,0.16649354994297028,0.03363450989127159,2.783124557481642e-07,0.0024037754628807306,0.030969301238656044,0.025967149063944817,0.020199473947286606,0.04125894978642464
651,-0.0009085057536140084,-0.0032831821590662003,-0.0062247226014733315,-0.0066203828901052475,-0.00911637581884861,-0.0070569938980042934,-0.004612226039171219,-0.004468096885830164,-0.003949816804379225,-0.0040522110648453236,-0.0015710631851106882,0.0017429367871955037,0.008926390670239925,0.032514337450265884,0.05072624236345291,0.06990176439285278,0.07068410515785217,0.03237760066986084,0.02577742375433445,0.018252942711114883,0.02005503885447979,0.021942663937807083,0.017897704616189003,0.039385996758937836,0.10707481950521469,0.1218685507774353,0.26872673630714417,0.20447023212909698,0.229268416762352,0.22780536115169525,0.32254189252853394,0.2596462666988373,0.20451274514198303,0.16420108079910278,0.1273074895143509,0.09794561564922333,0.06467760354280472,0.023896684870123863,0.00034996410249732435,-0.014568747021257877,-0.0226028673350811,-0.028748977929353714,-0.03525491803884506,-0.0382358692586422,-0.08640101552009583,-0.05654896795749664,-0.05600999668240547,-0.03941674157977104,-0.031470056623220444,-0.0213483739644289,-0.04661091789603233,-0.028469910845160484,-0.01939285360276699,-0.019866066053509712,-0.02851628139615059,-0.013826831243932247,-0.027661748230457306,-0.005733344703912735,-0.012176119722425938,-0.014718295074999332,0.0012451985385268927,-0.006674239411950111,-0.02553262561559677,0.0029044875409454107,-0.013819086365401745,-0.036249347031116486,0.02057587169110775,0.007271944545209408,-0.009761861525475979,-0.031583577394485474,-0.028847670182585716,-0.01263665221631527,-0.0028956213500350714,0.055525824427604675,-0.009073003195226192,-0.0035759739112108946,0.023463474586606026,-0.01046381238847971,-0.013745910488069057,-0.013168935663998127,-0.07436437904834747,0.14835932850837708,0.0064109512604773045,-0.47716617584228516,-0.13838693499565125,0.35266607999801636,-0.7309337258338928,0.06986545026302338,-0.7670485973358154,0.813553512096405,-0.09198012948036194,-0.2381487488746643,-1.491463541984558,-0.255646675825119,0.09896984696388245,-1.0121585130691528,0.14959633350372314,-2.120225667953491,-0.9607023596763611,0.30793297290802,1.9283627271652222,-0.3378814458847046,-0.045052528381347656,0.41132664680480957,0.007382847368717194,-0.6429134011268616,0.03699907660484314,-0.2832421660423279,0.08646934479475021,-0.17040789127349854,0.07605832070112228,0.014342809095978737,-0.020107313990592957,0.02147066220641136,-0.06315314769744873,-0.0069173905067145824,-0.01742321066558361,-0.03689918294548988,0.026701554656028748,0.035806842148303986,0.036596205085515976,0.023390738293528557,-0.01793384738266468,0.07215109467506409,-0.045743245631456375,0.03534496948122978,-0.0015737746143713593,0.3900113105773926,-0.16546563804149628,-0.04340318590402603,0.017714424058794975,-0.04746439307928085,0.10401737689971924,-0.681401252746582,0.20270852744579315,0.13828334212303162,0.29220741987228394,-1.6517088413238525,1.1134333610534668,-0.9007880091667175,-0.048851095139980316,1.68601026473425e-08,0.008528846316039562,-0.00012713503383565694,-2.4274180532302125e-07,1.1703181712618971e-07,-1.1159279893036e-05,-0.0002049752656603232,4.299459457397461,0.2096758335828781,0.015157179906964302,-0.0012207349063828588,0.005384462885558605,0.01430826261639595,-0.02029973268508911,0.008232214488089085,0.032810699194669724
652,-0.0009000767604447901,-0.002879110164940357,-0.006148078478872776,-0.006548769772052765,-0.008685439825057983,-0.007370591629296541,-0.0045713940635323524,-0.004280500113964081,-0.004070498049259186,-0.004584397189319134,-0.00312891136854887,-0.002307167276740074,-0.0010406572837382555,0.004798803478479385,0.01817907765507698,0.04886205494403839,0.08102229982614517,0.06735508888959885,0.07647286355495453,0.04984156787395477,0.04363074526190758,0.020225102081894875,-0.0003557705495040864,-0.010642685927450657,-0.016073554754257202,-0.00942810345441103,-0.006745160557329655,0.010549323633313179,0.057743899524211884,0.14585493505001068,0.4241839051246643,0.5788817405700684,0.5082529783248901,0.3746792674064636,0.3163067400455475,0.22651413083076477,0.17057591676712036,0.05843425169587135,0.0028806973714381456,-0.01707981713116169,-0.02582218497991562,-0.03253873065114021,-0.037462543696165085,-0.0455547496676445,-0.08475363254547119,-0.06471925228834152,-0.05640334635972977,-0.04399755224585533,-0.040726952254772186,-0.028997350484132767,-0.04982132092118263,-0.035631608217954636,-0.024221275001764297,-0.020290911197662354,-0.029976293444633484,-0.02116546593606472,-0.033388152718544006,-0.015093316324055195,-0.018455859273672104,-0.026746487244963646,-0.010777633637189865,-0.015628427267074585,-0.040445249527692795,-0.01883181557059288,-0.01614680141210556,-0.04472145810723305,0.011877353303134441,-0.02823576331138611,-0.07984979450702667,-0.014910644851624966,-0.026124080643057823,0.0008260892936959863,0.016268648207187653,0.2316635698080063,-0.03054436482489109,0.01866436004638672,0.0010647883173078299,-0.0514228530228138,-0.0950513407588005,0.17890816926956177,0.15936852991580963,0.004399314522743225,-0.06102822721004486,0.01347061526030302,-0.011837904341518879,0.21016620099544525,-0.22270973026752472,0.6178466081619263,-0.8081014156341553,2.2611727714538574,0.17164230346679688,-0.7561284303665161,-1.1964184045791626,-0.21249350905418396,0.16389580070972443,-0.009921170771121979,0.0017448753351345658,0.0046801939606666565,-0.010029921308159828,-0.0869661346077919,0.7337543964385986,-0.4121926426887512,0.9839540719985962,2.794118642807007,2.0737884044647217,-3.840552806854248,2.0305299758911133,-0.8775892853736877,0.22178973257541656,-0.8526598215103149,0.5219566226005554,-0.069880910217762,0.08744368702173233,-0.11698435992002487,-0.08258341252803802,-0.015712063759565353,-0.08451937139034271,0.08800654858350754,-0.17757144570350647,-0.03155834227800369,0.05285782739520073,0.05752018466591835,0.021125230938196182,-0.057474732398986816,-0.018186314031481743,-0.025384195148944855,0.07266070693731308,-0.03307004272937775,-0.08956649154424667,0.025302890688180923,0.2349349409341812,-0.34769541025161743,-0.5680450201034546,0.4774180054664612,-0.0870412290096283,0.6968633532524109,-1.5529690980911255,2.8657331466674805,-0.6335256695747375,-1.1630181074142456,-0.08813577145338058,-1.593266318877795e-08,0.00010568880679784343,-5.888553641852923e-05,-6.726905326104315e-07,-4.678810228142538e-08,-2.1576183826255146e-06,-0.00013972201850265265,-4.789709568023682,0.2096986025571823,0.017168566584587097,-0.0030268081463873386,0.008307882584631443,0.017045924440026283,-0.01631934568285942,0.029038988053798676,0.03146141394972801
653,-0.0011835555778816342,-0.0026475777849555016,0.0004924026434309781,0.012100852094590664,0.030057527124881744,0.03623225912451744,0.025426989421248436,0.016037216410040855,0.005190824158489704,-0.00270806229673326,-0.005757162347435951,-0.00544299092143774,-0.006656799931079149,-0.009825775399804115,-0.009628836065530777,-0.008178229443728924,0.0018988114316016436,0.01269330084323883,0.03742001950740814,0.06918182969093323,0.11763332784175873,0.12960579991340637,0.06715290993452072,0.02529033087193966,-0.010704864747822285,-0.016031935811042786,-0.026718370616436005,-0.018827026709914207,-0.02164693921804428,-0.025362085551023483,-0.03916903957724571,-0.020961429923772812,0.009934100322425365,0.05070991814136505,0.10002937912940979,0.16054373979568481,0.15975436568260193,0.058973658829927444,-0.03184644505381584,-0.0662008598446846,-0.08102429658174515,-0.09366181492805481,-0.10856003314256668,-0.09350865334272385,-0.1629396677017212,-0.08606648445129395,-0.017108898609876633,0.08724125474691391,0.19843149185180664,0.2637775242328644,0.5678842663764954,0.33764877915382385,0.15027616918087006,0.06232014298439026,0.0012622622307389975,-0.017012661322951317,-0.04507029056549072,-0.02423616126179695,-0.03103247657418251,-0.04029211029410362,-0.002504732459783554,-0.007506210822612047,0.049513399600982666,-0.03980628773570061,0.08453746140003204,0.24433758854866028,-0.08830985426902771,-0.01924322359263897,-0.033365048468112946,0.014052505604922771,-0.008083179593086243,-0.017816992476582527,-0.03283237665891647,-0.14349421858787537,0.015958735719323158,0.030279016122221947,-0.01621832326054573,-0.011538044549524784,0.004161789081990719,-0.429741770029068,-0.451364666223526,-0.17429818212985992,-0.1386917233467102,-0.1683683693408966,-0.04207294061779976,-0.06221763789653778,0.024174286052584648,-0.07281879335641861,0.11689198762178421,-0.1339101940393448,0.011504434049129486,-0.011049747467041016,-0.23021845519542694,0.029963962733745575,0.19320912659168243,-0.587753415107727,0.5885146856307983,-0.8915618062019348,-0.23571421205997467,-0.01569867506623268,-0.19890503585338593,0.10082842409610748,0.008709230460226536,-0.07357461005449295,0.00265731499530375,0.3203151822090149,-0.16946841776371002,0.11902709305286407,-0.03614826127886772,0.3805256187915802,-0.3743787109851837,0.22928376495838165,-0.28504857420921326,0.1146121397614479,0.4298937916755676,0.08240392059087753,-0.07022233307361603,0.5174989700317383,-0.3771532475948334,0.0631127879023552,-0.0661599263548851,0.12254686653614044,0.09831001609563828,-0.2123735398054123,0.042497824877500534,0.01190460380166769,0.143507182598114,-0.4208327829837799,0.43685412406921387,-0.037086233496665955,-0.049375541508197784,-0.1449064165353775,0.1625240445137024,-0.4855666756629944,0.2454012781381607,0.3325710892677307,-0.31569916009902954,0.33719322085380554,-0.02872978337109089,0.12300117313861847,-0.0021168754901736975,5.795976903755218e-06,-0.022228727117180824,0.0014532625209540129,-3.910814029950416e-06,2.585470383564825e-06,0.00025383924366906285,0.0021246278192847967,0.07164445519447327,-0.0350763238966465,-0.11483043432235718,-0.008937770500779152,-0.01628335565328598,-0.18270358443260193,-0.14836296439170837,-0.10687185078859329,-0.13768860697746277
654,0.0002765111275948584,0.0025560413487255573,0.005993598606437445,0.005976835265755653,0.0035850757267326117,-0.0007715310202911496,-0.0021423608995974064,0.00012321786198299378,0.005412445869296789,0.012032512575387955,0.011088517494499683,0.008883652277290821,0.009088159538805485,0.011023147031664848,0.01592084765434265,0.017518434673547745,0.009383770637214184,-0.002316901460289955,-0.01486932672560215,-0.023854071274399757,-0.03429706394672394,-0.044610776007175446,-0.028244223445653915,-0.02195233851671219,-0.012090417556464672,-0.0016131651354953647,0.00044417628669179976,-0.0037028801161795855,-0.011549479328095913,-0.021996043622493744,-0.0515654981136322,-0.05560770630836487,-0.05328986421227455,-0.05479513853788376,-0.06698866933584213,-0.1001862958073616,-0.142372265458107,-0.13498739898204803,-0.12692025303840637,-0.08448490500450134,-0.07821129262447357,-0.07313554733991623,-0.06256067007780075,-0.05205567553639412,-0.08941924571990967,-0.0570465587079525,-0.05063464865088463,-0.028568223118782043,-0.01248731929808855,0.009286375716328621,0.044136665761470795,0.04544617608189583,0.03953639790415764,0.032872650772333145,0.02218131721019745,-0.0038833257276564837,-0.012179194949567318,-0.010559866204857826,-0.011126825585961342,-0.010825582779943943,-0.008278722874820232,-0.018330993130803108,-0.033595941960811615,-0.0076173897832632065,-0.018299080431461334,-0.025594497099518776,0.01659599505364895,-0.01068500243127346,-0.08529750257730484,0.0006322480621747673,-0.00319882994517684,-0.0326240099966526,-0.0284004844725132,-0.1397387683391571,-0.0077585577964782715,-0.006033780053257942,0.020438814535737038,-0.017484422773122787,-0.00040869880467653275,-0.01435878872871399,-0.03242766857147217,0.017578544095158577,-0.02974933385848999,0.0024758721701800823,0.009371783584356308,-0.07292717695236206,0.029950296506285667,-0.0319586880505085,0.07570993900299072,-0.12073073536157608,0.0039273593574762344,0.026194026693701744,0.06312557309865952,-0.0687289759516716,-0.04821932688355446,0.05126241594552994,-0.048457104712724686,0.17187517881393433,-0.03239079937338829,-0.006010234355926514,-0.152865469455719,0.056313373148441315,-0.012748888693749905,-0.09033326804637909,0.006156590301543474,0.15622329711914062,-0.22339433431625366,0.012006320059299469,-0.10241556912660599,0.24974070489406586,-0.24019969999790192,0.240809366106987,-0.14982424676418304,-0.003724345238879323,0.04941123351454735,0.055507466197013855,-0.17601129412651062,0.23351876437664032,-0.26958969235420227,0.09204661846160889,0.05249569192528725,0.2002234011888504,-0.03651642054319382,-0.1520833671092987,-0.03245501592755318,-0.03397766128182411,0.17793533205986023,-0.1646827906370163,0.3157435953617096,-0.05810408294200897,0.015266647562384605,-0.0022979292552918196,0.16274790465831757,-0.1931275576353073,0.12619787454605103,0.23309573531150818,-0.3797491490840912,0.1115436926484108,0.16840164363384247,-0.06418898701667786,0.06225498020648956,-2.9240629828564124e-07,-0.02067050337791443,-0.00032516143983229995,-1.6666177771185176e-06,-7.94935459680346e-08,-1.785561653377954e-05,-0.0005728535470552742,1.0626215934753418,-0.06240890547633171,0.02232358418405056,0.0049232374876737595,-0.02612759917974472,0.0435316301882267,0.010439599864184856,0.0273014847189188,0.04654737189412117
655,0.0030479629058390856,0.015510082244873047,0.03837219998240471,0.018831919878721237,0.028101423755288124,0.01631447672843933,0.004749555606395006,-0.00017238454893231392,-0.0021095294505357742,-0.003257939824834466,-0.002567911520600319,-0.0023809270933270454,-0.002810405334457755,-0.004767850507050753,-0.005416164640337229,-0.0061611514538526535,-0.006268673110753298,-0.00426277332007885,-0.0030837617814540863,-0.0011427964782342315,-6.362774001900107e-05,-0.002384908962994814,-0.0051378305070102215,-0.010431189090013504,-0.014372013509273529,-0.009765745140612125,-0.01286181528121233,-0.010429486632347107,-0.01176760345697403,-0.013422755524516106,-0.02450546808540821,-0.02209249883890152,-0.018903285264968872,-0.01723293960094452,-0.014629032462835312,-0.009481498040258884,-0.00023557855456601828,0.0027246272657066584,-0.0012946408241987228,-0.003384905168786645,0.017362218350172043,0.10127919167280197,0.32162198424339294,0.6165070533752441,1.4021772146224976,1.0703994035720825,0.8923601508140564,0.4399029612541199,0.2876911461353302,0.08334065228700638,0.07099226862192154,0.04940196871757507,0.06198727339506149,0.06466911733150482,0.06448276340961456,0.015624567866325378,-0.004751559346914291,-0.010051482357084751,-0.010728907771408558,-0.001891257124952972,0.001258310629054904,0.015313312411308289,0.026018215343356133,0.012375771068036556,-5.424441405921243e-05,-0.0196695514023304,0.007036923430860043,-0.006436733528971672,0.020987479016184807,0.043343666940927505,0.021716013550758362,0.06592871993780136,0.0638040229678154,0.04552400857210159,-0.0021114947739988565,-0.022900382056832314,-0.009919396601617336,-0.12239234894514084,-0.15907935798168182,-0.08044664561748505,0.038346562534570694,-0.10114212334156036,0.022243138402700424,-0.04822215065360069,-0.033451031893491745,0.6618115901947021,-0.22038552165031433,-0.16335900127887726,-0.786621630191803,0.5468520522117615,0.10149038583040237,-0.02364434115588665,-0.12243574857711792,0.20049996674060822,0.34771350026130676,-0.11475405097007751,0.18966566026210785,-0.08630436658859253,0.008661920204758644,-0.02583921141922474,-0.04049740731716156,-0.006104421801865101,-0.027331022545695305,0.05796554312109947,0.05476817116141319,-0.6059280633926392,0.5485405921936035,0.1997871994972229,0.0791034996509552,-0.10038196295499802,-0.02176303043961525,-0.3597002625465393,0.25434568524360657,-0.1864226758480072,0.04272628203034401,-0.1867569088935852,-0.01591646671295166,-3.362541610840708e-05,-0.0934235006570816,0.17208023369312286,0.12205605208873749,0.3601718842983246,0.1573774814605713,-0.7921769618988037,-0.17233069241046906,0.011449027806520462,-0.6954779624938965,1.9971941709518433,-7.029281139373779,1.9769824743270874,-0.6767842173576355,3.0407519340515137,-2.4874377250671387,-0.14965581893920898,0.2674599587917328,-0.2434762716293335,0.9764781594276428,-1.147381067276001,0.2454429417848587,0.43551963567733765,-0.5427741408348083,5.948786707676845e-08,-0.005082624964416027,-0.00010741164442151785,-8.798492103778699e-07,3.143115634429705e-07,-1.383429753332166e-05,-0.0002422822144581005,-2.1381587982177734,0.20549793541431427,0.031060557812452316,-0.004289996810257435,-0.009711462073028088,0.015190617181360722,0.03008587285876274,0.051559627056121826,0.01534472405910492
656,-0.0009648645645938814,-0.002563664922490716,-0.0013337187701836228,0.003986301366239786,0.009834598749876022,0.009523654356598854,0.003915384411811829,-0.0014472786569967866,-0.005261165555566549,-0.008293043822050095,-0.007555186282843351,-0.00647750636562705,-0.008520268835127354,-0.011550634168088436,-0.013626055791974068,-0.015572186559438705,-0.01458312664180994,-0.009060406126081944,-0.006175007205456495,-0.0005218793521635234,0.0008389193098992109,-0.0035417377948760986,-0.011235636658966541,-0.019411219283938408,-0.020738884806632996,-0.0049431463703513145,0.009272820316255093,0.014260591007769108,0.020648229867219925,0.014102218672633171,-0.004418822005391121,-0.03154119849205017,-0.04021476209163666,-0.04210921376943588,-0.04437673091888428,-0.060673728585243225,-0.08550159633159637,-0.09813637286424637,-0.10986596345901489,-0.08764823526144028,-0.09016945958137512,-0.09180974215269089,-0.08565238863229752,-0.07033877819776535,-0.13039125502109528,-0.09395501017570496,-0.0960051640868187,-0.07328859716653824,-0.06653573364019394,-0.04444047808647156,-0.05615685507655144,-0.03261037543416023,-0.02816423960030079,-0.029045436531305313,-0.046611350029706955,-0.027903711423277855,-0.053027521818876266,-0.04154760390520096,-0.05096476525068283,-0.07373557239770889,-0.02387177385389805,-0.0481286495923996,-0.07860474288463593,-0.0028263044077903032,-0.041859861463308334,-0.07457937300205231,0.035762008279561996,-0.007394982967525721,-0.09728652238845825,0.025892207399010658,0.0010401583276689053,-0.022213254123926163,-0.033107418566942215,-0.14539891481399536,-0.016922995448112488,-0.010238314047455788,0.07384295761585236,-0.0285076554864645,-0.007687549572438002,-0.012620179913938046,-0.04271474853157997,0.014110379852354527,-0.024370381608605385,0.010975237935781479,0.011874143034219742,-0.08608361333608627,0.028810041025280952,-0.044824305921792984,0.08451905846595764,-0.12577520310878754,0.02422160655260086,0.056789908558130264,0.14687415957450867,-0.07253721356391907,-0.060211725533008575,0.05021413788199425,-0.053062066435813904,0.1756066232919693,-0.00951952300965786,0.02439165487885475,-0.2569139897823334,0.12095405161380768,0.04034969210624695,-0.10620122402906418,-0.022483859211206436,0.3093498945236206,-0.1941068172454834,0.13696864247322083,-0.14863811433315277,0.3318822681903839,-0.2910737693309784,0.2242741584777832,-0.19409054517745972,-0.014611332677304745,0.11361435800790787,0.10452961921691895,-0.20479616522789001,0.5075989365577698,-0.42189162969589233,0.10489008575677872,0.02534293755888939,0.2635592818260193,-0.019266003742814064,-0.24307438731193542,-0.15614832937717438,0.062378134578466415,0.18808430433273315,-0.3504163324832916,0.503036379814148,-0.08683466911315918,-0.11838768422603607,-0.005279566626995802,0.2719573676586151,-0.41621145606040955,0.14509932696819305,0.4121946096420288,-0.40449944138526917,0.19589194655418396,0.13408343493938446,-0.014717401936650276,0.07403572648763657,6.811781076976331e-07,-0.007890542037785053,0.0005546610918827355,7.318643042708572e-07,2.1837038275407394e-06,6.564031355082989e-05,0.0008759648189879954,2.598198652267456,-0.2996622323989868,-0.018122514709830284,0.012560797855257988,-0.02299305982887745,0.01727725937962532,-0.005535099655389786,0.027047893032431602,0.010000243782997131
657,0.0060071139596402645,0.028768621385097504,0.04683763533830643,0.026549113914370537,0.035249996930360794,0.024646002799272537,0.013309820555150509,0.0070549193769693375,0.001818823628127575,-0.001752368058077991,-0.0026261538732796907,-0.002759166294708848,-0.0034107284154742956,-0.0061722551472485065,-0.007071652449667454,-0.008058699779212475,-0.008209817111492157,-0.0050356825813651085,-0.003470695111900568,-0.000886153313331306,0.00045557040721178055,-0.0021885831374675035,-0.006338297389447689,-0.012470146641135216,-0.017797183245420456,-0.011490405537188053,-0.016613619402050972,-0.012619257904589176,-0.013749067671597004,-0.015900667756795883,-0.031026242300868034,-0.030672352761030197,-0.026805264875292778,-0.030489077791571617,-0.041489411145448685,-0.05108219385147095,-0.058351848274469376,-0.023343930020928383,0.043406158685684204,0.14109283685684204,0.3083784282207489,0.5557568669319153,0.8560691475868225,0.8659327030181885,1.4492571353912354,0.9034363031387329,0.7242434024810791,0.46008679270744324,0.4102343022823334,0.2288898527622223,0.27757835388183594,0.16719891130924225,0.12287703156471252,0.07925762236118317,0.06736790388822556,0.024418748915195465,0.010323308408260345,-0.0007841579499654472,-0.0017069891327992082,0.01164040807634592,0.011953101493418217,0.020481986925005913,0.03548262268304825,0.008444299921393394,0.00013588290312327445,-0.018710559234023094,0.011768394149839878,-0.006128186825662851,-0.0580584891140461,-0.01576579548418522,-0.012113045901060104,0.009746433235704899,0.031431831419467926,0.09017244726419449,0.020344067364931107,-0.007472752593457699,0.01242022030055523,-0.13024179637432098,-0.13768698275089264,-0.02124936506152153,-0.004126757383346558,0.02204841747879982,-5.054929351899773e-05,-0.13904564082622528,-0.25030088424682617,1.4121254682540894,0.31590786576271057,0.39488688111305237,-0.35763537883758545,1.1407383680343628,-0.11366596817970276,0.12108913064002991,-0.2804904282093048,0.6027418971061707,0.5291674137115479,-0.07245858758687973,0.3205944299697876,-0.16580654680728912,0.09304527193307877,0.006601264234632254,0.16580837965011597,-0.13212567567825317,-0.011934937909245491,0.2058660387992859,-0.19721634685993195,-0.6066601872444153,0.2693310081958771,0.0744442492723465,-0.004608896095305681,-0.20492121577262878,0.04553044214844704,-0.09935203194618225,0.05511675775051117,-0.12705764174461365,-0.12117362022399902,-0.06335995346307755,0.07821068167686462,-0.0017750398255884647,-0.1539774090051651,0.3524799942970276,0.134890615940094,0.4657781720161438,-0.1077267974615097,0.7877138257026672,-1.4513286352157593,-1.500245213508606,-2.909979820251465,5.499572277069092,-5.5349602699279785,0.9251177310943604,-0.8212397694587708,0.405212938785553,-4.582112789154053,1.667272925376892,-0.7235782146453857,-0.4826415181159973,2.0769801139831543,-2.003142833709717,-0.7954286932945251,-0.004175145179033279,-0.20556479692459106,1.3556562805661088e-07,-0.005407410208135843,-0.00015774925122968853,-1.736955596243206e-06,4.781541633747111e-07,-1.7075706637115218e-05,-0.0003078049048781395,-1.5266815423965454,0.2787979543209076,0.04137173295021057,-0.005888834595680237,-0.014659388922154903,0.02011106349527836,0.03727167844772339,0.06883243471384048,0.02577666938304901
658,-4.566392453853041e-05,0.0005882839323021472,0.0025840215384960175,0.0024239136837422848,0.0027751983143389225,0.0003251175512559712,-0.001876475871540606,-0.003255811519920826,-0.00381479668430984,-0.0044009387493133545,-0.001576487091369927,0.002066979417577386,0.014660214073956013,0.04417610168457031,0.08716362714767456,0.11368497461080551,0.10213206708431244,0.05330394580960274,0.02271954156458378,-0.0001466322282794863,-0.015917405486106873,-0.0256670992821455,-0.01629691570997238,-0.013352770358324051,-0.007300132419914007,-0.0011183763854205608,-1.1751019883377012e-05,-0.001975857885554433,-0.006475034635514021,-0.012966722249984741,-0.02846440114080906,-0.020800137892365456,0.0029072873294353485,0.05299495905637741,0.18237386643886566,0.420715868473053,0.6906041502952576,0.5863108038902283,0.42953920364379883,0.19314026832580566,0.07147180289030075,-0.011671840213239193,-0.04551558569073677,-0.051618631929159164,-0.07726465910673141,-0.03300100192427635,-0.01999514363706112,-0.011883087456226349,-0.01831362210214138,-0.02127218432724476,-0.042523112148046494,-0.03554069995880127,-0.03148014098405838,-0.022593935951590538,-0.006043302360922098,0.025043169036507607,0.09332922846078873,0.11583629995584488,0.24216468632221222,0.257232129573822,0.05505790188908577,0.1061796098947525,0.03352978080511093,-0.002707201521843672,-0.009749887511134148,-0.01929406449198723,0.021306047216057777,-0.005192999262362719,0.017307832837104797,-0.025928407907485962,0.05234594643115997,0.037764839828014374,0.025242764502763748,0.0014705444918945432,-0.014292672276496887,-0.006099076475948095,0.018485207110643387,0.0038504498079419136,-0.00946726743131876,-0.04113319516181946,-0.11398813128471375,0.08401760458946228,-0.005862513557076454,-0.039168670773506165,-0.015349659137427807,-0.03547607734799385,0.009439312852919102,-0.013349604792892933,-0.2006327360868454,0.07047474384307861,-0.45041054487228394,-0.2336225062608719,-0.6577064394950867,0.11099927872419357,0.01485054288059473,-0.19894134998321533,0.0038797438610345125,0.11069926619529724,0.013244041241705418,-0.016548359766602516,0.012665005400776863,-0.03320816531777382,-0.1825900822877884,0.0412651002407074,-0.006107103079557419,0.03903758153319359,-0.19991861283779144,-0.01389120053499937,-0.08903747797012329,-0.0025395273696631193,0.4477008879184723,-1.7367923259735107,1.3945871591567993,-0.04280644282698631,-1.2155619859695435,-0.6358197927474976,1.310831069946289,-0.6461594104766846,0.12598125636577606,0.023661620914936066,0.0038344208151102066,0.024133536964654922,0.024408554658293724,0.1991860270500183,0.27513572573661804,-0.07581095397472382,0.12197951972484589,0.2234657257795334,0.062292229384183884,-0.033491846174001694,0.004835271742194891,0.12221692502498627,-0.3860601484775543,0.8063855767250061,-0.6753386855125427,-3.5902347564697266,4.205113887786865,-0.5841870307922363,-0.18173210322856903,0.2211955338716507,-0.13592858612537384,9.845505388739184e-08,-0.018433017656207085,-0.00023485426208935678,-1.6909785927055054e-06,5.895192316529574e-07,-2.1694720999221317e-05,-0.000552718061953783,-1.8703863620758057,0.26692482829093933,0.04501551389694214,-0.005158105865120888,-0.01431662030518055,0.013693437911570072,0.03553859889507294,0.06264807283878326,0.04160572960972786
659,-0.0004852621932514012,-0.003603131975978613,-0.007855524308979511,-0.007272591348737478,-0.00901808775961399,-0.007950889877974987,-0.005955118220299482,-0.004698524717241526,-0.004633827600628138,-0.004835566971451044,-0.0040664332918822765,-0.004143489990383387,-0.0050262222066521645,-0.007186267990618944,-0.00921841710805893,-0.011024832725524902,-0.01199639867991209,-0.012228437699377537,-0.018027693033218384,-0.019683431833982468,-0.02257225476205349,-0.028538037091493607,-0.01407014112919569,-0.00606817239895463,0.005873452872037888,0.012583903968334198,0.03549470752477646,0.04912428557872772,0.09078256785869598,0.1035718098282814,0.1740850955247879,0.09015873819589615,0.026000095531344414,-0.00605768384411931,-0.016636090353131294,-0.00483942124992609,0.09933412075042725,0.28046295046806335,0.5145583152770996,0.5298794507980347,0.6892518401145935,0.6400421857833862,0.41291871666908264,0.18523471057415009,0.0850834995508194,-0.017225557938218117,-0.03612515702843666,-0.038087986409664154,-0.04554009065032005,-0.03756631538271904,-0.06003158167004585,-0.03751171752810478,-0.03645491972565651,-0.03178451955318451,-0.04738136753439903,-0.026214364916086197,-0.04266641288995743,-0.02398589625954628,-0.00645832996815443,0.04276924207806587,0.04035929590463638,0.09849332273006439,0.2516207695007324,0.04591333121061325,0.052134495228528976,0.023697586730122566,0.00486742053180933,-0.011009774170815945,-0.016597697511315346,-0.014416985213756561,0.008831256069242954,0.009823824279010296,0.020524650812149048,-0.00011274305143160746,-0.018789594992995262,-0.07668539136648178,0.034006278961896896,-0.13701291382312775,-0.16606958210468292,0.10222318768501282,0.17580987513065338,-0.13332697749137878,-0.011394163593649864,-0.011881088837981224,-0.01750170812010765,-0.021490467712283134,0.03572314605116844,-0.05574497580528259,0.13507303595542908,-0.09743805974721909,0.04532574862241745,0.11465022712945938,0.10170231759548187,-0.042085081338882446,0.0008980567217804492,-0.027494579553604126,-0.09104055911302567,-0.4190269410610199,-0.17961153388023376,-0.15864016115665436,0.3341003656387329,-0.29757875204086304,-0.062084514647722244,0.06113862991333008,-0.027516251429915428,-0.6031882762908936,0.8582815527915955,-0.7575703263282776,0.3654792904853821,-0.7949280738830566,1.6862990856170654,-0.4152243733406067,0.023112285882234573,-0.05345612391829491,-0.05405902862548828,-0.007378772366791964,0.36733612418174744,-1.1520315408706665,4.014819145202637,1.1096481084823608,-0.8471020460128784,-1.2624032497406006,0.41883301734924316,0.1845795065164566,0.0983995795249939,-0.05778174102306366,-0.112180195748806,0.17058496177196503,-0.6501441597938538,0.0991835743188858,0.41420644521713257,-0.8889451622962952,0.019573666155338287,0.6867732405662537,0.117250457406044,-0.06069714576005936,0.15244220197200775,-0.09655563533306122,0.0807080864906311,0.5882521271705627,-0.22397620975971222,1.933361559736113e-08,-0.013609405606985092,-0.00016306900943163782,-1.515990220468666e-06,1.6420517567894422e-07,-1.5006525245553348e-05,-0.00028423473122529685,-6.589166641235352,0.2528633773326874,0.03541450574994087,-0.007581788580864668,0.02768714167177677,0.027659837156534195,0.02482304535806179,0.05887541174888611,0.01184572372585535
660,0.001640436239540577,0.004980022553354502,0.00210207630880177,-0.003700721077620983,-0.008824720047414303,-0.009667959995567799,-0.007365459110587835,-0.006023899186402559,-0.0038185403682291508,0.0023118110839277506,0.014309532009065151,0.027802778407931328,0.05502864345908165,0.09754061698913574,0.10471351444721222,0.08401457220315933,0.037315692752599716,0.004166868515312672,-0.01400845404714346,-0.02292087860405445,-0.03147314116358757,-0.0425269678235054,-0.02780856005847454,-0.02354797162115574,-0.015324544161558151,-0.003203266765922308,-0.0003741192049346864,-0.0023634980898350477,-0.008398398756980896,-0.017683494836091995,-0.04613378271460533,-0.05084124580025673,-0.04508714750409126,-0.05208830162882805,-0.05831863731145859,-0.0749807059764862,-0.06343129277229309,0.027305735275149345,0.14253386855125427,0.19040429592132568,0.24124856293201447,0.22777102887630463,0.13717122375965118,0.0245217178016901,-0.08075593411922455,-0.09776955842971802,-0.10125622153282166,-0.07899074256420135,-0.07269353419542313,-0.04511076584458351,-0.043285198509693146,0.002142076613381505,0.037039849907159805,0.05753496289253235,0.07749506086111069,0.023306608200073242,-0.0001891822466859594,-0.024525752291083336,-0.043276555836200714,-0.05315243825316429,-0.024690479040145874,-0.0326186902821064,-0.02146683633327484,0.00816908199340105,0.026610758155584335,0.13421788811683655,-0.2635945677757263,0.12988696992397308,0.19078148901462555,-0.08052518963813782,0.006266281008720398,-0.03705519810318947,-0.04729755222797394,-0.214303657412529,-0.04147923365235329,-0.06663451343774796,0.04092952981591225,-0.014751844108104706,0.010680976323783398,-0.0264198649674654,-0.07183758169412613,0.01550921332091093,0.003649131627753377,-0.007762292865663767,-0.02139544114470482,-0.07747235894203186,0.027664484456181526,-0.070759616792202,0.05986935272812843,-0.08235131949186325,-0.05336325615644455,-0.21371209621429443,-0.2908776104450226,0.47672510147094727,0.30617162585258484,-0.12444313615560532,-0.04185201972723007,0.00522847194224596,0.011072201654314995,0.055813733488321304,-0.2527257204055786,0.19878852367401123,0.06784144043922424,-0.0941554456949234,0.0068396469578146935,0.023645777255296707,-0.012446160428225994,-0.10224955528974533,-0.09890356659889221,0.14100855588912964,-0.27125084400177,0.3834710121154785,-0.24840007722377777,0.012979552149772644,0.1028250902891159,0.048536282032728195,-0.05774184688925743,-1.0025705099105835,1.960891604423523,-0.5609989762306213,0.01296231523156166,-1.231027364730835,0.5760020017623901,0.26972851157188416,0.043066248297691345,-0.005693116690963507,0.2020074427127838,-0.21895037591457367,0.4126513600349426,-0.06563052535057068,-0.055164091289043427,0.023830704391002655,0.11332511901855469,-0.1492488533258438,0.12356091290712357,0.18198378384113312,-0.40042680501937866,0.09594715386629105,0.058542732149362564,-0.07790221273899078,0.13274480402469635,1.2358668755041435e-08,-0.02457134611904621,-0.00011618268763413653,4.875434456153016e-07,3.2869203892005316e-07,-2.2070362319936976e-05,-0.0006730837631039321,-0.09831263870000839,0.11065703630447388,0.014070211909711361,-0.0014004234690219164,-0.028754141181707382,0.010546611621975899,0.02942633628845215,0.011107650585472584,-0.011681877076625824
661,-0.0007049392443150282,-0.003801013808697462,-0.006334448233246803,-0.007118762470781803,-0.008179038763046265,-0.007742451969534159,-0.005502616986632347,-0.0043549854308366776,-0.004319429397583008,-0.004834769293665886,-0.004251094069331884,-0.003581978613510728,-0.004142303019762039,-0.0030752781312912703,0.005333216395229101,0.028891731053590775,0.06407926976680756,0.07755858451128006,0.10927863419055939,0.10172482579946518,0.08033734560012817,0.059714894741773605,0.012724705971777439,-0.007362233940511942,-0.018557224422693253,-0.01305810920894146,-0.015599013306200504,-0.008497786708176136,-0.004493430722504854,-0.0012447844492271543,-0.002170362276956439,-0.007949022576212883,-0.011789191514253616,-0.015233805403113365,-0.012837295420467854,0.0008920377003960311,0.07301609963178635,0.2026866227388382,0.3964557945728302,0.4225982427597046,0.5385869145393372,0.5570729970932007,0.41467928886413574,0.2312934845685959,0.18282154202461243,0.029974667355418205,-0.02242729812860489,-0.0342387817800045,-0.03493496775627136,-0.01784539967775345,-0.02880038507282734,-0.019338522106409073,-0.02516692690551281,-0.022648589685559273,-0.03749856725335121,-0.02878420054912567,-0.041659727692604065,-0.03448605537414551,-0.030080754309892654,-0.028414476662874222,-0.002419615862891078,0.020173806697130203,0.11321379244327545,0.021399645134806633,0.054744184017181396,0.1295851171016693,-0.038193363696336746,0.03903286159038544,0.014540176838636398,-0.006448133382946253,-0.03622351959347725,-0.04757842421531677,-0.027338195592164993,5.62166896997951e-05,0.01761843077838421,0.07163070887327194,-0.00698759313672781,0.006122741848230362,-0.0861165001988411,0.1084447130560875,0.12861602008342743,-0.09315713495016098,-0.032974276691675186,-0.004953939467668533,-0.009942350909113884,0.1530562937259674,-0.027264753356575966,0.09886099398136139,-0.08378177881240845,0.00915069505572319,0.009830677881836891,-0.006723383441567421,0.016012568026781082,0.018816376104950905,0.045686766505241394,0.07296989858150482,0.21928229928016663,-1.4672908782958984,0.5545998215675354,0.03886629641056061,1.7131645679473877,-0.7884839773178101,0.016461625695228577,-0.0031952220015227795,-0.004317605402320623,0.12337210774421692,-0.10830817371606827,-0.020941641181707382,-0.05894019082188606,-0.037364661693573,0.05353645235300064,0.001881536329165101,-0.07311312109231949,-0.008104810491204262,-0.026450516656041145,0.02256142534315586,0.21551313996315002,-1.3947981595993042,2.107680320739746,-0.45148351788520813,-0.4670647978782654,-1.9892808198928833,-0.28747469186782837,2.767951011657715,0.6320670247077942,-0.3119640648365021,-0.23102061450481415,0.18597710132598877,0.029936818405985832,0.010638951323926449,-0.0023939311504364014,0.026523752138018608,-0.07924114167690277,0.2660265564918518,0.03562592715024948,0.2910923659801483,-0.48817455768585205,0.24260084331035614,-0.3348403573036194,-0.09848127514123917,0.127494215965271,1.3594319447918224e-08,-0.017891887575387955,-0.00015351716137956828,-1.964826196854119e-06,6.339270441912959e-08,-1.6332049199263565e-05,-0.00033366080606356263,-4.522911071777344,0.2350420206785202,0.03892434388399124,-0.005258096847683191,0.012222308665513992,0.024451658129692078,0.02764005959033966,0.036552947014570236,0.03188952058553696
662,-0.0012808070750907063,-0.004992900416254997,-0.00801779329776764,-0.005745428614318371,0.0017380047356709838,0.010093213059008121,0.010436803102493286,0.007588665466755629,0.0019194531487300992,-0.0036269621923565865,-0.005208021495491266,-0.0041299741715192795,-0.002470494946464896,0.0021424510050565004,0.01127961277961731,0.02122080698609352,0.02608923241496086,0.020182698965072632,0.023797089233994484,0.02768504060804844,0.02705000527203083,0.020117854699492455,0.0007796557620167732,-0.008324308320879936,-0.008222231641411781,0.000699380412697792,0.012513497844338417,0.014781856909394264,0.027808737009763718,0.03798217326402664,0.06941740959882736,0.0552658773958683,0.036833424121141434,0.021336890757083893,0.008620008826255798,-0.011046878062188625,-0.02710336446762085,-0.022513367235660553,-0.01871192269027233,-0.021424131467938423,-0.027711374685168266,-0.023078201338648796,0.004310924094170332,0.026735596358776093,0.094293974339962,0.06440072506666183,0.07582544535398483,0.061990153044462204,0.06282762438058853,0.05997024103999138,0.1146109476685524,0.08202377706766129,0.04733449965715408,0.0337691493332386,0.03169087693095207,0.006783814635127783,0.020114662125706673,0.0068964362144470215,0.014005204662680626,0.03331788256764412,-0.015482290647923946,0.014395277947187424,0.04176485911011696,-0.02720463089644909,-0.001683987444266677,-0.010033627972006798,0.021709617227315903,0.0020726288203150034,-0.062417276203632355,0.006768781691789627,-0.007630970329046249,-0.015829872339963913,0.005432961042970419,0.049030207097530365,0.004838091321289539,-0.04430757835507393,-0.13966216146945953,0.0030492085497826338,0.05927320569753647,-0.10577913373708725,-0.0889512449502945,0.022247150540351868,-0.059638649225234985,-0.11158091574907303,-0.10523892194032669,0.03264482319355011,-0.08109186589717865,0.01193874329328537,-0.23141199350357056,0.02471114881336689,-0.10350122302770615,-0.06708434969186783,-0.16107971966266632,-0.048747193068265915,0.024390632286667824,-0.059777092188596725,0.02587359957396984,-0.20025336742401123,-0.169773668050766,-0.04449306055903435,0.006536912173032761,0.05718696862459183,0.024139991030097008,-0.08240919560194016,-0.002331844996660948,0.34138548374176025,-0.196181058883667,0.12372150272130966,-0.05299537256360054,0.3904699385166168,-0.4015350937843323,0.17604544758796692,-0.2733691930770874,0.04881632328033447,0.2578497529029846,0.11729765683412552,-0.1346176266670227,0.5348246693611145,-0.42219802737236023,0.09686847031116486,0.016689514741301537,0.18126916885375977,0.057618238031864166,-0.22166237235069275,-0.07092853635549545,-0.011899902485311031,0.14084696769714355,-0.40521106123924255,0.5216948986053467,-0.11806418001651764,-0.0824866071343422,-0.09728358685970306,0.17293663322925568,-0.44306617975234985,0.2179930955171585,0.4631449282169342,-0.3422936201095581,0.21167698502540588,0.030650652945041656,0.09683149307966232,0.04861116409301758,-7.202621077340154e-07,-0.04328495264053345,-0.0002651998947840184,-2.243359631393105e-06,-6.357115580613026e-07,-4.926712335873162e-06,-0.00017252426187042147,0.41455844044685364,-0.08706868439912796,-0.13147267699241638,-0.008782163262367249,-0.016692232340574265,-0.17933358252048492,-0.1344033032655716,-0.10889355093240738,-0.16326755285263062
663,0.0018322122050449252,0.013475575484335423,0.02095061168074608,0.014908265322446823,0.009382194839417934,0.001430604374036193,-0.0024055014364421368,-0.003472805256024003,-0.004150074906647205,-0.004564354196190834,-0.003183709690347314,-0.0022230411414057016,-0.00020838883938267827,0.007995476946234703,0.03160122409462929,0.060687340795993805,0.07706368714570999,0.06065930426120758,0.05020840838551521,0.026130884885787964,0.011936102993786335,0.005767811555415392,0.005578748416155577,0.011052520014345646,0.011376313865184784,0.004103334154933691,0.002808967139571905,-0.0018804692663252354,-0.006771130952984095,-0.01223369874060154,-0.0257561132311821,-0.015737073495984077,0.009704925119876862,0.06016584858298302,0.16126473248004913,0.35740676522254944,0.5818164944648743,0.5022323131561279,0.35729387402534485,0.1445731669664383,0.08530747890472412,0.05079907551407814,0.07241162657737732,0.08797276765108109,0.13116945326328278,0.048287034034729004,0.014416209422051907,-0.010806847363710403,-0.027035364881157875,-0.027865972369909286,-0.04604022204875946,-0.0337115079164505,-0.028197016566991806,-0.016807816922664642,0.012803010642528534,0.0471695177257061,0.14296148717403412,0.15705160796642303,0.29000893235206604,0.34369033575057983,0.07787936925888062,0.15277202427387238,0.08649341017007828,0.003396382322534919,0.0012904799077659845,-0.005594490095973015,0.004836247768253088,-0.006348316092044115,-0.033229779452085495,0.004187726881355047,-0.011867054738104343,0.0014700404135510325,0.014484075829386711,0.12115436047315598,0.05597846210002899,0.09903836250305176,-0.20094648003578186,0.3525490164756775,0.07040732353925705,-0.18587808310985565,-0.18829947710037231,0.0064824772998690605,-0.025082111358642578,-0.09201525896787643,-0.042153842747211456,0.019380901008844376,-0.014734276570379734,-0.01642361283302307,-0.0812101736664772,-0.05044782906770706,-0.2304290235042572,-0.16061259806156158,-0.6449620723724365,0.24603597819805145,0.2666548192501068,-0.31148988008499146,0.026308851316571236,-0.5232778787612915,-0.12009727954864502,-0.14023491740226746,0.7275965809822083,-0.4683111608028412,-0.42788437008857727,0.12482619285583496,-0.013822133652865887,-0.006951291114091873,-0.11646175384521484,-0.01995362527668476,-0.022485777735710144,-0.012805042788386345,0.5649603605270386,-0.8833760023117065,0.5511267781257629,0.7634485363960266,-0.6624487638473511,-0.032483864575624466,1.2864550352096558,-1.128246784210205,1.025631308555603,-0.44547054171562195,0.00039883164572529495,-0.46280786395072937,0.01845582388341427,0.20578233897686005,0.09718185663223267,-0.06635966897010803,-0.00830459501594305,0.13175244629383087,-0.06711481511592865,0.020826371386647224,0.19778351485729218,0.001555281225591898,-1.3130375146865845,1.2171292304992676,-1.1271792650222778,-3.581747055053711,4.060987949371338,-0.13908372819423676,-0.6423330307006836,0.3876488208770752,-0.09273561090230942,3.832985839835601e-08,-0.012709494680166245,-0.0002132627705577761,-1.8028296153715928e-06,4.213139561670687e-07,-1.7654028852120973e-05,-0.00043903436744585633,-2.591048002243042,0.26991546154022217,0.04249555617570877,-0.005140986759215593,-0.015337090007960796,0.02104286476969719,0.027086956426501274,0.05792969837784767,0.03962516784667969
664,-0.0009018964483402669,-0.005340272095054388,-0.01050099078565836,-0.01164412684738636,-0.01339520514011383,-0.011732210405170918,-0.008227964863181114,-0.0066253854893147945,-0.0048276400193572044,-5.045985017204657e-05,0.010767895728349686,0.021768510341644287,0.04640050604939461,0.07703156024217606,0.08163530379533768,0.0667334496974945,0.028697103261947632,0.0011686526704579592,-0.01488390751183033,-0.023479154333472252,-0.031850531697273254,-0.04236327111721039,-0.02727208286523819,-0.019663535058498383,-0.003961410839110613,0.009787527844309807,0.025812407955527306,0.018550870940089226,0.011753596365451813,-0.003568203654140234,-0.03281896561384201,-0.0464104562997818,-0.04407242313027382,-0.05242237448692322,-0.058211423456668854,-0.07535701245069504,-0.06000039353966713,0.03885771706700325,0.16494500637054443,0.21346256136894226,0.25488701462745667,0.2206263244152069,0.12811903655529022,0.01233987882733345,-0.09636957198381424,-0.10628116875886917,-0.1066826656460762,-0.08136089891195297,-0.0751706212759018,-0.05461513251066208,-0.08374897390604019,-0.054516084492206573,-0.053215399384498596,-0.044404592365026474,-0.06136392056941986,-0.035967640578746796,-0.05823690816760063,-0.05092517286539078,-0.05176224932074547,-0.059167567640542984,-0.02300388552248478,-0.035173311829566956,-0.035021618008613586,-0.0010530761210247874,0.027405813336372375,0.11038511991500854,-0.18937721848487854,0.11924508213996887,0.14360174536705017,-0.061848223209381104,-0.0030552761163562536,-0.041460976004600525,-0.050363682210445404,-0.21595649421215057,-0.035876818001270294,-0.05894896760582924,0.04978886991739273,-0.020531168207526207,-0.003922318574041128,-0.016459889709949493,-0.043556272983551025,0.009143011644482613,-0.02078464813530445,0.00697554275393486,-0.024861129000782967,-0.09486754983663559,0.019910456612706184,-0.06632497161626816,0.07115820795297623,-0.09164029359817505,-0.04798252135515213,-0.2211005687713623,-0.22279910743236542,0.5406946539878845,0.3116171061992645,-0.10847927629947662,-0.016002792865037918,0.046043891459703445,-0.001898495014756918,0.04770146682858467,-0.2568541169166565,0.2089780569076538,0.07298286259174347,-0.09680678695440292,0.03300010412931442,0.275692343711853,-0.21344918012619019,0.16441471874713898,-0.10538020730018616,0.23889458179473877,-0.30950164794921875,0.44603878259658813,-0.29151982069015503,0.05398516356945038,0.17504599690437317,0.058947596698999405,-0.11159621924161911,-0.9001007676124573,1.4030507802963257,-0.6912373304367065,0.14312422275543213,-1.2118840217590332,0.27057093381881714,0.25779154896736145,0.026681454852223396,0.002557454165071249,0.18152466416358948,-0.2738000154495239,0.40632084012031555,-0.06766610592603683,-0.07169393450021744,-0.00866097491234541,0.21028150618076324,-0.342202752828598,0.16981735825538635,0.3893682062625885,-0.5283884406089783,0.1290297657251358,0.043191954493522644,-0.02476147934794426,0.1524200141429901,-2.54855308412516e-07,0.008915197104215622,-1.7436179405194707e-05,2.1553580609179335e-06,-5.398121061261918e-07,-2.5778059352887794e-05,0.0004150552849750966,0.5102871656417847,0.0736808031797409,0.014803753234446049,-0.0013223651330918074,0.005219734739512205,0.006225695367902517,0.03228702023625374,0.011830837465822697,-0.01236580777913332
665,0.0016688794130459428,0.0049431766383349895,0.001906698220409453,-0.004005085211247206,-0.008971692062914371,-0.009849227964878082,-0.007481639739125967,-0.006037495099008083,-0.0038362015038728714,0.002368143992498517,0.0147101990878582,0.028141947463154793,0.05547533929347992,0.09728258848190308,0.1027633547782898,0.08286681771278381,0.03750583902001381,0.004266731441020966,-0.013702803291380405,-0.022708477452397346,-0.03131090849637985,-0.04186468571424484,-0.027738546952605247,-0.02343730442225933,-0.015130608342587948,-0.0030957693234086037,-0.0002828284341376275,-0.002270548138767481,-0.008290125988423824,-0.01772225834429264,-0.04601235315203667,-0.050515852868556976,-0.044771719723939896,-0.05203944072127342,-0.058074336498975754,-0.07414271682500839,-0.062108948826789856,0.02879534289240837,0.14426128566265106,0.19406658411026,0.24345633387565613,0.22650964558124542,0.13780443370342255,0.024566244333982468,-0.08047761768102646,-0.09815972298383713,-0.10134846717119217,-0.07874981313943863,-0.07241185009479523,-0.0447237528860569,-0.04205726087093353,0.003570710774511099,0.038598354905843735,0.05755370110273361,0.07757943123579025,0.0231802836060524,-0.0014803261728957295,-0.02507459558546543,-0.04273472726345062,-0.05289401859045029,-0.024922732263803482,-0.03162773698568344,-0.021300463005900383,0.007854429073631763,0.03616071119904518,0.14857280254364014,-0.2572222352027893,0.14110837876796722,0.19057463109493256,-0.07853490859270096,0.006683890707790852,-0.03686411678791046,-0.04461020976305008,-0.211722269654274,-0.036896172910928726,-0.06615720689296722,0.03670636564493179,-0.01498408429324627,0.010521316900849342,-0.034615904092788696,-0.061608828604221344,0.02138720452785492,-0.0016630877507850528,-0.010851907543838024,-0.02405533939599991,-0.0817011147737503,0.024735750630497932,-0.07111328095197678,0.06170189380645752,-0.08219298720359802,-0.057898081839084625,-0.2314635068178177,-0.3078911304473877,0.5045155882835388,0.28758561611175537,-0.12454770505428314,-0.038128018379211426,0.005963826086372137,0.005475097801536322,0.051241565495729446,-0.2471456676721573,0.19643454253673553,0.06438153982162476,-0.09170594811439514,0.003280326956883073,0.006744162645190954,-0.03374950587749481,-0.10660204291343689,-0.1017681360244751,0.13598811626434326,-0.27543142437934875,0.3794969320297241,-0.2552488446235657,0.004117830656468868,0.0965474471449852,0.04756873846054077,-0.04269235581159592,-0.969023585319519,2.0289905071258545,-0.5120151042938232,-0.012492995709180832,-1.1492347717285156,0.5458118319511414,0.3140106797218323,0.026564346626400948,-0.007992774248123169,0.200874462723732,-0.250453382730484,0.39594241976737976,-0.07544369250535965,-0.040485549718141556,0.023457182571291924,0.12107889354228973,-0.14543552696704865,0.11711040884256363,0.17920106649398804,-0.4018951654434204,0.0917142927646637,0.06648457795381546,-0.07468382269144058,0.12529022991657257,9.887755503257267e-09,-0.024624431505799294,-0.0003617017646320164,-1.3817682429362321e-06,2.7451335427031154e-07,-2.8495425794972107e-05,-0.0007646511658094823,-0.5305564403533936,0.13172978162765503,0.02259754203259945,-0.0015543705085292459,-0.02875296212732792,0.010494494810700417,0.029501089826226234,0.012599562294781208,-0.011554800905287266
666,-0.0008055827347561717,-0.002264321781694889,-0.00551440566778183,-0.005364779848605394,-0.007817376405000687,-0.006277995649725199,-0.003930134233087301,-0.0033867473248392344,-0.00332415709272027,-0.003530010813847184,-0.0019018518505617976,0.0002930059563368559,0.005268984008580446,0.022568006068468094,0.040335919708013535,0.06681948155164719,0.0741724893450737,0.03879435732960701,0.02614978700876236,0.006669700611382723,-0.0027011188212782145,-0.007028595078736544,-0.0023672659881412983,0.0005655662389472127,-0.000601335137616843,-0.002499506575986743,-0.004882644396275282,0.0012271384475752711,0.026998698711395264,0.08384450525045395,0.2908634543418884,0.4887697994709015,0.46814119815826416,0.3968897759914398,0.31597983837127686,0.24029670655727386,0.1394028216600418,0.0206584595143795,-0.02011943608522415,-0.025575408712029457,-0.02994430623948574,-0.0393834114074707,-0.045226819813251495,-0.053772103041410446,-0.09042034298181534,-0.06479471176862717,-0.05253916233778,-0.040077731013298035,-0.03648988902568817,-0.026789631694555283,-0.042411383241415024,-0.028582250699400902,-0.0230022631585598,-0.018019620329141617,-0.02569800242781639,-0.019877152517437935,-0.028987165540456772,-0.017606448382139206,-0.021700382232666016,-0.026392489671707153,-0.010589953511953354,-0.013601506128907204,-0.03945767134428024,-0.011757739819586277,-0.012114327400922775,-0.029698913916945457,0.010126006789505482,-0.00932755321264267,0.0034036303404718637,0.025298545137047768,0.049222059547901154,0.10584152489900589,0.06585323810577393,0.1848251223564148,-0.012513812631368637,-0.002457214053720236,-0.005630418658256531,-0.12695351243019104,-0.1095820963382721,0.11114589869976044,0.21559961140155792,-0.07999664545059204,-0.01088518276810646,0.0118248974904418,0.023223016411066055,0.41080066561698914,-0.6055188775062561,0.9499813318252563,-0.7239602208137512,1.8078778982162476,-0.07806103676557541,-0.6073123216629028,-0.3867015540599823,-0.02085547149181366,0.06642404198646545,0.023510767146945,0.07368484139442444,-0.03967266157269478,-0.025183184072375298,-0.030566461384296417,0.1090775802731514,-0.3071960210800171,0.7013353109359741,2.164438247680664,3.326663017272949,-4.285552501678467,2.2351925373077393,-0.7045986652374268,0.4487731158733368,-1.0364445447921753,0.1533452421426773,0.03763236477971077,0.05962497740983963,-0.012191208079457283,-0.024656713008880615,-0.005448488984256983,-0.0989123061299324,0.12739622592926025,-0.18904618918895721,-0.04893387109041214,0.08926788717508316,0.04226947948336601,-0.004201394971460104,-0.005039832089096308,0.03201020881533623,-0.07041960954666138,-0.28362584114074707,0.4753003418445587,-0.7325515747070312,-0.030452998355031013,0.1731022298336029,-0.04424716532230377,0.11926083266735077,-0.8415612578392029,-1.132811427116394,0.3471892178058624,-1.9102208614349365,2.2427425384521484,-0.2591029703617096,-0.27585217356681824,0.03624304383993149,2.152205702543597e-08,0.004927195608615875,-5.745809539803304e-05,1.3482947736065398e-07,-6.05492402883101e-08,-1.5971260154401534e-06,-0.0001437665632693097,-3.6832990646362305,0.18353654444217682,0.014462314546108246,-0.0025961711071431637,0.005366318393498659,0.015799082815647125,-0.01560261007398367,0.02694404497742653,0.03035162203013897
667,-0.0008951396448537707,-0.005192815791815519,-0.010311346501111984,-0.011380472220480442,-0.013098839670419693,-0.011484147980809212,-0.00802670232951641,-0.00623317901045084,-0.004442615434527397,0.0012694408651441336,0.014307537116110325,0.0264567993581295,0.057457033544778824,0.09766320139169693,0.09888708591461182,0.0844568982720375,0.040583353489637375,0.005538115277886391,-0.01255826186388731,-0.022340213879942894,-0.031213141977787018,-0.042358122766017914,-0.029495520517230034,-0.026875825598835945,-0.020915795117616653,-0.006050826981663704,-0.0019110525026917458,-0.0011475012870505452,-0.005251471418887377,-0.014871847815811634,-0.041950929909944534,-0.04877987504005432,-0.04303281009197235,-0.05244605243206024,-0.05684187635779381,-0.07399722188711166,-0.05983810871839523,0.03661459684371948,0.16084349155426025,0.21337750554084778,0.25549256801605225,0.21439549326896667,0.12165350466966629,0.010265599936246872,-0.09469074755907059,-0.10577841848134995,-0.10483798384666443,-0.07996483892202377,-0.07226328551769257,-0.05269443243741989,-0.08225753158330917,-0.05314215272665024,-0.05170293152332306,-0.04348454251885414,-0.06028274819254875,-0.036217376589775085,-0.059199851006269455,-0.05156174302101135,-0.04934762418270111,-0.058573558926582336,-0.02322653867304325,-0.031662531197071075,-0.03214652091264725,-0.006075337529182434,0.02640068717300892,0.13014239072799683,-0.19666849076747894,0.15181787312030792,0.19194145500659943,-0.08080895990133286,0.0073152873665094376,-0.0407857708632946,-0.0440196618437767,-0.2147560864686966,-0.027483293786644936,-0.06317627429962158,0.0528399758040905,-0.026700083166360855,-0.008747829124331474,-0.0050484840758144855,-0.022323641926050186,0.007932829670608044,-0.022680332884192467,0.011374599300324917,-0.02805253677070141,-0.09974117577075958,0.020003758370876312,-0.06370929628610611,0.06931372731924057,-0.08844716846942902,-0.040160536766052246,-0.2689209282398224,-0.21254561841487885,0.6600946187973022,0.45227062702178955,-0.12144377827644348,-0.005630223546177149,0.023319058120250702,-0.009674438275396824,0.037821244448423386,-0.25729095935821533,0.21860389411449432,0.07086657732725143,-0.09101399779319763,0.0517963282763958,0.4206305742263794,-0.2612561583518982,0.31208300590515137,-0.10286729037761688,0.27873265743255615,-0.3146913945674896,0.48874935507774353,-0.3144974708557129,0.07828067243099213,0.22024869918823242,0.059234220534563065,-0.1353556364774704,-1.1481729745864868,1.5162729024887085,-0.779667317867279,0.41417744755744934,-1.3319423198699951,0.25613248348236084,0.3610444664955139,0.03527326136827469,0.00875152088701725,0.15371336042881012,-0.29563266038894653,0.38954445719718933,-0.06924333423376083,-0.0905228778719902,-0.032291147857904434,0.324354887008667,-0.5662482380867004,0.059200044721364975,0.4598332643508911,-0.6010146141052246,0.14345689117908478,0.014396749436855316,0.011110223829746246,0.15145058929920197,2.14682268051547e-06,0.01058624591678381,0.001154123805463314,9.853120985781061e-08,2.0828679225814994e-06,0.00017243008187506348,0.001625750563107431,0.13373425602912903,0.09726907312870026,0.02054567076265812,-0.0023496956564486027,0.00548076955601573,0.004918928723782301,0.033064842224121094,0.011358635500073433,-0.013050084002315998
668,0.0003433526726439595,0.0030091707594692707,0.008090697228908539,0.0099993497133255,0.017057958990335464,0.02078084647655487,0.02127845212817192,0.023127054795622826,0.025023560971021652,0.02979494258761406,0.020783929154276848,0.017429888248443604,0.01914740353822708,0.025735022500157356,0.03276597335934639,0.03895129635930061,0.03360511735081673,0.020927397534251213,0.00994935818016529,-0.00323651940561831,-0.011222361586987972,-0.011035852134227753,-0.0006840997375547886,0.003529816633090377,-0.001533959060907364,-0.005464161746203899,-0.009777228347957134,-0.003832252463325858,0.003709933254867792,0.010515568777918816,0.027341274544596672,0.023531194776296616,0.014391322620213032,0.0061945500783622265,-0.0014915361534804106,-0.01589311845600605,-0.03564950078725815,-0.043757133185863495,-0.04635883495211601,-0.03501908481121063,-0.032716162502765656,-0.031906865537166595,-0.027452804148197174,-0.021877845749258995,-0.020979275926947594,-0.0017017503269016743,0.015855053439736366,0.03135709837079048,0.04781744256615639,0.04790175333619118,0.09316540509462357,0.07352970540523529,0.09009318798780441,0.09202908724546432,0.14360596239566803,0.06787128746509552,0.10824764519929886,0.07253793627023697,0.07868264615535736,0.09814117103815079,0.027546335011720657,0.05329863727092743,0.07158137857913971,-0.0259377621114254,0.0021468433551490307,0.008893679827451706,-0.03724728524684906,-0.022523798048496246,-0.0029105152934789658,-0.01400301605463028,-0.008112198673188686,-0.001095680519938469,-0.001287963823415339,-0.0017896118806675076,0.006535436026751995,-0.0002387277636444196,-0.021050481125712395,0.02750014141201973,0.0589628666639328,-0.020259225741028786,-0.04697525501251221,0.04728499427437782,-0.023556966334581375,-0.061067935079336166,-0.0713798776268959,0.03903602808713913,-0.05017590895295143,0.02115515246987343,-0.07201168686151505,-0.031119920313358307,-0.03821605071425438,0.01270036119967699,-0.054313987493515015,-0.01432386226952076,-0.015033122152090073,-0.0779784768819809,-0.04172147065401077,-0.20132777094841003,-0.09070029854774475,-0.1030624583363533,0.09998806565999985,-0.1169111430644989,-0.11708451062440872,-0.016855642199516296,-0.026938945055007935,-0.1622830331325531,0.08775150775909424,-0.0840320736169815,-0.06157302111387253,-0.048678528517484665,0.14414477348327637,0.05715612694621086,-0.017217673361301422,-0.012681118212640285,-0.14011280238628387,-0.1475757509469986,0.13469968736171722,-0.4078214466571808,0.20817720890045166,-0.050763070583343506,0.0489523746073246,-0.23979246616363525,-0.05438019335269928,0.06437679380178452,0.15346863865852356,0.021061360836029053,0.059112969785928726,0.16507132351398468,-0.22298644483089447,-0.06666628271341324,0.15760232508182526,0.0557667501270771,0.11374486237764359,0.32030367851257324,0.028817681595683098,-0.3422129452228546,0.27926281094551086,-0.25406405329704285,0.1306626945734024,-0.005601863842457533,0.06346102803945541,8.32066220368688e-08,-0.048042383044958115,-0.00025441424804739654,-3.2552304674027255e-06,3.9291148823394906e-07,-1.2191438145237043e-05,-0.0003331074840389192,-0.11812260001897812,0.15524931252002716,0.03336000069975853,0.000425052538048476,-0.024364784359931946,0.035073209553956985,0.020343396812677383,0.04182933270931244,0.04245681315660477
669,-4.207185338600539e-05,0.0013752076774835587,0.004768834915012121,0.007476019207388163,0.006273477803915739,0.0007909043924883008,-0.003773641074076295,-0.006568908225744963,-0.007581395097076893,-0.00828916672617197,-0.005436130333691835,-0.001556244445964694,0.004608079791069031,0.016992606222629547,0.03174455091357231,0.04240322485566139,0.037622347474098206,0.018107643350958824,0.014834612607955933,0.019657300785183907,0.03006124123930931,0.041019100695848465,0.02127298153936863,0.003351969178766012,-0.017206933349370956,-0.01592244766652584,-0.022834155708551407,-0.011408016085624695,-0.0003415447717998177,0.01894559897482395,0.06509078294038773,0.06599265336990356,0.0435631200671196,0.02327873557806015,0.014430697076022625,0.015795134007930756,0.025084741413593292,0.02340630441904068,0.01742728427052498,0.005154463928192854,-0.0028334427624940872,-0.013300848193466663,-0.02438962273299694,-0.027190333232283592,-0.020320184528827667,0.028603194281458855,0.08996102213859558,0.09359925240278244,0.08332836627960205,0.05607316642999649,0.06217338144779205,0.03706619516015053,0.029123306274414062,0.03540449216961861,0.057038743048906326,0.026196345686912537,0.06487221270799637,0.027296343818306923,0.036758359521627426,0.04513305053114891,-0.007826803252100945,0.0019847089424729347,0.00397086376324296,-0.014074528589844704,-0.003882154356688261,-0.003829232882708311,0.012130474671721458,-0.0041831620037555695,-0.047170817852020264,-0.009135625325143337,-0.013383161276578903,-0.017040885984897614,0.0005226380308158696,0.0626998096704483,0.0042495825327932835,-0.05988262593746185,-0.14533640444278717,0.004726362880319357,0.03628285229206085,-0.08833455294370651,-0.08154996484518051,0.014554719440639019,-0.06849030405282974,-0.15672533214092255,-0.1382683664560318,0.06450220942497253,-0.07124058157205582,0.00937646720558405,-0.18934954702854156,-0.0022552674636244774,-0.11048141121864319,-0.09353484213352203,-0.20242691040039062,-0.04361851140856743,0.018717674538493156,-0.06685483455657959,0.022996626794338226,-0.12112227082252502,-0.09243711084127426,-0.011604136787354946,-0.15132571756839752,0.12209001928567886,0.040076956152915955,-0.08833558112382889,-0.0005945922457613051,0.3580295145511627,-0.19730618596076965,0.1215628832578659,-0.058398280292749405,0.3851127624511719,-0.39851677417755127,0.1707952618598938,-0.27118760347366333,0.029101930558681488,0.262690931558609,0.1061248928308487,-0.15627390146255493,0.5171026587486267,-0.4326002299785614,0.09819210320711136,0.0027634601574391127,0.1815560907125473,0.03761209174990654,-0.21909506618976593,-0.056656353175640106,0.017414582893252373,0.12961234152317047,-0.4033443033695221,0.49452024698257446,-0.12606769800186157,-0.06603273749351501,-0.08153247833251953,0.18573185801506042,-0.43326157331466675,0.21426323056221008,0.4361056089401245,-0.3569534718990326,0.1997152417898178,0.049472566694021225,0.11097349226474762,0.03689683601260185,-7.350648161263962e-07,-0.03699678182601929,-0.00042169212247245014,-2.430623680993449e-06,-8.907172741601244e-07,-2.4641996787977405e-05,-0.0006347958697006106,0.366493284702301,-0.08368862420320511,-0.13590805232524872,-0.010194357484579086,-0.024229878559708595,-0.17572227120399475,-0.1502559334039688,-0.09996433556079865,-0.17101190984249115
670,-0.0011197751155123115,-0.00584328081458807,-0.011286119930446148,-0.014642283320426941,-0.01680167205631733,-0.013546455651521683,-0.007376696914434433,-0.001714822486974299,0.0050550722517073154,0.012162613682448864,0.011853001080453396,0.00915016420185566,0.009553533047437668,0.010993001982569695,0.016126545146107674,0.017703499644994736,0.00977210234850645,-0.002102113561704755,-0.015129505656659603,-0.024339089170098305,-0.03492815047502518,-0.04564405232667923,-0.028966864570975304,-0.02264355681836605,-0.012818641029298306,-0.0017672807443886995,0.0005498075042851269,-0.0034719568211585283,-0.011464200913906097,-0.022306127473711967,-0.0523279644548893,-0.056198056787252426,-0.05290915444493294,-0.0525386780500412,-0.05869835615158081,-0.07802250236272812,-0.09510380029678345,-0.08249327540397644,-0.07892468571662903,-0.06175115332007408,-0.0655473917722702,-0.07041855156421661,-0.07178568840026855,-0.07146244496107101,-0.14628960192203522,-0.10242241621017456,-0.09414790570735931,-0.05518249422311783,-0.031173599883913994,-0.0017894116463139653,0.02194993756711483,0.02432745322585106,0.019710561260581017,0.01214866153895855,-0.0042776381596922874,-0.014212751761078835,-0.03238901123404503,-0.02616215869784355,-0.025659965351223946,-0.027177799493074417,-0.010877832770347595,-0.021114712581038475,-0.03657790645956993,-0.00699378689751029,-0.01847514510154724,-0.028197845444083214,0.02127452753484249,-0.010590370744466782,-0.09954248368740082,0.0036798007786273956,-0.0022545591928064823,-0.034589167684316635,-0.03361142799258232,-0.1473834365606308,-0.010291576385498047,-0.00759644340723753,0.02037893794476986,-0.018016774207353592,-0.003189517417922616,-0.015675576403737068,-0.03309158235788345,0.02046402357518673,-0.029722221195697784,0.007418749388307333,0.018344737589359283,-0.08847502619028091,0.030448023229837418,-0.03124798834323883,0.08691704273223877,-0.12410818785429001,0.00798964686691761,0.030761750414967537,0.08551320433616638,-0.0751587450504303,-0.06371074169874191,0.08275139331817627,-0.05604048818349838,0.2539863884449005,-0.02654006890952587,0.00835692510008812,-0.18509358167648315,0.08067198842763901,0.003295166650786996,-0.09908105432987213,0.005587088409811258,0.190542072057724,-0.238239586353302,0.03995675966143608,-0.09744346886873245,0.2923145294189453,-0.2601321339607239,0.26006603240966797,-0.16472598910331726,-0.0027567571960389614,0.05454237386584282,0.06711709499359131,-0.18668971955776215,0.2703045904636383,-0.295644074678421,0.10362570732831955,0.06310977786779404,0.21826215088367462,-0.04446276277303696,-0.15209154784679413,-0.029466500505805016,-0.03222917020320892,0.17778606712818146,-0.14735281467437744,0.3101733326911926,-0.059333574026823044,0.014534193091094494,-0.001237247372046113,0.17758069932460785,-0.23180681467056274,0.12113998830318451,0.3034648299217224,-0.4240178167819977,0.1402040421962738,0.18626661598682404,-0.06822769343852997,0.06615789234638214,-4.818856496058288e-07,-0.03835950046777725,-0.00026198956766165793,-1.630013116482587e-06,-5.166485834706691e-07,-1.6889329344849102e-05,-0.0005125810857862234,1.3179597854614258,-0.0946793332695961,0.030390573665499687,0.004076879937201738,-0.004297589883208275,0.044638246297836304,0.03011024184525013,0.04430536925792694,0.04773103445768356
671,-0.0007618993404321373,-0.0033257899340242147,-0.006099006626754999,-0.006432658527046442,-0.007412661798298359,-0.006528377532958984,-0.005152394995093346,-0.003744760761037469,-0.0027175182476639748,0.00027278976631350815,0.007221659645438194,0.018004488199949265,0.03943858668208122,0.06425660103559494,0.07321027666330338,0.06368452310562134,0.04243965446949005,0.016969185322523117,0.015243531204760075,0.016835888847708702,0.020720815286040306,0.021999815478920937,0.005374016240239143,-0.0058929636143147945,-0.015281781554222107,-0.011256149969995022,-0.014624074101448059,-0.009719973430037498,-0.008205855265259743,-0.005646139848977327,-0.005712486803531647,-0.00740397023037076,-0.013015810400247574,-0.020838705822825432,-0.0220095943659544,-0.004616522695869207,0.08910676091909409,0.22681351006031036,0.3705828785896301,0.35677003860473633,0.2989611327648163,0.2427588552236557,0.1518418937921524,0.06997708231210709,0.09645470976829529,0.08761684596538544,0.0900794267654419,0.06994447857141495,0.052889492362737656,0.018412623554468155,0.014957377687096596,0.00419151084497571,-0.00017554259102325886,-0.005792673211544752,-0.0156329907476902,-0.011215228587388992,-0.006444127298891544,0.008820473216474056,0.020300649106502533,0.040924716740846634,0.016960712149739265,0.02508755400776863,0.06046799197793007,-0.006636233069002628,0.07183127105236053,0.18445634841918945,-0.06797052919864655,0.04412268102169037,0.18932895362377167,-0.023853134363889694,0.054238636046648026,0.06334683299064636,0.02583581581711769,0.0678238496184349,0.005281085614115,-0.011876511387526989,0.010167487896978855,-0.0973239541053772,-0.05927220731973648,0.05332840234041214,0.09282278269529343,-0.007674374617636204,0.05415256693959236,0.0024091158993542194,-0.02183268778026104,0.00823141261935234,0.008528448641300201,-0.010912231169641018,0.018656468018889427,-0.025456901639699936,-0.0008786215912550688,-0.29132401943206787,-0.6786227822303772,0.451313316822052,0.2768249213695526,-0.18181999027729034,-0.09986333549022675,-0.576801598072052,0.23955845832824707,0.010658233426511288,0.6886340975761414,-0.3495906591415405,-0.0018963025650009513,0.040285442024469376,-0.1749924123287201,-0.48554742336273193,0.15646618604660034,-0.1103062778711319,0.03714771196246147,-0.07389833778142929,0.05114945024251938,-0.09190426021814346,0.08004628866910934,-0.018705174326896667,-0.14046330749988556,-0.07917679101228714,0.7004892826080322,-1.9732904434204102,2.200181007385254,-0.21335670351982117,-0.6663594841957092,-0.908828854560852,0.14046207070350647,1.3327274322509766,-0.1781381368637085,-0.2567072808742523,-0.41145190596580505,0.6929650902748108,-0.39686352014541626,0.08497888594865799,0.12016304582357407,0.04075723886489868,0.4106823205947876,-0.6062385439872742,0.12996229529380798,0.2820066809654236,-0.027721695601940155,0.07911482453346252,-0.06674598157405853,-0.28041380643844604,-0.5793861150741577,7.413934355327001e-09,-0.018383847549557686,-0.00013601352111436427,-1.8203741092293058e-06,3.5190714786637045e-09,-1.4096985978540033e-05,-0.00026211419026367366,-1.7153446674346924,0.21528129279613495,0.034861911088228226,-0.004349032416939735,0.0036660940386354923,0.01950540766119957,0.025878416374325752,0.04527407884597778,0.031002379953861237
672,-0.0008050923352129757,-0.004189268685877323,-0.007498500403016806,-0.007864970713853836,-0.009672898799180984,-0.008450735360383987,-0.00607998576015234,-0.0041375309228897095,-0.0005957675748504698,0.007521977182477713,0.016555918380618095,0.027416285127401352,0.04242336004972458,0.059911008924245834,0.04834337159991264,0.03671860322356224,0.02728923223912716,0.027249639853835106,0.05170193687081337,0.0658663660287857,0.08005547523498535,0.07581540197134018,0.026461951434612274,0.0007346583879552782,-0.016718659549951553,-0.014181267470121384,-0.02118011564016342,-0.015503964386880398,-0.01749538816511631,-0.01702951453626156,-0.012918935157358646,0.026305994018912315,0.07776692509651184,0.14560411870479584,0.2001679688692093,0.2641219198703766,0.26363733410835266,0.15548144280910492,0.13511809706687927,0.1342998743057251,0.19659091532230377,0.26606613397598267,0.26163172721862793,0.18456624448299408,0.17537622153759003,0.06133618578314781,0.05296005681157112,0.08040561527013779,0.12943360209465027,0.0964871346950531,0.13440939784049988,0.05272539332509041,0.021776622161269188,-0.002825406612828374,-0.019250554963946342,-0.011059030890464783,-0.0029682740569114685,0.007958351634442806,0.010157983750104904,0.01003989763557911,-0.0007092642481438816,-0.0012727106222882867,0.0228470079600811,-0.006225928198546171,0.02357998490333557,0.06688235700130463,-0.08187460154294968,0.00988941453397274,0.04210533946752548,-0.007722476962953806,0.014639920555055141,0.06347433477640152,0.027582786977291107,0.15437451004981995,0.021011676639318466,0.024679120630025864,-0.006319917272776365,-0.005982141476124525,-0.023094454780220985,-0.0025100756902247667,-0.010016830638051033,-0.03122144192457199,-0.013363681733608246,-0.009335042908787727,-0.02736034244298935,0.16237673163414001,-0.12599851191043854,0.0758858472108841,-0.13113483786582947,0.11983197182416916,0.048452313989400864,-0.061827052384614944,-0.38892877101898193,0.2528451383113861,0.4043551981449127,-0.24042198061943054,0.047388311475515366,-0.3725651800632477,0.030399218201637268,-0.05091428384184837,0.700874388217926,-0.570631206035614,-0.06417250633239746,0.11307244002819061,-0.20716841518878937,-0.3262661099433899,0.2650335431098938,-0.17602472007274628,0.11915130913257599,-0.6533511281013489,0.9504571557044983,-0.5079097151756287,0.08645480126142502,0.03990276902914047,-0.2408752739429474,-0.4129451811313629,1.4702143669128418,-1.4348431825637817,1.1415374279022217,-0.22118216753005981,-0.11942074447870255,-0.5702813863754272,0.019285796210169792,1.1277989149093628,0.12325063347816467,-0.09860058128833771,-0.563170850276947,0.8429837226867676,-0.7192385792732239,0.06000228598713875,0.12914836406707764,-0.07951221615076065,-0.12293218076229095,0.25415724515914917,0.11815093457698822,-0.08733287453651428,0.1977589726448059,-0.3863756060600281,-0.11405003815889359,0.27606409788131714,-0.2698318064212799,1.9457475275430625e-07,-0.01716812141239643,-0.00022596304188482463,-2.5347526388941333e-06,6.230762323866657e-07,-2.1841497073182836e-05,-0.00044206567690707743,-4.353645324707031,0.2733922004699707,0.046504925936460495,-0.005177085753530264,0.0022558593191206455,0.026880823075771332,0.036109961569309235,0.059533655643463135,0.03885601460933685
673,-0.0008911648183129728,-0.004805761855095625,-0.007730156648904085,-0.005377911031246185,0.0005858672084286809,0.01117649208754301,0.0177600160241127,0.0229710154235363,0.025958826765418053,0.030789734795689583,0.02137744054198265,0.017812270671129227,0.019643230363726616,0.028394177556037903,0.04147425666451454,0.05879596248269081,0.06130852550268173,0.04661994054913521,0.03536107391119003,0.010123896412551403,-0.011541998945176601,-0.03422172740101814,-0.029704464599490166,-0.034008145332336426,-0.03622806444764137,-0.018700435757637024,-0.020186206325888634,-0.0074425386264920235,0.002067324472591281,0.010234307497739792,0.02846287004649639,0.02527947910130024,0.016864201053977013,0.009941878728568554,0.006697603035718203,0.0040321750566363335,0.006224771961569786,0.0035051265731453896,-0.002751736668869853,-0.010501693934202194,-0.018267249688506126,-0.02819622866809368,-0.0369800440967083,-0.04465203359723091,-0.08909008651971817,-0.05529363825917244,-0.040804486721754074,-0.020074935629963875,-0.011789800599217415,-0.0012877407716587186,0.01179694477468729,0.023422593250870705,0.04236669838428497,0.0557698979973793,0.09759898483753204,0.047545578330755234,0.08095725625753403,0.051979538053274155,0.053620412945747375,0.0740102082490921,0.022287825122475624,0.05261501297354698,0.07797680795192719,-0.026237549260258675,-0.0010009431280195713,0.01401691883802414,-0.04544249549508095,-0.022212006151676178,-0.007686384487897158,-0.016327127814292908,-0.011904420331120491,-0.011350578628480434,-0.004392622970044613,-0.023690640926361084,0.0017232403624802828,-0.005075967404991388,0.003752796445041895,0.004420064389705658,0.032345760613679886,-0.014793342910706997,-0.039975088089704514,0.040803492069244385,-0.024339085444808006,-0.04998888447880745,-0.07084544003009796,0.04206758365035057,-0.048189498484134674,0.02374601550400257,-0.08069366216659546,-0.034905947744846344,-0.03703710064291954,0.01590937003493309,-0.041667696088552475,-0.0229866411536932,-0.013338721357285976,-0.03943049907684326,-0.045115258544683456,-0.06063326820731163,-0.06163424625992775,-0.04878814518451691,-0.028275253251194954,-0.024182142689824104,-0.06202557310461998,-0.05041717737913132,-0.019902745261788368,-0.06092151626944542,4.3603246012935415e-05,-0.08097559958696365,-0.07143454998731613,-0.007645941339433193,0.11844486743211746,0.07620116323232651,-0.05118715018033981,-0.017882496118545532,-0.140659898519516,-0.1406441628932953,0.1360640525817871,-0.35118815302848816,0.181157648563385,-0.02697610668838024,0.0558600090444088,-0.2084960788488388,-0.05246153846383095,0.04769220948219299,0.11112377792596817,-0.009969841688871384,0.06373866647481918,0.06445997953414917,-0.04699942097067833,-0.08015517890453339,0.14318394660949707,0.027748271822929382,0.10414272546768188,0.22074411809444427,0.08912505954504013,-0.233066588640213,0.15406043827533722,-0.20769213140010834,0.12413428723812103,0.03252145275473595,0.0475061796605587,1.0843154285566925e-07,-0.031113913282752037,-0.0002411745663266629,-2.805403937600204e-06,4.2412395373503387e-07,-9.38758603297174e-06,-0.0003583983634598553,0.05093169957399368,0.12837333977222443,0.03246710076928139,0.000579517160076648,-0.01471005193889141,0.034963302314281464,0.02092718705534935,0.042671553790569305,0.04232914373278618
674,0.0032730980310589075,0.011132453568279743,0.01717119850218296,0.018378958106040955,0.018071524798870087,0.014584271237254143,0.011881949380040169,0.013835292309522629,0.014273818582296371,0.011318303644657135,0.004150972701609135,-0.0012670664582401514,-0.004991240333765745,-0.009543969295918941,-0.010894686914980412,-0.01145545206964016,-0.005418755114078522,0.004655155818909407,0.019319139420986176,0.04137413203716278,0.06436634808778763,0.07967568188905716,0.04622545838356018,0.0339001826941967,0.024707786738872528,0.013092258013784885,0.01842278242111206,0.00995310116559267,0.009859282523393631,0.009434675797820091,0.022301556542515755,0.02399463951587677,0.015742357820272446,-0.0010867094388231635,-0.02627646178007126,-0.06940537691116333,-0.11342757195234299,-0.09935886412858963,-0.06600409746170044,-0.019763167947530746,0.007192566059529781,0.032203223556280136,0.06201715022325516,0.06040105223655701,0.12725107371807098,0.08345714211463928,0.10233186930418015,0.0849260538816452,0.08640900254249573,0.06958479434251785,0.10246671736240387,0.055820904672145844,0.027204610407352448,0.0207492858171463,0.028080226853489876,0.013307183049619198,0.03464267775416374,0.012303024530410767,0.020656412467360497,0.03536268696188927,-0.01708589494228363,0.015259431675076485,0.05705556273460388,-0.034600675106048584,0.009725847281515598,0.05456794425845146,-0.038487508893013,-0.011264617554843426,-0.0162456464022398,-0.04013831913471222,-0.020051131024956703,-0.018673421815037727,-0.010290134698152542,-0.005087888799607754,0.0067049358040094376,-0.011003692634403706,-0.04005313292145729,-0.009019831195473671,0.042414721101522446,-0.14101587235927582,-0.12302972376346588,0.009475859813392162,-0.09257717430591583,-0.23858073353767395,-0.17853662371635437,0.09529168158769608,-0.13316720724105835,0.03304271027445793,-0.2897777557373047,0.029054954648017883,-0.11239337176084518,-0.09664663672447205,-0.1996183693408966,0.002090774243697524,0.04180458188056946,-0.08701322972774506,0.02923489734530449,-0.20918412506580353,-0.1383182555437088,-0.034238118678331375,-0.08240050077438354,0.09369172900915146,0.02986023761332035,-0.08119696378707886,0.002334760734811425,0.34627190232276917,-0.20876096189022064,0.12760473787784576,-0.08048230409622192,0.3818657398223877,-0.4024343192577362,0.1786850541830063,-0.2644256353378296,0.03375569358468056,0.2934224307537079,0.114503413438797,-0.1550525724887848,0.5039182305335999,-0.41592496633529663,0.10425367206335068,0.027259236201643944,0.1662331223487854,0.04849369078874588,-0.22401922941207886,-0.045743659138679504,-0.00426460150629282,0.15110640227794647,-0.39653897285461426,0.4897618889808655,-0.09185217320919037,-0.06624740362167358,-0.08560840040445328,0.20492763817310333,-0.4472339153289795,0.20416441559791565,0.46684709191322327,-0.2981871962547302,0.22213244438171387,0.02704455517232418,0.11506148427724838,0.042659200727939606,-6.779812906643201e-07,-0.033900149166584015,-0.00028674284112639725,-2.08914207178168e-06,-5.705267085431842e-07,-1.654387597227469e-05,-0.0003261154342908412,0.14447106420993805,-0.06864159554243088,-0.1343553215265274,-0.008081012405455112,-0.030437400564551353,-0.17114906013011932,-0.136782705783844,-0.1123446524143219,-0.16473549604415894
675,0.00026390206767246127,0.0043170154094696045,0.015194473788142204,0.027976661920547485,0.0359678715467453,0.026015426963567734,0.010166365653276443,0.0007556600030511618,-0.004661422222852707,-0.007417903747409582,-0.005904908291995525,-0.003097446169704199,4.2063849832629785e-05,0.005699343979358673,0.012027014046907425,0.014456980861723423,0.009418832138180733,0.0022244201973080635,0.001520978519693017,0.008525202050805092,0.024242283776402473,0.05365690216422081,0.052865173667669296,0.05481035262346268,0.03335049748420715,0.00360941793769598,-0.008816341869533062,-0.008298689499497414,0.0001676042884355411,0.019137494266033173,0.0670674741268158,0.06594858318567276,0.037178605794906616,0.007282456383109093,-0.016556013375520706,-0.0375160276889801,-0.04006202518939972,-0.01477680541574955,0.006715136114507914,0.006874467246234417,-0.0031998364720493555,-0.019230637699365616,-0.03458830341696739,-0.03265328332781792,-0.008015455678105354,0.0659588873386383,0.16756869852542877,0.1661035418510437,0.14713679254055023,0.08918727934360504,0.08690572530031204,0.042258184403181076,0.03017672896385193,0.035964496433734894,0.0563933290541172,0.02376936562359333,0.05787407234311104,0.021604403853416443,0.03290172666311264,0.04502331092953682,-0.011385587975382805,0.002443133620545268,0.012903192080557346,-0.020463598892092705,0.0031377009581774473,0.0292934812605381,-0.022677792236208916,-0.008611288852989674,-0.033930107951164246,-0.010165596380829811,-0.011337953619658947,-0.01778325065970421,-0.007154334802180529,0.0582001768052578,0.0003251901362091303,-0.08159341663122177,-0.16806119680404663,0.0011675182031467557,0.04215443879365921,-0.07760737091302872,-0.07841411978006363,0.025253254920244217,-0.07683949917554855,-0.23458245396614075,-0.18856269121170044,0.096512570977211,-0.08653250336647034,0.008786735124886036,-0.18164333701133728,0.014127743430435658,-0.14265196025371552,-0.11325806379318237,-0.29237285256385803,-0.016377655789256096,0.05175676941871643,-0.08197274804115295,0.02976837009191513,-0.17049206793308258,-0.12131152302026749,-0.02378011681139469,-0.11962191015481949,0.11104612797498703,0.03968977555632591,-0.08356905728578568,0.0054885102435946465,0.35779520869255066,-0.20175063610076904,0.12251559644937515,-0.04928473383188248,0.3904985785484314,-0.4045264720916748,0.17112648487091064,-0.2635321021080017,0.0403020903468132,0.2871851921081543,0.10699237883090973,-0.1489582657814026,0.5138825178146362,-0.43602821230888367,0.09946358948945999,0.002649883506819606,0.16893991827964783,0.04680735617876053,-0.22052648663520813,-0.039533235132694244,0.015415951609611511,0.1342470645904541,-0.39752042293548584,0.49662911891937256,-0.1179574728012085,-0.06229135021567345,-0.08064272999763489,0.17683185636997223,-0.43169718980789185,0.21800026297569275,0.4458847641944885,-0.33858245611190796,0.22221457958221436,0.04133182764053345,0.12117834389209747,0.03647535666823387,3.7664452179342334e-07,-0.03773679584264755,-7.319987344089895e-05,-2.0981990473956103e-06,-3.2898762469812937e-07,1.817927841329947e-05,-0.0002903086133301258,0.21210971474647522,-0.07580117136240005,-0.13642631471157074,-0.00898770336061716,-0.022116340696811676,-0.17671644687652588,-0.14819853007793427,-0.10925304144620895,-0.1716269850730896
676,0.0013020291225984693,0.006903220899403095,0.013666493818163872,0.012382319197058678,0.01760183833539486,0.013762986287474632,0.009191105142235756,0.008402928709983826,0.01045533362776041,0.017812367528676987,0.01544918492436409,0.014724698849022388,0.015976279973983765,0.015130664221942425,0.007784473244100809,-0.002494539599865675,-0.008270257152616978,-0.006665538065135479,-0.001895169960334897,0.007027423940598965,0.02058587595820427,0.040301837027072906,0.029419131577014923,0.03004542924463749,0.028728440403938293,0.017048310488462448,0.027674883604049683,0.022300710901618004,0.023461584001779556,0.01837238483130932,0.02067982219159603,0.001031519379466772,-0.014447232708334923,-0.024033570662140846,-0.029983384534716606,-0.04012208804488182,-0.044222161173820496,-0.028824331238865852,-0.01271637249737978,0.0033066882751882076,0.016551874577999115,0.032173775136470795,0.036189258098602295,0.03215450048446655,0.058323170989751816,0.03726901113986969,0.040519051253795624,0.046639904379844666,0.0699431523680687,0.06617268919944763,0.1320759654045105,0.10436258465051651,0.13772372901439667,0.13630816340446472,0.20327617228031158,0.090789295732975,0.09885644167661667,0.0496332086622715,0.03961946815252304,0.03189167380332947,0.009053550660610199,0.014631330035626888,0.020159823819994926,-0.006717477925121784,-0.001846466213464737,-0.0030771943274885416,-0.032748278230428696,-0.021152794361114502,0.016119778156280518,-0.012609576806426048,0.012132354080677032,0.04308450222015381,0.024648725986480713,0.0753784328699112,0.02892194874584675,0.012700937688350677,-0.04900806397199631,0.05148879811167717,0.07800527662038803,-0.006106407847255468,-0.04842974618077278,0.07173880934715271,-0.03322156146168709,-0.08666130155324936,-0.12704531848430634,0.13827675580978394,-0.072613425552845,0.0484483428299427,-0.07838306576013565,0.015266450121998787,-0.03458556905388832,0.015806328505277634,-0.11082557588815689,0.03088916651904583,0.006169760134071112,-0.1603059321641922,-0.032750703394412994,-0.343135803937912,-0.0883125588297844,-0.13263721764087677,0.2105499804019928,-0.20436795055866241,-0.14109569787979126,0.04388727620244026,-0.041876427829265594,-0.1978284865617752,0.14962011575698853,-0.10726667940616608,-0.08390796184539795,-0.16636937856674194,0.1772550791501999,-0.017013760283589363,0.03880353271961212,-0.024342326447367668,-0.10932152718305588,-0.2239672839641571,0.17399226129055023,-0.5246176719665527,0.388914555311203,-0.08410920947790146,0.03471575304865837,-0.46214544773101807,0.06581788510084152,0.08437973260879517,0.3760276436805725,0.09141446650028229,-0.08853357285261154,0.4185638129711151,-0.7462328672409058,-0.1280220001935959,0.12309732288122177,0.09614229947328568,0.010786048136651516,0.660880446434021,-0.1540585160255432,-0.9699997901916504,0.8407996892929077,-0.480889230966568,0.15241920948028564,-0.0028827618807554245,0.01892886310815811,1.6035259875479824e-07,-0.041797935962677,-0.00033152394462376833,-3.488200036372291e-06,8.781618134889868e-07,-2.6099192837136798e-05,-0.0005828731809742749,-0.7606709003448486,0.2162010371685028,0.04543609544634819,-0.002972936723381281,-0.026858331635594368,0.03497594967484474,0.038396965712308884,0.05335192382335663,0.04803301766514778
677,0.0021033710800111294,0.007625375874340534,0.012960796244442463,0.016311969608068466,0.02023802511394024,0.019607005640864372,0.015585032291710377,0.01610049605369568,0.01811959780752659,0.0213227029889822,0.019136644899845123,0.013991533778607845,0.01484828069806099,0.013638203032314777,0.006964531261473894,-0.0014202548190951347,-0.007259634789079428,-0.005567288491874933,-0.003361472627148032,0.0039909640327095985,0.015584184788167477,0.032883621752262115,0.03224334865808487,0.03786231949925423,0.03560645878314972,0.019178645685315132,0.026115532964468002,0.015031125396490097,0.015405187383294106,0.011842280626296997,0.012245054356753826,-0.0002558953710831702,-0.010104473680257797,-0.018263190984725952,-0.02644098550081253,-0.0414644330739975,-0.054450083523988724,-0.04031772539019585,-0.015238679014146328,0.009263185784220695,0.025049202144145966,0.03604148328304291,0.0454949289560318,0.02261899970471859,0.022821329534053802,0.006056909915059805,0.01885167509317398,0.028086109086871147,0.047272950410842896,0.064217209815979,0.1471720039844513,0.12538108229637146,0.1011892706155777,0.09953520447015762,0.14120562374591827,0.05741911754012108,0.09511183947324753,0.02223742939531803,0.02482597902417183,0.027439473196864128,-0.010453875176608562,0.0051818909123539925,0.019523855298757553,-0.021512486040592194,0.006039595231413841,0.04039204120635986,-0.03207496181130409,-0.01145225577056408,-0.018257560208439827,-0.039016786962747574,-0.027159618213772774,-0.01922544091939926,-0.0031206102576106787,0.03525899350643158,0.007417778950184584,-0.02529638633131981,-0.09197431057691574,-0.0004383218183647841,0.05422202870249748,-0.13393311202526093,-0.10703206062316895,0.008076273836195469,-0.08918307721614838,-0.25073930621147156,-0.18587781488895416,0.1144828051328659,-0.1140298843383789,0.03046424500644207,-0.2027696669101715,-0.0070885648019611835,-0.07932393997907639,-0.04718341678380966,-0.18655157089233398,-0.01342957466840744,0.09492795169353485,-0.20081639289855957,0.1022278442978859,-0.434634268283844,-0.20539498329162598,-0.03695251792669296,-0.08298268914222717,0.09954237192869186,0.032121654599905014,-0.08312880247831345,0.00224415329284966,0.35033369064331055,-0.19827800989151,0.12034652382135391,-0.060912035405635834,0.4027061462402344,-0.39259636402130127,0.1795974224805832,-0.2812161147594452,0.04343795031309128,0.31334537267684937,0.09858325868844986,-0.13759222626686096,0.5095669031143188,-0.40920594334602356,0.10892831534147263,0.01496871281415224,0.156510591506958,0.06608489155769348,-0.22075489163398743,-0.028728047385811806,-0.004556090105324984,0.13561856746673584,-0.39090219140052795,0.48045265674591064,-0.09355535358190536,-0.04946540296077728,-0.09643018245697021,0.19106796383857727,-0.4361530542373657,0.22053103148937225,0.4492437541484833,-0.30069151520729065,0.23485493659973145,0.026900527998805046,0.14205040037631989,0.03538793325424194,-6.747655447725265e-07,-0.047103773802518845,-0.00035721936728805304,-2.7824219159811037e-06,-6.95879464274185e-07,-2.0154056983301416e-05,-0.0004819155146833509,0.06573566049337387,-0.057226620614528656,-0.13122045993804932,-0.008347350172698498,-0.02789134718477726,-0.17113079130649567,-0.13769656419754028,-0.1064019575715065,-0.15565729141235352
678,-0.00045722140930593014,-0.002949933987110853,-0.006541370414197445,-0.006358450744301081,-0.008570586331188679,-0.006743353325873613,-0.0058298842050135136,-0.004248964134603739,-0.004175666719675064,-0.004178098402917385,-0.0024211800191551447,-0.0006395436939783394,0.0021962726023048162,0.006066692061722279,0.01029832661151886,0.00741358008235693,-0.00017244288756046444,-0.006606331095099449,-0.014070003293454647,-0.017229771241545677,-0.018755480647087097,-0.013305727392435074,0.009647716768085957,0.04358488321304321,0.08616989850997925,0.05666128918528557,0.06660594046115875,0.0300316009670496,0.016841277480125427,0.004358153790235519,0.019616296514868736,0.07275669276714325,0.15595808625221252,0.29809004068374634,0.36584874987602234,0.5876447558403015,0.6120935082435608,0.35236823558807373,0.15303391218185425,0.02315770648419857,-0.02151961252093315,-0.030287625268101692,-0.005445245187729597,0.036460839211940765,0.1390557885169983,0.12162109464406967,0.099895179271698,0.07417476177215576,0.06016126275062561,0.02427247166633606,0.010748662985861301,-0.0062166545540094376,-0.01433066837489605,-0.01369164977222681,-0.020795922726392746,-0.012857398949563503,-0.023801546543836594,-0.01869041845202446,-0.021692603826522827,-0.002627037465572357,0.01440944243222475,0.03826361894607544,0.08814394474029541,-0.029775094240903854,0.01197518315166235,-0.00019138048810418695,0.005494960583746433,-0.004405070096254349,-0.05982270836830139,-0.0039712535217404366,-0.01178536843508482,-0.020283453166484833,-0.0041536311618983746,-0.03075341507792473,-0.013516973704099655,-0.0276710893958807,0.045226726680994034,-0.06265910714864731,-0.03295225277543068,-0.041208185255527496,0.013266471214592457,-0.06846435368061066,0.032899342477321625,-0.004617949947714806,-0.04434620589017868,0.05730915442109108,-0.07686085253953934,0.003943301271647215,-0.1325322985649109,0.0029072279576212168,-0.03457390144467354,-0.06392394751310349,-0.12798365950584412,-0.0016906831879168749,-0.017460821196436882,-0.027059407904744148,-0.04665645956993103,-0.33765241503715515,-0.2636345326900482,0.022074418142437935,1.0418049097061157,-0.63465416431427,-0.3836643397808075,0.048879474401474,-0.010346836410462856,-0.12715645134449005,0.27459681034088135,0.013760210014879704,0.5619143843650818,-1.731605052947998,1.8068487644195557,-1.2587577104568481,0.18204233050346375,0.4089970588684082,-0.10921412706375122,-0.33877822756767273,0.24310925602912903,-0.6129094362258911,0.5804740786552429,0.17701606452465057,0.4032863676548004,-0.8340080380439758,0.36549630761146545,0.2632932960987091,0.34883615374565125,-0.0848078578710556,0.05533117055892944,0.3705851137638092,-1.036415696144104,-0.034900836646556854,0.0086053516715765,0.041614484041929245,0.05228213220834732,0.11030640453100204,0.15980331599712372,-0.5187773704528809,1.0524439811706543,-0.6429333686828613,-0.49083322286605835,0.11915423721075058,-0.270988792181015,8.492231273748985e-08,-0.021277213469147682,-0.00022713441285304725,-2.2996061943558743e-06,3.5697473776963307e-07,-1.9200417227693833e-05,-0.0003815472882706672,-1.9347705841064453,0.2472389191389084,0.04053492471575737,-0.005370716098695993,0.005130120553076267,0.027177924290299416,0.02447705715894699,0.055507779121398926,0.048599448055028915
679,0.0037536928430199623,0.018111445009708405,0.03580356389284134,0.04125188663601875,0.03835472837090492,0.021963678300380707,0.006793950218707323,0.0015961581375449896,0.0030022920109331608,0.010868433862924576,0.018272625282406807,0.019896019250154495,0.023871494457125664,0.023956360295414925,0.014562750235199928,0.005884191021323204,0.0026984186843037605,0.005251538008451462,0.013133917935192585,0.02165556699037552,0.026439180597662926,0.021231796592473984,0.0007310525397770107,-0.013019438832998276,-0.017717478796839714,-0.0052198488265275955,0.007674399297684431,0.015522800385951996,0.030954135581851006,0.0377822183072567,0.04949352517724037,0.014669261872768402,-0.013501808047294617,-0.029300151392817497,-0.03752606734633446,-0.04289776831865311,-0.0380275584757328,-0.029578253626823425,-0.04077969118952751,-0.04389781877398491,-0.042773254215717316,-0.02263849601149559,0.031684741377830505,0.07829490303993225,0.2514384388923645,0.19123651087284088,0.2077702432870865,0.13424250483512878,0.09336652606725693,0.04893666133284569,0.06671811640262604,0.06479241698980331,0.07984986156225204,0.10935668647289276,0.20331214368343353,0.07933539152145386,0.12920132279396057,0.02513868175446987,0.020566532388329506,0.02484334260225296,-0.026980748400092125,0.017580578103661537,0.099195696413517,-0.05200023949146271,0.01315585058182478,0.028902428224682808,0.004043292254209518,-0.0015806743176653981,-0.03115091286599636,-0.023791495710611343,-0.031306106597185135,-0.010496474802494049,0.02083919197320938,0.10377740114927292,0.0067905886098742485,-0.014737729914486408,-0.05317828804254532,-0.009129393845796585,0.0856889933347702,-0.16064602136611938,-0.16225183010101318,0.03175438195466995,-0.08753219991922379,-0.20841382443904877,-0.15122896432876587,0.06432052701711655,-0.17355982959270477,0.03992798179388046,-0.41107258200645447,0.13066349923610687,-0.1329331398010254,-0.07423516362905502,-0.12184130400419235,-0.010422207415103912,0.08506277203559875,-0.21340039372444153,0.19455599784851074,-0.8427847027778625,-0.33784911036491394,-0.015522114001214504,0.11380133032798767,0.03909088671207428,0.015049705281853676,-0.07107570767402649,0.0008134468807838857,0.32102787494659424,-0.2051151692867279,0.10983503609895706,-0.05247605964541435,0.412094384431839,-0.4307176172733307,0.1713556945323944,-0.2708146572113037,0.059702370315790176,0.31535226106643677,0.12789520621299744,-0.12119272351264954,0.5184241533279419,-0.39547038078308105,0.0862213522195816,0.024941707029938698,0.13442251086235046,0.08913040906190872,-0.23453420400619507,-0.04445308819413185,-0.03545795753598213,0.1534784883260727,-0.4221096336841583,0.5076390504837036,-0.093449167907238,-0.06840227544307709,-0.12965990602970123,0.18819279968738556,-0.4617156982421875,0.21048320829868317,0.46565476059913635,-0.2851503789424896,0.24498340487480164,-0.004200125578790903,0.12173561751842499,0.0466858446598053,-6.210490823832515e-07,-0.04753570631146431,-0.00041431334102526307,-2.28874660024303e-06,-5.756015184488206e-07,-2.742685865086969e-05,-0.0006637133192270994,-0.05702534317970276,-0.016860315576195717,-0.1247481033205986,-0.008123407140374184,-0.02643682435154915,-0.1684589684009552,-0.13199618458747864,-0.09444841742515564,-0.14088840782642365
680,-0.0014443285763263702,-0.006048532202839851,-0.011679098010063171,-0.016629552468657494,-0.01817147247493267,-0.014318855479359627,-0.007132520899176598,0.0006264441763050854,0.012535699643194675,0.02761782705783844,0.030551575124263763,0.024177853018045425,0.02028808556497097,0.008913861587643623,-0.0023828442208468914,-0.011972708627581596,-0.016870571300387383,-0.015976037830114365,-0.02199716493487358,-0.027369612827897072,-0.03477359563112259,-0.04650205373764038,-0.033447787165641785,-0.034791335463523865,-0.03593118488788605,-0.017115121707320213,-0.012714599259197712,0.003952331840991974,0.024206610396504402,0.045230720192193985,0.08244876563549042,0.0392904132604599,-0.0028147660195827484,-0.032723620533943176,-0.05612989887595177,-0.09678855538368225,-0.1409454196691513,-0.14257624745368958,-0.13641907274723053,-0.09596884250640869,-0.09763124585151672,-0.10845667868852615,-0.11157818138599396,-0.10012272745370865,-0.1870458722114563,-0.11179046332836151,-0.08706611394882202,-0.041005637496709824,-0.01629364676773548,-0.0018343515694141388,-0.011748448945581913,-0.024366997182369232,-0.033341288566589355,-0.03661932796239853,-0.05484588444232941,-0.029195457696914673,-0.050803784281015396,-0.04125869274139404,-0.051126156002283096,-0.07116948813199997,-0.02126772329211235,-0.047066111117601395,-0.07201492786407471,-0.006436847150325775,-0.04195452108979225,-0.07313471287488937,0.03127478435635567,-0.002404535189270973,-0.09764120727777481,0.033818457275629044,0.0045772031880915165,-0.016699697822332382,-0.04032037779688835,-0.18905092775821686,-0.015654362738132477,-0.0049538761377334595,0.07248289883136749,-0.02481488510966301,-0.01423463225364685,-0.06189509481191635,-0.07406503707170486,-0.003729690331965685,-0.0529671348631382,-0.008994176052510738,0.007846646010875702,-0.09185538440942764,0.038601696491241455,-0.06130261346697807,0.12097537517547607,-0.14114715158939362,0.02727620303630829,0.06660261005163193,0.15649349987506866,-0.07667122781276703,-0.07325253635644913,0.0893220528960228,-0.0647582933306694,0.12882840633392334,-0.060095254331827164,-0.045849986374378204,-0.06710519641637802,0.06507416814565659,0.02629644051194191,-0.10019800812005997,-0.022261327132582664,0.35125261545181274,-0.19591069221496582,0.1513812243938446,-0.14252667129039764,0.29931244254112244,-0.37326550483703613,0.21807388961315155,-0.32068783044815063,-0.06656362861394882,0.1288156807422638,0.08445139229297638,-0.17769083380699158,0.33963096141815186,-0.29153937101364136,0.09865166991949081,0.02222502790391445,0.20608405768871307,-0.038402605801820755,-0.20898139476776123,-0.09163980931043625,0.028684666380286217,0.18939422070980072,-0.42880475521087646,0.5837970972061157,-0.09438373893499374,-0.2833230197429657,-0.08955395966768265,0.3170603811740875,-0.4651883542537689,0.21009832620620728,0.36183011531829834,-0.37240540981292725,0.09226112067699432,0.14608247578144073,-0.04899255186319351,0.06972359865903854,-6.195329405045413e-08,0.026964573189616203,0.0015229990240186453,3.896710950357374e-06,2.982282467201003e-06,0.00012356076331343502,0.00342845288105309,1.8494493961334229,-0.2578341066837311,0.008960079401731491,0.013668952509760857,-0.002693770220503211,0.03286277875304222,0.03185899555683136,0.043183404952287674,0.045661505311727524
681,-0.00013400590978562832,0.00040362286381423473,0.0026273042894899845,0.0036037836689502,0.004342332482337952,0.0015584697248414159,-0.0013512535952031612,-0.0032078258227556944,-0.0039344835095107555,-0.004956922493875027,-0.0030457323882728815,-0.0003037916321773082,0.007216980215162039,0.030499381944537163,0.05861828103661537,0.09838288277387619,0.10061376541852951,0.06230153143405914,0.043284326791763306,0.025967590510845184,0.027169426903128624,0.042091887444257736,0.029365871101617813,0.018018433824181557,0.00016679363034199923,-0.008530936203897,-0.017827671021223068,-0.015391652472317219,-0.017570314928889275,-0.020006995648145676,-0.03058098442852497,-0.010667736642062664,0.02820642851293087,0.10136852413415909,0.20757931470870972,0.3780936002731323,0.5586627721786499,0.42923203110694885,0.32531341910362244,0.2011573612689972,0.20514871180057526,0.24253974854946136,0.22885461151599884,0.17259614169597626,0.18253327906131744,0.06951875984668732,0.04780963808298111,0.04942462593317032,0.05187558755278587,0.022472182288765907,0.007884206250309944,-0.008859025314450264,-0.01675216108560562,-0.01353443507105112,-0.023217743262648582,-0.012790489941835403,-0.004154641646891832,0.010188771411776543,0.02453903667628765,0.04631733149290085,0.015670759603381157,0.030100859701633453,0.042611777782440186,-2.1697191186831333e-05,0.0015735910274088383,0.00350499851629138,-0.033660195767879486,0.01312403567135334,0.09123491495847702,0.005072389729321003,0.0698748454451561,0.09804442524909973,0.03425661846995354,0.07094580680131912,0.012518777512013912,0.01242070458829403,-0.007006314117461443,0.043999768793582916,0.02428637258708477,-0.007168889977037907,-0.015849700197577477,-0.002756498521193862,-0.017337685450911522,-0.01215321570634842,-0.021081557497382164,0.03259565681219101,-0.02509264089167118,0.04616183042526245,-0.10997549444437027,0.2866339683532715,0.1661805659532547,-0.15676823258399963,-0.5461882948875427,0.22062814235687256,0.34637337923049927,-0.2173207551240921,0.04850679263472557,-0.8097075819969177,0.11551226675510406,-0.09024616330862045,0.2988527715206146,-0.2302730232477188,-0.04766508564352989,0.071381576359272,-0.1725437492132187,-0.2534823417663574,0.04973335564136505,-0.0389297753572464,0.043434470891952515,-0.40098512172698975,0.7759621739387512,-0.5926217436790466,0.397744745016098,0.08270561695098877,-0.09913402795791626,-0.4346736669540405,1.5115669965744019,-1.4038339853286743,1.6153459548950195,-0.3964002728462219,-0.32252922654151917,-0.6856882572174072,0.23121434450149536,1.2235407829284668,0.5580799579620361,-0.0821865051984787,-0.693982720375061,0.9032461047172546,-0.7704889178276062,0.08786275237798691,0.015181822702288628,-0.0373234860599041,-0.13135072588920593,0.23917964100837708,0.08094218373298645,0.06907269358634949,-0.012974616140127182,-0.18550053238868713,-0.041586361825466156,0.1423845887184143,-0.15700508654117584,2.0701571656900342e-07,-0.017917681485414505,-0.00023734438582323492,-2.5018689484568313e-06,5.918053034292825e-07,-2.3273063561646268e-05,-0.0005193462129682302,-4.987216472625732,0.2723137438297272,0.03970164805650711,-0.005850569810718298,-0.016046296805143356,0.02591731958091259,0.031465936452150345,0.049449775367975235,0.03668392449617386
682,0.0006273813196457922,0.005872273351997137,0.015953604131937027,0.019510872662067413,0.03178238123655319,0.030569903552532196,0.02487393282353878,0.02359001338481903,0.02155284583568573,0.02391575090587139,0.014766460284590721,0.011552798561751842,0.01292006392031908,0.01645411178469658,0.015422692522406578,0.008726264350116253,-0.00031680555548518896,-0.003707729047164321,-0.0034357800614088774,-0.0005983635201118886,0.0009728414588607848,-0.0029841908253729343,-0.008774179965257645,-0.014590803533792496,-0.014117496088147163,-0.00230788579210639,0.008691716007888317,0.015292602591216564,0.02487540990114212,0.030794383957982063,0.056970369070768356,0.03998921439051628,0.017359698191285133,0.0005470933392643929,-0.01499252114444971,-0.037723999470472336,-0.05698086693882942,-0.04845735803246498,-0.04037787392735481,-0.03059149533510208,-0.03364596888422966,-0.03914281725883484,-0.029860036447644234,-0.0033111227676272392,0.08059165626764297,0.1146247610449791,0.16566169261932373,0.18316370248794556,0.21967647969722748,0.1667664647102356,0.261879563331604,0.1608632206916809,0.17055827379226685,0.1424485445022583,0.20933294296264648,0.09071054309606552,0.1250009536743164,0.06974741071462631,0.06855368614196777,0.06255101412534714,0.01205476000905037,0.020182721316814423,0.015121945179998875,-0.007508137729018927,-0.008688323199748993,-0.010844655334949493,-0.006048614624887705,-0.014466649852693081,-0.009796234779059887,-0.018260309472680092,0.0019231600454077125,0.03875968977808952,0.036726947873830795,0.17790785431861877,0.0604667067527771,0.042713407427072525,-0.09859052300453186,0.07088428735733032,0.08363135159015656,-0.01744597777724266,-0.031775299459695816,0.058147020637989044,-0.02036639302968979,-0.05721269175410271,-0.06831321120262146,0.048349861055612564,-0.05049258470535278,0.04440923407673836,-0.09918735176324844,0.07333763688802719,-0.058433469384908676,0.0059761228039860725,-0.2018764615058899,0.04646127671003342,0.06987717747688293,-0.2441442906856537,-0.05750216916203499,-0.5525949597358704,-0.16295574605464935,-0.2505313754081726,0.4195072054862976,-0.35006797313690186,-0.22097867727279663,0.07010892778635025,-0.05848200246691704,-0.17668116092681885,0.1199464499950409,-0.08799946308135986,-0.06601493805646896,-0.08052769303321838,0.1378832310438156,0.017853137105703354,0.03437333554029465,-0.04127146303653717,-0.1812368780374527,-0.3091064393520355,0.415133535861969,-0.9096635580062866,0.7593377828598022,-0.15848220884799957,0.032853879034519196,-0.485419899225235,0.016350368037819862,0.20488233864307404,0.29139184951782227,0.08319900184869766,-0.04096765071153641,0.4043121933937073,-0.5921984910964966,-0.05037492513656616,0.1756160855293274,0.06528118997812271,0.08466806262731552,0.8505268096923828,-0.26093021035194397,-1.1001060009002686,1.112148642539978,-0.6462947130203247,0.19505970180034637,0.054214317351579666,-0.07623326778411865,2.1303378616721602e-07,-0.044764939695596695,-0.0002982004079967737,-3.297307102911873e-06,5.716125315302634e-07,-2.5747664039954543e-05,-0.0005571699002757668,-1.2503324747085571,0.22868771851062775,0.04394068568944931,-0.002997432369738817,-0.02368158847093582,0.030731920152902603,0.03097846545279026,0.05022677779197693,0.04864243045449257
683,0.00309338653460145,0.014259164221584797,0.02313094772398472,0.015856275334954262,0.018271273002028465,0.014388534240424633,0.011113523505628109,0.00835382379591465,0.004135176073759794,-0.00031469768146052957,-0.0029056970961391926,-0.0032613410148769617,-0.002351657021790743,0.0019888279493898153,0.011242900975048542,0.019603673368692398,0.02126166969537735,0.021441524848341942,0.027201825752854347,0.032048240303993225,0.03879659250378609,0.04058610647916794,0.014774625189602375,0.0074291713535785675,0.006565398070961237,0.00638575479388237,0.01482801977545023,0.016848372295498848,0.02543688751757145,0.028212716802954674,0.04332967475056648,0.019340962171554565,-0.0010940891224890947,-0.012496251612901688,-0.02272885851562023,-0.04073810577392578,-0.053396113216876984,-0.03469102084636688,-0.014094471000134945,0.003483460284769535,0.02390158362686634,0.0680558979511261,0.11238408833742142,0.13151976466178894,0.22902381420135498,0.12048162519931793,0.09491954743862152,0.08605745434761047,0.10788913071155548,0.08151822537183762,0.1328165978193283,0.09109663963317871,0.10738305002450943,0.09312792122364044,0.12762859463691711,0.06439224630594254,0.08756913989782333,0.06303948909044266,0.07017181813716888,0.07994280010461807,0.03159284219145775,0.05164381116628647,0.05883807688951492,-0.005076742265373468,-0.0002953432558570057,-0.003761433996260166,-0.029713161289691925,-0.01897609233856201,0.01386624202132225,-0.010621095076203346,0.008248230442404747,0.030483117327094078,0.016927165910601616,0.08244244009256363,0.05077888444066048,0.04185008630156517,-0.08297638595104218,0.08070638030767441,0.08702829480171204,-0.013111586682498455,-0.04555579647421837,0.07001002877950668,-0.03735716640949249,-0.10783495008945465,-0.14160636067390442,0.20421908795833588,-0.08921688795089722,0.07343373447656631,-0.10704251378774643,0.06196852773427963,-0.02966475300490856,0.022842762991786003,-0.10443057119846344,0.05044512823224068,0.019045410677790642,-0.13532644510269165,-0.017964808270335197,-0.36580464243888855,-0.07443521916866302,-0.16944339871406555,0.30498039722442627,-0.31311726570129395,-0.1941378265619278,0.10934394598007202,-0.07268622517585754,-0.26528990268707275,0.16925156116485596,-0.08588328957557678,-0.06927835196256638,-0.14864741265773773,0.18491949141025543,-0.058165598660707474,0.07419701665639877,-0.011371183209121227,-0.09295687824487686,-0.21365217864513397,0.23621664941310883,-0.7028818130493164,0.5516902208328247,-0.1033669039607048,0.013694500550627708,-0.5197480916976929,0.0757921040058136,0.17827172577381134,0.3879532516002655,0.16914275288581848,-0.18865889310836792,0.5603508353233337,-0.9815822839736938,-0.08500679582357407,0.04246354475617409,0.12432210892438889,-0.05522046238183975,0.7609946727752686,-0.1568540632724762,-0.9719028472900391,0.9102964997291565,-0.4629819691181183,0.17499087750911713,0.04408717527985573,0.027223968878388405,1.5117922202989575e-07,-0.03846726566553116,-0.0003198156482540071,-3.366212467881269e-06,8.900408943190996e-07,-2.2578924472327344e-05,-0.0006988744135014713,-1.6250057220458984,0.23838114738464355,0.04533892124891281,-0.0036128005012869835,-0.027479026466608047,0.03495889529585838,0.03743726760149002,0.053459830582141876,0.04187250882387161
684,-0.0008157643023878336,-0.002432288136333227,-0.001352771301753819,0.003859281074255705,0.00964653491973877,0.00946500338613987,0.004273538012057543,0.00012512951798271388,-0.0003445109468884766,0.005172682460397482,0.014176004566252232,0.020137911662459373,0.031504083424806595,0.03349494934082031,0.025364907458424568,0.008870185352861881,-0.004177088849246502,-0.006438682321459055,-0.005509940907359123,-0.00043598609045147896,0.0008822991512715816,-0.0038649672642350197,-0.012326680123806,-0.023941267281770706,-0.034294743090867996,-0.021277189254760742,-0.03074871189892292,-0.021092215552926064,-0.025071578100323677,-0.02944873459637165,-0.05660216882824898,-0.054430581629276276,-0.04766661673784256,-0.044160544872283936,-0.044504158198833466,-0.06061428040266037,-0.08557245880365372,-0.0985889583826065,-0.10957737267017365,-0.08668015152215958,-0.08963079005479813,-0.09111986309289932,-0.08479263633489609,-0.07021311670541763,-0.1313573718070984,-0.09373564273118973,-0.09477896243333817,-0.07294142246246338,-0.06551143527030945,-0.04439065232872963,-0.05529789626598358,-0.030732132494449615,-0.02378847263753414,-0.0190286785364151,-0.021691635251045227,-0.010343914851546288,-0.011255906894803047,-0.013515298254787922,-0.02484075166285038,-0.04846314340829849,-0.015494399704039097,-0.03243981674313545,-0.046264469623565674,-0.005188886541873217,-0.018733743578195572,-0.03155433386564255,0.030525095760822296,-0.002448790241032839,-0.09132514894008636,0.028052737936377525,0.011937887407839298,-0.01602589339017868,-0.02674134634435177,-0.13751935958862305,-0.010821979492902756,0.0022344759199768305,0.0821661725640297,-0.022460002452135086,-0.007893729023635387,-0.011507551185786724,-0.042240578681230545,0.02059858664870262,-0.0246443934738636,0.013997161760926247,0.019626334309577942,-0.08052069693803787,0.03338336572051048,-0.04221569746732712,0.08781316876411438,-0.12639907002449036,0.03161596134305,0.05498777702450752,0.15082557499408722,-0.06869404762983322,-0.0627046748995781,0.060990698635578156,-0.054441869258880615,0.20383882522583008,0.004116852302104235,0.04278966784477234,-0.2559449076652527,0.13276764750480652,0.05070159211754799,-0.09698572754859924,-0.020637666806578636,0.28927862644195557,-0.19322121143341064,0.11175575107336044,-0.11291612684726715,0.32958894968032837,-0.288679838180542,0.2050914466381073,-0.18643808364868164,-0.00339661817997694,0.1281808763742447,0.12439030408859253,-0.18617083132266998,0.46420183777809143,-0.3949442207813263,0.09976126998662949,0.01211152970790863,0.2689252197742462,-0.008268081583082676,-0.19416986405849457,-0.10969974845647812,0.05297030881047249,0.18729640543460846,-0.3176429867744446,0.5165565609931946,-0.07141150534152985,-0.11693180352449417,-0.009662230499088764,0.23060345649719238,-0.4158068597316742,0.13531708717346191,0.4552532434463501,-0.4307907223701477,0.21811112761497498,0.13161158561706543,0.0009648938430473208,0.07777994126081467,6.937979719623399e-07,-0.025244342163205147,0.00042545978794805706,-4.746864590288169e-07,2.1965936412016163e-06,6.490325176855549e-05,0.000874389719683677,2.1386525630950928,-0.31759774684906006,-0.05791574716567993,0.02056243270635605,-0.02322503738105297,0.017976276576519012,-0.048848725855350494,-0.08981684595346451,-0.018247060477733612
685,-0.0008935122168622911,-0.0032455315813422203,-0.0053437454625964165,-0.005429422948509455,-0.00689533818513155,-0.003261326579377055,0.0007294959505088627,0.0041885823011398315,0.006102250423282385,0.009026817046105862,0.008775310590863228,0.01289715338498354,0.021523144096136093,0.04858909919857979,0.05131618306040764,0.04785548150539398,0.031550124287605286,0.008169865235686302,0.002515687607228756,0.0010652657365426421,0.0027007400058209896,0.006094653159379959,0.012304955162107944,0.03481946140527725,0.08373451977968216,0.09450490772724152,0.22765803337097168,0.22626826167106628,0.284634530544281,0.3215014934539795,0.4361277222633362,0.2677610218524933,0.14143063127994537,0.10892147570848465,0.10839032381772995,0.11234856396913528,0.08857684582471848,0.029713142663240433,0.0028456130530685186,-0.005315891467034817,-0.008484621532261372,-0.017076697200536728,-0.03183596581220627,-0.041435930877923965,-0.09079349040985107,-0.0590493381023407,-0.05790073424577713,-0.04016312584280968,-0.035970885306596756,-0.02560100331902504,-0.046926435083150864,-0.0268560703843832,-0.02253093756735325,-0.017706500366330147,-0.02418947033584118,-0.01104316022247076,-0.01656457595527172,-0.006351049058139324,-0.010870102792978287,-0.007312466856092215,-0.002015412785112858,0.0015534458216279745,0.007998141460120678,-2.154952562705148e-05,-0.00033712328877300024,0.016648465767502785,-0.028176628053188324,-0.03618631511926651,0.006197620183229446,-0.01874898187816143,-0.010469553992152214,-0.01206536777317524,-0.005100208334624767,0.06244746223092079,-0.01179693453013897,-0.03962220624089241,-0.14874744415283203,0.06338432431221008,0.10026174038648605,-0.12690803408622742,-0.12029891461133957,-0.017418770119547844,0.030422242358326912,-0.5368958711624146,-0.09015092998743057,0.19737236201763153,-0.12140227854251862,0.11626843363046646,-0.3901582360267639,0.43754687905311584,-0.06465644389390945,-0.11940740793943405,-0.6244855523109436,0.06751988083124161,0.23987576365470886,-1.164355993270874,0.7981292009353638,-2.941014289855957,-0.7996779084205627,-0.006292814388871193,1.4509336948394775,-0.5527041554450989,-0.11119445413351059,0.6888308525085449,-0.36622974276542664,-0.6859350204467773,0.38844454288482666,-0.2046794891357422,0.028753630816936493,-0.2428741753101349,0.24158735573291779,-0.04999874532222748,0.010653873905539513,0.027931174263358116,-0.14581820368766785,-0.026692133396863937,0.035475343465805054,-0.19612011313438416,0.1266770362854004,-0.023441573604941368,0.010120108723640442,-0.03932672366499901,-0.2068515121936798,0.2721467614173889,-0.07948138564825058,0.047118671238422394,0.06092862784862518,0.3244381546974182,-0.29619672894477844,0.00905613973736763,0.03292301297187805,0.30855196714401245,-0.09490033984184265,0.612412691116333,-0.6050201654434204,-0.9609496593475342,1.227112054824829,-1.6785324811935425,0.09913336485624313,-0.3017672896385193,0.0858793705701828,9.018240376690301e-08,-0.008838173002004623,-0.00017410548753105104,-1.8320297385798767e-06,6.037075195308717e-07,-1.5771618564031087e-05,-0.0003744346322491765,3.688814401626587,0.21249406039714813,0.018086999654769897,-0.001949067460373044,-0.004156293347477913,0.017142318189144135,0.0030514064710587263,0.011184428818523884,0.029847102239727974
686,0.0030103677418082952,0.013487557880580425,0.023052476346492767,0.023322273045778275,0.01842431165277958,0.011113929562270641,0.008765649050474167,0.011856518685817719,0.013370110653340816,0.010846222750842571,0.004082145169377327,-0.0012887167977169156,-0.005022691562771797,-0.00967349112033844,-0.011201237328350544,-0.012810873799026012,-0.008949334733188152,-0.0005730976699851453,0.00957148801535368,0.027441296726465225,0.050758231431245804,0.07616884261369705,0.054950863122940063,0.05056096985936165,0.04413545876741409,0.025408830493688583,0.036011867225170135,0.02079049125313759,0.021332036703824997,0.020246237516403198,0.03306148573756218,0.01994163729250431,0.0018823416903614998,-0.01800541952252388,-0.04183944687247276,-0.08369658142328262,-0.12428905814886093,-0.11075840890407562,-0.08614472299814224,-0.044127047061920166,-0.019168084487318993,0.015398658812046051,0.0749986469745636,0.10124389827251434,0.22864988446235657,0.13231538236141205,0.12128335982561111,0.08543094247579575,0.09278330951929092,0.08862408995628357,0.14348113536834717,0.07226520776748657,0.02126888558268547,0.0034056457225233316,0.0004968679859302938,0.0014121182030066848,0.011660679243505001,-3.227768684155308e-05,-0.0015768231824040413,0.004941938444972038,-0.0168287456035614,0.009219507686793804,0.08144872635602951,-0.05059821903705597,0.007964068092405796,0.0621078684926033,-0.05495428666472435,-0.014701402746140957,-0.0032156486995518208,-0.05585625395178795,-0.027049513533711433,-0.02145494520664215,-0.01752762869000435,-0.005795237608253956,0.004603426903486252,-0.003500967286527157,0.006363576278090477,-0.012680853717029095,0.022570909932255745,-0.06948810070753098,-0.082769475877285,0.03566485270857811,-0.0706002339720726,-0.22324642539024353,-0.22034293413162231,0.15993142127990723,-0.255563884973526,0.06766751408576965,-0.41164612770080566,0.06204047054052353,-0.14130039513111115,-0.1275007575750351,-0.2271178960800171,0.010276742279529572,0.03953365609049797,-0.03937036544084549,0.0014540567062795162,-0.0791253075003624,-0.08595437556505203,-0.02189316786825657,-0.13054512441158295,0.12010477483272552,0.04112028703093529,-0.07520680874586105,0.006558005232363939,0.35878950357437134,-0.21046997606754303,0.1287449151277542,-0.07292076200246811,0.3972505033016205,-0.4085809290409088,0.1774202436208725,-0.2403373122215271,0.03786710649728775,0.3003525733947754,0.1269356608390808,-0.16641898453235626,0.5142311453819275,-0.4250584542751312,0.10183173418045044,0.021332180127501488,0.16658265888690948,0.04878219589591026,-0.22730416059494019,-0.03712337464094162,0.007739207707345486,0.15854676067829132,-0.39953333139419556,0.49395838379859924,-0.09924104064702988,-0.06018777936697006,-0.06505662202835083,0.2145633101463318,-0.459126353263855,0.1961316615343094,0.48252132534980774,-0.27598828077316284,0.21176564693450928,0.0259418785572052,0.12125208973884583,0.053868524730205536,-5.74833165956079e-07,-0.03400177136063576,-0.00032725674100220203,-2.044484290308901e-06,-7.202125971161877e-07,-1.6965883332886733e-05,-0.00044992679613642395,0.10510055720806122,-0.07061997801065445,-0.13699105381965637,-0.008494524285197258,-0.028268810361623764,-0.17075449228286743,-0.13412287831306458,-0.10673440992832184,-0.1701127588748932
687,-0.0007372855907306075,-0.0030141514725983143,-0.004924111533910036,-0.0030050529167056084,0.000466411147499457,0.004301661625504494,0.005926987621933222,0.0036962677258998156,0.0013161167735233903,-0.0015051752561703324,-0.002746693091467023,-0.003712995210662484,-0.004784791264683008,-0.006755294278264046,-0.008605209179222584,-0.01029694452881813,-0.011323420330882072,-0.011046205647289753,-0.014918736182153225,-0.01376375462859869,-0.0062168557196855545,0.026820911094546318,0.04926249012351036,0.09935799241065979,0.132040336728096,0.06198938563466072,0.05152808874845505,0.01572631672024727,0.0013872231356799603,-0.004124993458390236,0.020355500280857086,0.09066997468471527,0.19445748627185822,0.346551775932312,0.4018799662590027,0.5645156502723694,0.5124374032020569,0.24591974914073944,0.06992236524820328,-0.015676777809858322,-0.03825194016098976,-0.03898126631975174,-0.010389556176960468,0.03389494866132736,0.1508040577173233,0.141550675034523,0.11046426743268967,0.07891173660755157,0.052680160850286484,0.01798398420214653,0.014614167623221874,0.005723742302507162,0.0020825171377509832,-0.0019689309410750866,-0.01043853722512722,-0.009687520563602448,-0.020019926130771637,-0.01868455670773983,-0.027737200260162354,-0.023106489330530167,0.002426045248284936,0.02152203395962715,0.07082539051771164,-0.01332107838243246,0.022734666243195534,0.019959012046456337,-0.007905038073658943,-0.005220907274633646,-0.03056345134973526,-0.00426117517054081,-0.004263675771653652,-0.0008107782923616469,-0.0007787463837303221,-0.010707929730415344,-0.00340102007612586,-0.01668301597237587,0.02107173204421997,-0.03566715493798256,-0.010416773147881031,0.003407285315915942,-0.018687177449464798,0.009650575928390026,-0.033786091953516006,-0.020241688936948776,-0.025765979662537575,0.06210467964410782,-0.0934702530503273,0.05476931110024452,-0.06641245633363724,0.006072954274713993,-0.005092643201351166,-0.020834244787693024,-0.05933307111263275,-0.010816057212650776,-0.013357767835259438,-0.09910807013511658,-0.07734363526105881,-0.734682559967041,-0.425979882478714,0.11690155416727066,0.912438154220581,-0.3995733857154846,-0.09860150516033173,0.012866400182247162,-0.003124928567558527,-0.11965468525886536,0.5401802062988281,-0.043456073850393295,1.0184954404830933,-2.6311371326446533,1.806823968887329,-1.0000123977661133,0.2069358229637146,0.14548391103744507,-0.04325305297970772,-0.1709636002779007,0.24423211812973022,-0.45662111043930054,0.8507966995239258,0.20378658175468445,0.3467329144477844,-0.7032816410064697,0.23915457725524902,0.2219909429550171,0.1653556227684021,-0.055140309035778046,0.027309227734804153,0.5080904364585876,-1.1901925802230835,-0.02990761213004589,0.13881292939186096,0.031217316165566444,-0.033669788390398026,0.24034543335437775,0.09589274972677231,-0.3192301392555237,1.1036128997802734,-0.7216978073120117,-0.7026130557060242,0.4218582510948181,-0.29502132534980774,9.792585586865243e-08,-0.007723870221525431,-0.0001343335025012493,-1.0266056733598816e-06,1.8085047770455276e-07,-1.9239794710301794e-05,-0.00012999343744013458,-2.732235908508301,0.23489612340927124,0.03683438152074814,-0.0046814726665616035,-0.00994259025901556,0.020918574184179306,0.02069801092147827,0.0517314188182354,0.052960507571697235
688,-0.00039104733150452375,-0.0022569354623556137,-0.0039296625182032585,-0.005552633665502071,-0.005415128078311682,-0.004700321704149246,-0.003843939397484064,-0.001990318764001131,0.0008466834551654756,0.007737075909972191,0.019694186747074127,0.031290922313928604,0.04377187415957451,0.06788987666368484,0.06052616238594055,0.044471949338912964,0.02064434066414833,0.00225382624194026,-0.005409663543105125,-0.010418817400932312,-0.014655797742307186,-0.01981327123939991,-0.013887510634958744,-0.015779608860611916,-0.01647285930812359,-0.008957273326814175,-0.012131376191973686,-0.009434545412659645,-0.010823999531567097,-0.013212705962359905,-0.02451155334711075,-0.024112308397889137,-0.021085629239678383,-0.021981270983815193,-0.012282428331673145,0.02434033527970314,0.1496514528989792,0.31709274649620056,0.46415024995803833,0.4275394678115845,0.36592042446136475,0.2609683871269226,0.1410921812057495,0.03144177421927452,-0.03681667521595955,-0.051523540169000626,-0.04926113039255142,-0.038685426115989685,-0.037572696805000305,-0.028142424300312996,-0.037141747772693634,-0.023947270587086678,-0.021866394206881523,-0.016777098178863525,-0.015812095254659653,-0.008158829994499683,-0.007324628997594118,0.0013181444955989718,0.01193169504404068,0.028924409300088882,0.007591771427541971,0.028993815183639526,0.07252892851829529,-0.045533157885074615,0.042971257120370865,0.11339681595563889,-0.16959506273269653,0.04088624194264412,0.2006927728652954,-0.0689392164349556,0.015650320798158646,0.00577395036816597,-0.0014736468438059092,-0.06598314642906189,0.01613643765449524,-0.03497748449444771,0.016250021755695343,-0.063710056245327,-0.0616595484316349,0.13657493889331818,0.07683128863573074,-0.04240937903523445,0.042363885790109634,0.040282268077135086,-0.01138655561953783,0.027710238471627235,-0.0461924783885479,0.04484346881508827,-0.35747310519218445,-0.07003512233495712,-0.02693195641040802,-1.0366178750991821,-0.6152204275131226,0.7243534922599792,0.49127161502838135,-0.24364131689071655,-0.028816480189561844,-0.11811605840921402,-0.008537855930626392,-0.025330854579806328,0.058038339018821716,-0.060602255165576935,-0.01789044961333275,-0.024051783606410027,0.04197065159678459,0.17072270810604095,-0.18547889590263367,0.049979068338871,-0.17759723961353302,0.100397989153862,-0.10667161643505096,0.0017301710322499275,0.032526545226573944,0.02369421161711216,-1.1057860851287842,-0.18579132854938507,1.33314847946167,-3.376070499420166,2.69258189201355,-0.5763857960700989,-1.0055917501449585,-1.5055428743362427,-0.4112912118434906,0.6677385568618774,-0.14098608493804932,-0.006807547993957996,0.11535625159740448,-0.32045525312423706,0.29555490612983704,-0.2842421531677246,-0.24529629945755005,0.12197138369083405,0.7756741046905518,-0.572109043598175,0.011817427352070808,0.16801640391349792,-0.0022636863868683577,0.02469642274081707,-0.10592977702617645,-1.0856046676635742,-0.4873482882976532,5.3678213873809e-08,-9.154881263384596e-05,-4.940622238791548e-05,-4.0693049641049583e-07,-8.69705090167372e-08,-4.272095338819781e-06,-0.00012382578279357404,4.999186992645264,0.17862369120121002,0.027403222396969795,-0.0032806394156068563,0.0017492296174168587,0.01561824046075344,0.013361009769141674,0.04275878146290779,0.022470882162451744
689,-0.00040041893953457475,-5.630116356769577e-05,0.0029351168777793646,0.007007040083408356,0.008334098383784294,0.004006634932011366,-0.001502591767348349,-0.005262468475848436,-0.007055344060063362,-0.00824547465890646,-0.005805448163300753,-0.002614550990983844,0.0010949952993541956,0.0071491398848593235,0.013053814880549908,0.014080365188419819,0.008035821840167046,0.001273682457394898,0.0010080263018608093,0.00859916489571333,0.024828944355249405,0.05487347021698952,0.05356971547007561,0.05542832240462303,0.03378530591726303,0.00383567763492465,-0.008020720444619656,-0.0071059325709939,0.00269047892652452,0.02269919216632843,0.07214584201574326,0.0679657906293869,0.03911943733692169,0.013515157625079155,0.000303594017168507,-0.0007254905067384243,0.016619252040982246,0.03180650249123573,0.038083866238594055,0.021387340500950813,0.0069141993299126625,-0.012433475814759731,-0.03276786580681801,-0.03884311765432358,-0.04281477630138397,0.02223214879631996,0.0974305272102356,0.10637655109167099,0.09448246657848358,0.05842423066496849,0.058076124638319016,0.0331784188747406,0.02738869935274124,0.033986885100603104,0.05320848152041435,0.020929843187332153,0.05021841078996658,0.017760325223207474,0.024367820471525192,0.031925104558467865,-0.008859377354383469,-0.001311213243752718,-0.0025291049387305975,-0.012606366537511349,-0.0048804255202412605,0.003205969464033842,0.0010741280857473612,-0.006310336757451296,-0.046435631811618805,-0.004299589432775974,-0.009501736611127853,-0.01753079891204834,-0.006783459335565567,0.034709397703409195,0.003493879223242402,-0.05583765357732773,-0.13106682896614075,-0.001413788995705545,0.0359816700220108,-0.07671301066875458,-0.07748758047819138,0.02021738886833191,-0.07682334631681442,-0.19519662857055664,-0.16567331552505493,0.07154781371355057,-0.07290905714035034,0.004079937003552914,-0.15555472671985626,-0.010895641520619392,-0.10603302717208862,-0.07778774201869965,-0.19411927461624146,-0.03484940528869629,0.022341394796967506,-0.06128321588039398,0.01673932373523712,-0.1154230460524559,-0.10377401858568192,-0.021914174780249596,-0.1250363141298294,0.10968241840600967,0.038695622235536575,-0.08602084219455719,-0.00039875367656350136,0.3582290709018707,-0.1986519992351532,0.12432438135147095,-0.061035752296447754,0.3894497752189636,-0.40548470616340637,0.1738993525505066,-0.2659465968608856,0.03153909370303154,0.270336776971817,0.11479615420103073,-0.15423767268657684,0.5237146615982056,-0.43505263328552246,0.10250546038150787,0.007507638540118933,0.182391956448555,0.04082177206873894,-0.21875721216201782,-0.05213017389178276,0.013795068487524986,0.1371840238571167,-0.39721763134002686,0.5060166120529175,-0.11862640082836151,-0.06639635562896729,-0.08055528998374939,0.18792623281478882,-0.4365975260734558,0.2128998190164566,0.453619122505188,-0.3519251048564911,0.21869193017482758,0.04577527567744255,0.11238428950309753,0.04030325636267662,-7.38083258511324e-07,-0.038563333451747894,-0.0003357771201990545,-2.1003518213547068e-06,-8.201959644793533e-07,-2.432167821098119e-05,-0.0004203548305667937,0.42925533652305603,-0.10333375632762909,-0.13987363874912262,-0.009191648103296757,-0.023279977962374687,-0.17693045735359192,-0.15077348053455353,-0.11155012249946594,-0.17497186362743378
690,0.0006391906063072383,0.00596484774723649,0.016098622232675552,0.018841445446014404,0.029534736648201942,0.02663315273821354,0.0196418147534132,0.015713635832071304,0.011010788381099701,0.008242983371019363,0.0036017466336488724,0.003815061878412962,0.007366616278886795,0.012590382248163223,0.013097720220685005,0.006463250610977411,-0.0016614714404568076,-0.003343860851600766,0.0005254457937553525,0.009456370957195759,0.024423519149422646,0.04643813893198967,0.03470873832702637,0.03375304117798805,0.028337299823760986,0.011777316220104694,0.013774492777884007,0.011110492050647736,0.016830667853355408,0.02218487299978733,0.04208536446094513,0.027625706046819687,0.009284968487918377,-0.004156485665589571,-0.01671314612030983,-0.036935336887836456,-0.053265586495399475,-0.040871761739254,-0.02748763933777809,-0.016305385157465935,-0.013877996243536472,-0.009450502693653107,0.008206794038414955,0.03571969270706177,0.13133017718791962,0.12651808559894562,0.14487040042877197,0.14032402634620667,0.16664829850196838,0.11864231526851654,0.17762522399425507,0.10044464468955994,0.09691714495420456,0.08490210771560669,0.13064005970954895,0.07275882363319397,0.0936555564403534,0.054473381489515305,0.04999861121177673,0.05059719458222389,0.01864372380077839,0.028756247833371162,0.03563286364078522,-0.0014626935590058565,0.0072110784240067005,0.0015047944616526365,-0.021531008183956146,-0.016970694065093994,0.0059728496707975864,-0.01179469283670187,0.007799752522259951,0.03749386966228485,0.03639461472630501,0.145522803068161,0.06532984226942062,0.05409897863864899,-0.06959644705057144,0.09996955841779709,0.08559964597225189,0.003244668710976839,-0.026435531675815582,0.0659065917134285,-0.01999947428703308,-0.07039711624383926,-0.09135901927947998,0.13968762755393982,-0.06366516649723053,0.06061960384249687,-0.11746333539485931,0.08045253902673721,-0.03404005989432335,-0.00363061111420393,-0.15039405226707458,0.07256681472063065,0.0738811045885086,-0.12937995791435242,-0.0073629384860396385,-0.34021127223968506,-0.0830044150352478,-0.1648561954498291,0.2713207006454468,-0.2583179175853729,-0.16337378323078156,0.07852724194526672,-0.07675664871931076,-0.2612129747867584,0.1840701550245285,-0.09561895579099655,-0.048353131860494614,-0.09899802505970001,0.16400298476219177,-0.033670391887426376,0.03147116303443909,0.01164553314447403,-0.06206430122256279,-0.17424027621746063,0.28472888469696045,-0.6484030485153198,0.5822550058364868,-0.1280703991651535,-0.08229861408472061,-0.46600866317749023,0.0705208033323288,0.2723345160484314,0.3381793200969696,0.12564830482006073,-0.06594932079315186,0.49935880303382874,-0.797616720199585,0.0006384390871971846,0.18872153759002686,0.032725051045417786,-0.17118296027183533,0.9417908191680908,-0.059489428997039795,-0.8530595898628235,0.8704326748847961,-0.5444618463516235,0.03308961167931557,0.15386863052845,-0.04970491677522659,1.884521338979539e-07,-0.044904932379722595,-0.0003525414504110813,-3.6635833566833753e-06,8.88513397967472e-07,-2.636264071043115e-05,-0.0007337373681366444,-2.3963162899017334,0.2357196807861328,0.04808438941836357,-0.0035381214693188667,-0.024261102080345154,0.03606496751308441,0.03940512239933014,0.05785668268799782,0.04789005592465401
691,-0.0007631814223714173,-0.0035273157991468906,-0.0038202875293791294,0.00017365554231218994,0.006490704603493214,0.011570573784410954,0.0120126623660326,0.015072813257575035,0.021065501496195793,0.0307356808334589,0.024821601808071136,0.0206068716943264,0.021190455183386803,0.030010955408215523,0.041041597723960876,0.05050314962863922,0.039809439331293106,0.020966870710253716,0.013497594743967056,0.006460249423980713,0.0038869092240929604,-0.0030665076337754726,-0.011515219695866108,-0.022593196481466293,-0.031662967056035995,-0.019087577238678932,-0.023645171895623207,-0.01234255637973547,-0.006820150651037693,-0.002862761029973626,-0.002194089349359274,-0.0043226745910942554,-0.00012060856533935294,0.010247882455587387,0.023484859615564346,0.03448685631155968,0.03180662915110588,0.01143665425479412,0.009592114016413689,0.01334995124489069,0.018289800733327866,0.009520483203232288,-0.010973158292472363,-0.02432171255350113,-0.04374425485730171,-0.027286242693662643,-0.023293783888220787,-0.013713405467569828,-0.007559419143944979,0.003357548965141177,0.008516037836670876,0.0011675056302919984,-0.0037317886017262936,-0.00027047950425185263,0.005069040227681398,0.0032382882200181484,0.01916852965950966,0.029153848066926003,0.063425213098526,0.11553923040628433,0.030283616855740547,0.07371464371681213,0.07710808515548706,-0.024079088121652603,-0.007220941130071878,0.025066552683711052,-0.06635171920061111,-0.013661794364452362,-0.0003744862915482372,-0.02905971184372902,-0.013910198584198952,0.003448939649388194,0.00029162620194256306,-0.06086479872465134,-0.007402658928185701,-0.012190287001430988,0.02418818511068821,-0.010694431141018867,0.02003745175898075,-0.02337021194398403,-0.03849503770470619,0.03796844929456711,-0.01942559890449047,-0.03516562283039093,-0.04876791685819626,0.02627420797944069,-0.03773808106780052,0.01166727114468813,-0.07742057740688324,-0.019065940752625465,-0.04450029507279396,-0.024315577000379562,-0.07984896749258041,0.003332230495288968,0.009420852176845074,-0.1176232174038887,-0.055988773703575134,-0.1090364009141922,-0.047636400908231735,-0.03085394762456417,-0.06884963065385818,0.03865456208586693,-0.0046883150935173035,-0.06666184961795807,0.0048566595651209354,0.0957074761390686,-0.1367119997739792,-0.044599954038858414,-0.044060830026865005,0.053763531148433685,0.09180306643247604,0.09853117913007736,-0.028412537649273872,0.019673483446240425,-0.2045379877090454,-0.2286001294851303,0.31161928176879883,-0.5061676502227783,0.4060281217098236,-0.12271074205636978,0.08024575561285019,-0.38689684867858887,0.0484752282500267,0.14945296943187714,0.11643243581056595,-0.005298091098666191,0.02050594426691532,-0.02962622418999672,0.1580403447151184,-0.05662032216787338,0.047822874039411545,0.03418978676199913,0.14396792650222778,0.005108201876282692,0.07314709573984146,-0.043758492916822433,-0.057159386575222015,-0.06790141016244888,0.10726696252822876,0.018042754381895065,-0.08425798267126083,9.104701348405797e-08,-0.03803260996937752,-0.0003022988676093519,-2.3246802811627276e-06,6.524498985527316e-07,-2.228636913059745e-05,-0.0003105684299953282,-0.08587213605642319,0.12244174629449844,0.029674911871552467,0.0007622500997968018,-0.01812942512333393,0.03545717895030975,0.013149169273674488,0.03823276236653328,0.030848175287246704
692,-0.001023416523821652,-0.005704369395971298,-0.011845836415886879,-0.01473261322826147,-0.016910862177610397,-0.013866692781448364,-0.008226719684898853,-0.003193801734596491,0.0034988585393875837,0.011461368761956692,0.01397025492042303,0.014251445420086384,0.02216293103992939,0.033332183957099915,0.04781953990459442,0.05141362547874451,0.032684165984392166,0.008386140689253807,-0.01001130510121584,-0.022770216688513756,-0.034995999187231064,-0.04827567934989929,-0.03454192355275154,-0.036796338856220245,-0.03981643542647362,-0.022681530565023422,-0.03169739246368408,-0.02252790331840515,-0.026449285447597504,-0.03108418546617031,-0.058856941759586334,-0.05833885446190834,-0.05353548377752304,-0.052478350698947906,-0.05918576940894127,-0.07916271686553955,-0.0958927720785141,-0.08112409710884094,-0.07412523776292801,-0.05646627023816109,-0.05788850039243698,-0.0640672817826271,-0.07080158591270447,-0.07556665688753128,-0.15844526886940002,-0.1112862154841423,-0.10245691239833832,-0.058613065630197525,-0.02648148313164711,0.011954340152442455,0.05725531652569771,0.04570796713232994,0.02594239078462124,0.005517361219972372,-0.02205747179687023,-0.021568242460489273,-0.04370098561048508,-0.03417656943202019,-0.03169405460357666,-0.033373866230249405,-0.009753881022334099,-0.016651436686515808,-0.023040197789669037,-0.011342596262693405,-0.01112295687198639,-0.01297693233937025,0.009593221358954906,-0.013909260742366314,-0.07285993546247482,-0.005392313469201326,-0.008990855887532234,-0.03316890448331833,-0.03278878331184387,-0.15442335605621338,-0.009093456901609898,-0.005441544111818075,0.021533438935875893,-0.017466578632593155,-0.005207372829318047,-0.009884359315037727,-0.025720754638314247,0.01625715382397175,-0.020076576620340347,0.02188464067876339,0.030629249289631844,-0.09136199206113815,0.035308077931404114,-0.02853625826537609,0.08721800893545151,-0.1242033839225769,0.007345894817262888,0.02963722124695778,0.08101993054151535,-0.07398954033851624,-0.06383673846721649,0.07455381006002426,-0.05744948983192444,0.2446880042552948,-0.039063744246959686,0.0024032487999647856,-0.16186566650867462,0.06487397849559784,-0.0026466893032193184,-0.103227898478508,0.01160118542611599,0.12435639649629593,-0.2269923985004425,0.05242837592959404,-0.09246651828289032,0.3342439532279968,-0.26137489080429077,0.2489478886127472,-0.16696101427078247,0.004569024778902531,0.05980278551578522,0.05844693258404732,-0.18369008600711823,0.24088916182518005,-0.26949381828308105,0.09683164954185486,0.059512536972761154,0.18288227915763855,-0.05381905287504196,-0.1226186454296112,-0.022151052951812744,-0.045655880123376846,0.15763016045093536,-0.10839101672172546,0.2329113483428955,-0.07138773053884506,0.03160999342799187,-0.0019227368757128716,0.17785894870758057,-0.2793782949447632,0.11849868297576904,0.446247935295105,-0.46434304118156433,0.16454234719276428,0.1837139129638672,-0.05518900230526924,0.07574492692947388,-3.424812291541457e-07,-0.00012116203288314864,-2.1746212951256894e-05,-2.350441263843095e-07,-3.507791745960276e-07,1.132340548792854e-05,3.904984987457283e-05,1.2043027877807617,-0.08993449807167053,0.018433919176459312,0.003969897981733084,-0.0033443106804043055,0.03300199657678604,0.012687424197793007,0.025883929803967476,0.03299372270703316
693,-0.0009030086221173406,-0.0028941500931978226,-0.006158521398901939,-0.00659286230802536,-0.008694151416420937,-0.007385339122265577,-0.004585618153214455,-0.0042984518222510815,-0.004086771514266729,-0.004600349348038435,-0.0031540654599666595,-0.002386638894677162,-0.0012968594674021006,0.0038467373233288527,0.016488341614603996,0.04628164321184158,0.0789795070886612,0.06745797395706177,0.0790739357471466,0.05266525223851204,0.04734744131565094,0.02273610420525074,0.0004530028090812266,-0.010411401279270649,-0.016035575419664383,-0.00938391499221325,-0.006251267157495022,0.01165845524519682,0.06063973531126976,0.1513611376285553,0.4342306852340698,0.5832419991493225,0.5084531903266907,0.37094733119010925,0.3111382722854614,0.22464843094348907,0.17294684052467346,0.062424302101135254,0.005643733777105808,-0.01584075577557087,-0.025206247344613075,-0.032415565103292465,-0.03788881376385689,-0.046116456389427185,-0.08560015261173248,-0.06517627090215683,-0.05670265108346939,-0.04419834911823273,-0.04098886623978615,-0.029047593474388123,-0.05000121146440506,-0.035862017422914505,-0.0244342889636755,-0.02054060809314251,-0.030284695327281952,-0.021308349445462227,-0.033417437225580215,-0.015028535388410091,-0.018514243885874748,-0.026720575988292694,-0.01061190664768219,-0.01595623977482319,-0.040725838392972946,-0.01903674751520157,-0.016304049640893936,-0.04454231262207031,0.011909774504601955,-0.028627904132008553,-0.07996570318937302,-0.01416624616831541,-0.026591556146740913,0.0010471618734300137,0.01716838963329792,0.2314867526292801,-0.03155789151787758,0.020920854061841965,0.0018507157219573855,-0.050257280468940735,-0.09718203544616699,0.18123383820056915,0.15827126801013947,0.006181652657687664,-0.05867590382695198,0.014802615158259869,-0.012822928838431835,0.197267085313797,-0.21066057682037354,0.6097779870033264,-0.8013505339622498,2.249008893966675,0.1743468940258026,-0.7546046376228333,-1.231567621231079,-0.2134626805782318,0.16533547639846802,-0.009885611943900585,0.002881142543628812,0.002794793574139476,-0.005697058513760567,-0.09271638840436935,0.7851389646530151,-0.424316942691803,1.009394884109497,2.7332282066345215,1.982814073562622,-3.8090453147888184,2.0105462074279785,-0.8760942816734314,0.2332424521446228,-0.8451034426689148,0.520125687122345,-0.07527630776166916,0.08189716190099716,-0.12033947557210922,-0.08956027030944824,-0.016519181430339813,-0.08439606428146362,0.08548548817634583,-0.1777915358543396,-0.03183471038937569,0.052781980484724045,0.058924928307533264,0.022600088268518448,-0.05955791100859642,-0.018719464540481567,-0.024326756596565247,0.07175280153751373,-0.033043719828128815,-0.08435361832380295,0.029557598754763603,0.22581318020820618,-0.3590342104434967,-0.5759255290031433,0.5225732922554016,-0.05417639762163162,0.6617835164070129,-1.5136560201644897,2.8515169620513916,-0.5962849855422974,-1.2066147327423096,-0.09720928221940994,-1.584935382936692e-08,0.00031219064840115607,-5.919397881370969e-05,-6.647775876444939e-07,-4.219904425895038e-08,-2.2595945665671024e-06,-0.00013814849080517888,-4.737027645111084,0.21017055213451385,0.017256390303373337,-0.0030185338109731674,0.008491064421832561,0.016943737864494324,-0.016255304217338562,0.029061412438750267,0.03158515319228172
694,-0.0012339616660028696,-0.0043088411912322044,-0.005712294019758701,-0.0016639340901747346,0.006234246771782637,0.011379620991647243,0.008456396870315075,0.004018066916614771,-0.00044147297739982605,-0.0019379369914531708,0.0021988016087561846,0.007909622974693775,0.019136296585202217,0.032373350113630295,0.036274511367082596,0.029594795778393745,0.013795878738164902,0.001223292900249362,-0.0017948118038475513,-0.00028261009720154107,0.0002550979843363166,-0.0032773721031844616,-0.010001766495406628,-0.017828213050961494,-0.019649183377623558,-0.007349591236561537,-0.002468298189342022,0.0005785973044112325,0.002916201250627637,0.006915066856890917,0.03729162737727165,0.06997813284397125,0.08691548556089401,0.08771387487649918,0.07643285393714905,0.042836546897888184,-0.01895892806351185,-0.050298262387514114,-0.03520146384835243,-0.004227791912853718,0.008348003961145878,0.004201856441795826,-0.008315999992191792,-0.021104978397488594,-0.029336845502257347,-0.0022233985364437103,0.025135116651654243,0.030562391504645348,0.03266496956348419,0.033554960042238235,0.06999339908361435,0.06489261239767075,0.05521119385957718,0.059079404920339584,0.08133046329021454,0.0292336568236351,0.0590582937002182,0.021119842305779457,0.032795026898384094,0.04887165501713753,-0.011553270742297173,0.0001101333400583826,-0.011887948960065842,-0.006630300544202328,-0.00903542060405016,0.0007642597774975002,-0.0045564924366772175,-0.009859231300652027,-0.03616524487733841,-0.014101095497608185,-0.01660127379000187,-0.019287195056676865,-0.002157823881134391,0.03827420994639397,0.0048834471963346004,-0.026186631992459297,-0.07352136075496674,-0.0014708644011989236,0.05088748782873154,-0.11376899480819702,-0.09137950092554092,0.016273710876703262,-0.06949174404144287,-0.14997927844524384,-0.1487826257944107,0.09632687270641327,-0.12541478872299194,0.023072298616170883,-0.16451996564865112,-0.043585341423749924,-0.04403240606188774,-0.024029795080423355,-0.12196701765060425,-0.039637189358472824,0.045179612934589386,-0.09641297906637192,0.03356286138296127,-0.18924373388290405,-0.1524837613105774,-0.04096853733062744,-0.05491091310977936,0.07793902605772018,0.028614146634936333,-0.08108984678983688,-0.0011785137467086315,0.3560643196105957,-0.1923377811908722,0.12322933226823807,-0.05893416702747345,0.3939642012119293,-0.3903380334377289,0.17963337898254395,-0.27074506878852844,0.032410819083452225,0.27419745922088623,0.1068573072552681,-0.137716144323349,0.5349822044372559,-0.4144933819770813,0.1076047271490097,0.012831175699830055,0.18138587474822998,0.05387049913406372,-0.21951469779014587,-0.05459482967853546,-0.0005233673145994544,0.13438677787780762,-0.39731085300445557,0.5025113821029663,-0.11071864515542984,-0.062326330691576004,-0.09261462092399597,0.19397945702075958,-0.4294646084308624,0.21432504057884216,0.45254746079444885,-0.32972005009651184,0.20555737614631653,0.04112645611166954,0.11441550403833389,0.041291672736406326,-7.351861199822451e-07,-0.04812809079885483,-0.00043417687993496656,-2.6093903215951286e-06,-8.643045816825179e-07,-2.4535433112760074e-05,-0.0006756128277629614,0.339908242225647,-0.08612044900655746,-0.13370291888713837,-0.009448256343603134,-0.018422160297632217,-0.1758672147989273,-0.14006051421165466,-0.10619500279426575,-0.1622627079486847
695,-0.0006921963067725301,-0.0019396641291677952,-0.004268847871571779,-0.004632239695638418,-0.006135378964245319,-0.004899053368717432,-0.0032312623225152493,-0.002520978217944503,-0.0026004083920270205,-0.001974407583475113,0.000272701756330207,0.004254348576068878,0.013667453080415726,0.03856459632515907,0.05383184179663658,0.06487845629453659,0.05948900431394577,0.023225855082273483,0.010816080495715141,-0.0016315911198034883,-0.01013899501413107,-0.016653679311275482,-0.013069151900708675,-0.014307457022368908,-0.014889093115925789,-0.00808892771601677,-0.00982519518584013,-0.0022668298333883286,0.01660444214940071,0.062468841671943665,0.22220730781555176,0.3861898183822632,0.3920854926109314,0.3543737232685089,0.28810733556747437,0.2224460244178772,0.12646876275539398,0.021723520010709763,-0.014007234945893288,-0.021748632192611694,-0.028098590672016144,-0.03546757996082306,-0.03955540806055069,-0.0474538616836071,-0.07668709754943848,-0.05420522764325142,-0.04563326761126518,-0.03321894258260727,-0.031492799520492554,-0.023396596312522888,-0.035434920340776443,-0.022876746952533722,-0.019588856026530266,-0.015021014027297497,-0.021496577188372612,-0.015325096435844898,-0.022731667384505272,-0.015498626045882702,-0.018550638109445572,-0.024030258879065514,-0.007165996823459864,-0.011849278584122658,-0.02670629322528839,-0.008108099922537804,-0.005329315084964037,-0.01171809621155262,-0.008106603287160397,0.00011865459964610636,0.17431847751140594,0.043902892619371414,0.07213890552520752,0.13744640350341797,0.024642031639814377,0.06696677953004837,-0.0007853662245906889,-0.011187228374183178,0.001332485000602901,-0.10636875778436661,-0.07755520939826965,0.021406389772892,0.28146007657051086,-0.03985195979475975,0.059424955397844315,-0.013501198031008244,0.04532861337065697,0.7048313617706299,-0.7297533750534058,0.7072751522064209,-0.6335057616233826,1.1730698347091675,-0.0454845167696476,-0.3276408910751343,-0.2681792378425598,-0.0036131839733570814,-0.013210481964051723,-0.0024889393243938684,-0.035941436886787415,0.07528163492679596,-0.03486479073762894,-0.054139964282512665,-0.013194368220865726,-0.23419053852558136,0.3725346624851227,1.7784886360168457,2.3093533515930176,-3.4671471118927,1.9097042083740234,-0.71880704164505,0.3492903709411621,-0.9742954969406128,0.09481065720319748,-0.09466416388750076,0.06805410981178284,-0.01795944757759571,-0.024767976254224777,-0.0013912470312789083,-0.10977567732334137,0.13504597544670105,-0.15406547486782074,-0.028380118310451508,0.0379590168595314,-0.019924063235521317,0.00933544896543026,0.2317693829536438,0.18537414073944092,-0.3201460838317871,-0.4251894950866699,0.27900010347366333,-0.30527782440185547,-0.03147187456488609,-0.012544326484203339,0.1433050036430359,0.5415615439414978,-1.3266772031784058,-1.6695775985717773,0.39425230026245117,-1.5498310327529907,0.9318141937255859,-0.2810121178627014,-0.09405209124088287,0.036646828055381775,-6.4748131300973455e-09,0.0060842763632535934,2.8009746529278345e-05,1.5650643092612881e-07,-4.1609830248034996e-08,9.888161685012165e-07,2.2898542738403194e-05,-1.6225473880767822,0.15633028745651245,0.013034695759415627,-0.00201610685326159,0.0037041353061795235,0.013779407367110252,-0.012993056327104568,0.02329082041978836,0.02336304821074009
696,0.00406196853145957,0.014929357916116714,0.013951591216027737,0.0026341823395341635,-0.005193130578845739,-0.008317687548696995,-0.00703040836378932,-0.005960536189377308,-0.0038139447569847107,0.002292560413479805,0.013972236774861813,0.02783770114183426,0.05312328413128853,0.09746743738651276,0.10602902621030807,0.08427827060222626,0.03793560713529587,0.004305627197027206,-0.014285539276897907,-0.02297927252948284,-0.031843774020671844,-0.04272950068116188,-0.027874842286109924,-0.024000778794288635,-0.01559041254222393,-0.003298152005299926,-0.0003706570132635534,-0.0021259854547679424,-0.008121998980641365,-0.017304297536611557,-0.04587660729885101,-0.050326623022556305,-0.045149803161621094,-0.051901254802942276,-0.05845284089446068,-0.07649430632591248,-0.06746868044137955,0.023442234843969345,0.14671528339385986,0.20323222875595093,0.28120702505111694,0.2779238522052765,0.1841955929994583,0.052981819957494736,-0.05415445566177368,-0.09028387814760208,-0.09919697791337967,-0.07845413684844971,-0.07084045559167862,-0.03675919398665428,-0.0015889285132288933,0.05855030193924904,0.12852057814598083,0.15978242456912994,0.21745888888835907,0.08255977928638458,0.05659867078065872,-0.005101489368826151,-0.0362500436604023,-0.051592469215393066,-0.024729151278734207,-0.031953733414411545,-0.020501937717199326,0.009609474800527096,0.03193587437272072,0.16163566708564758,-0.29030588269233704,0.13628603518009186,0.19714593887329102,-0.07647673040628433,0.006965206936001778,-0.032227955758571625,-0.04682917892932892,-0.20726309716701508,-0.04003378003835678,-0.06863511353731155,0.03561662137508392,-0.0027197860181331635,0.03864217549562454,-0.04090533033013344,-0.09911595284938812,0.03470197319984436,0.05200060084462166,-0.011142421513795853,-0.018507184460759163,-0.06743679195642471,0.025700632482767105,-0.07414986938238144,0.05842447280883789,-0.08665067702531815,-0.04979628324508667,-0.20694208145141602,-0.3498629927635193,0.4590612053871155,0.3192848861217499,-0.138368159532547,-0.03123059868812561,-0.03439728915691376,0.01451817899942398,0.04878333956003189,-0.24204887449741364,0.18710559606552124,0.05509787052869797,-0.07134509086608887,-0.021820714697241783,-0.3085969090461731,0.36817046999931335,-0.4447733461856842,-0.05307368189096451,0.06940726190805435,-0.17166422307491302,0.3219267427921295,-0.2329181283712387,0.00924487505108118,0.07900063693523407,0.047910433262586594,-0.042689766734838486,-0.9160555601119995,2.0077064037323,-0.5392289757728577,-0.12421664595603943,-1.2109733819961548,0.700373113155365,0.2631489634513855,0.04312558472156525,-0.002355959266424179,0.21368102729320526,-0.208878755569458,0.4011476933956146,-0.07400957494974136,-0.005921280011534691,0.006487686652690172,0.11146243661642075,0.20734897255897522,-0.004661941435188055,-0.20763324201107025,0.052987534552812576,-0.009309718385338783,0.07038268446922302,-0.0758933275938034,0.12833891808986664,1.1520770470951902e-07,-0.02426905557513237,-0.0003591130953282118,-1.3861048273611232e-06,6.311157108029875e-07,-2.7941016014665365e-05,-0.0007655423833057284,-0.9164698123931885,0.15458430349826813,0.01926516182720661,-0.0011108375620096922,-0.02887062355875969,0.010244393721222878,0.02912631630897522,0.012617334723472595,-0.010264210402965546
697,-0.0011459692614153028,-0.005883888807147741,-0.012519793584942818,-0.01574607938528061,-0.01848888210952282,-0.01542097982019186,-0.011021844111382961,-0.009812991134822369,-0.008780322968959808,-0.00959879532456398,-0.0074255941435694695,-0.006481423042714596,-0.008412578143179417,-0.011857270263135433,-0.013977600261569023,-0.015010394155979156,-0.010567990131676197,-0.0009975535795092583,0.012417368590831757,0.02879749797284603,0.04097319021821022,0.0432678759098053,0.010646872222423553,-0.01083298958837986,-0.02910527028143406,-0.02048359625041485,-0.030619796365499496,-0.020639222115278244,-0.022557778283953667,-0.021161342039704323,-0.028778035193681717,-0.020525820553302765,-0.019406059756875038,-0.028667964041233063,-0.04672085493803024,-0.08221793174743652,-0.10791119188070297,-0.06842394918203354,-0.002835658611729741,0.034737274050712585,0.055475033819675446,0.03443435579538345,-0.013178647495806217,-0.060188617557287216,-0.16724292933940887,-0.12369055300951004,-0.11658374965190887,-0.08346296101808548,-0.075809545814991,-0.052367523312568665,-0.06467105448246002,-0.03281714767217636,-0.02518588677048683,-0.02019985020160675,-0.02901717834174633,-0.015894785523414612,-0.02697080932557583,-0.02196798473596573,-0.029837951064109802,-0.04404333606362343,-0.015604634769260883,-0.03219841048121452,-0.06147738918662071,0.0038969889283180237,-0.027814218774437904,-0.05631909519433975,0.05529884621500969,-0.006373621057718992,-0.09344582259654999,0.019598515704274178,-0.0002902618143707514,-0.024547701701521873,-0.03087969496846199,-0.12802468240261078,-0.022241776809096336,-0.015849478542804718,0.04740254208445549,-0.02367227151989937,-0.006116529926657677,-0.03857916593551636,-0.058078616857528687,0.029459519311785698,-0.02808406949043274,0.0006636708858422935,0.01669234409928322,-0.09340532124042511,0.040753692388534546,-0.056238386780023575,0.13178880512714386,-0.12282329797744751,0.012778876349329948,0.02638568915426731,0.07201249152421951,-0.0748554989695549,-0.05672581121325493,0.08108480274677277,-0.05086604133248329,0.2374885231256485,-0.012927745468914509,0.010211779735982418,-0.1927264779806137,0.11912143975496292,0.053885288536548615,-0.11105412244796753,0.003161787521094084,0.3400881588459015,-0.2519822120666504,0.120676189661026,-0.146860733628273,0.29946818947792053,-0.28620341420173645,0.22965870797634125,-0.12069954723119736,0.014181360602378845,0.05686384066939354,0.08474155515432358,-0.18726970255374908,0.3562361001968384,-0.340225487947464,0.11383056640625,0.04418351873755455,0.18394525349140167,-0.07164306193590164,-0.1560671478509903,-0.08194106817245483,0.0056517040356993675,0.20189550518989563,-0.2721739709377289,0.4641278088092804,-0.07329777628183365,0.019988596439361572,-0.00035587887396104634,0.13527798652648926,-0.1466115564107895,0.11482303589582443,0.24636922776699066,-0.4392373561859131,0.17161810398101807,0.16187357902526855,-0.08074520528316498,0.06276733428239822,9.89386421679228e-07,-0.038982439786195755,0.00029551159241236746,-7.960118750816036e-07,-2.659607218902238e-07,4.876991442870349e-05,0.0008764246595092118,2.2634007930755615,-0.20233844220638275,0.01026498805731535,0.008608430624008179,0.02884441800415516,0.022878272458910942,-0.0029384316876530647,0.009380502626299858,0.058066632598638535
698,-0.00028495420701801777,0.001256306772120297,0.008115768432617188,0.019749820232391357,0.03197016566991806,0.030584020540118217,0.018529469147324562,0.009333577007055283,0.0012363533023744822,-0.0038597355596721172,-0.003791987430304289,-0.0010778208961710334,0.0031994155142456293,0.009328806772828102,0.01315232366323471,0.011462002992630005,0.0043649435974657536,-0.0010341140441596508,-0.001085068448446691,0.0058801076374948025,0.02004440873861313,0.04592129960656166,0.04759179800748825,0.05345217511057854,0.03723272681236267,0.00790491420775652,-0.002376361284404993,-0.004409815184772015,0.0037322579883038998,0.020073747262358665,0.06106964126229286,0.05587814748287201,0.030274109914898872,0.0050798505544662476,-0.01653556525707245,-0.038802582770586014,-0.046417251229286194,-0.02164926938712597,0.007042924407869577,0.01613049954175949,0.011351518332958221,-0.006925366818904877,-0.03299755975604057,-0.04534539207816124,-0.06393668055534363,0.00864997785538435,0.09415969252586365,0.12148584425449371,0.13289205729961395,0.10985270142555237,0.14785557985305786,0.08230641484260559,0.04663984477519989,0.04162668436765671,0.05875100940465927,0.027393903583288193,0.06678874045610428,0.024322522804141045,0.03095773048698902,0.03714859113097191,-0.007336795330047607,-0.0016003793571144342,-0.0008432456525042653,-0.015922093763947487,0.0017051256727427244,0.02966548688709736,-0.025466173887252808,-0.009761696681380272,-0.03226206824183464,-0.015733106061816216,-0.012394996359944344,-0.0182181429117918,-0.005300278775393963,0.04642992466688156,0.0003297522780485451,-0.07654625177383423,-0.16661082208156586,0.004167374223470688,0.03684668242931366,-0.08442442864179611,-0.07742682844400406,0.01604628935456276,-0.07530452311038971,-0.22305184602737427,-0.18468938767910004,0.10934330523014069,-0.08516860008239746,0.008264049887657166,-0.14566518366336823,-0.02153845690190792,-0.10526243597269058,-0.08005178719758987,-0.27473586797714233,-0.02871432714164257,0.05621516704559326,-0.11821821331977844,0.030310213565826416,-0.08792896568775177,-0.06529885530471802,-0.006967155262827873,-0.1578337550163269,0.12694372236728668,0.04425693303346634,-0.0852799043059349,0.004159950651228428,0.3673524260520935,-0.2003442496061325,0.12992766499519348,-0.04965151846408844,0.3912679851055145,-0.39616167545318604,0.1775837540626526,-0.2684899866580963,0.043291665613651276,0.3033006489276886,0.09974692761898041,-0.150919571518898,0.5128628611564636,-0.4371921122074127,0.10044277459383011,-0.0049085235223174095,0.17314985394477844,0.04503791779279709,-0.22081197798252106,-0.03483835235238075,0.018008306622505188,0.1311221420764923,-0.3970789611339569,0.4878673851490021,-0.11367908865213394,-0.05868391692638397,-0.0814078077673912,0.18070189654827118,-0.4294889569282532,0.2192683219909668,0.43703213334083557,-0.3408399224281311,0.22543805837631226,0.043090034276247025,0.12878116965293884,0.03238006308674812,-4.596937515088939e-07,-0.04486142471432686,-0.000338084006216377,-2.502080633348669e-06,-7.766541898490686e-07,-1.6887812307686545e-05,-0.000501744681969285,0.26038891077041626,-0.08269018679857254,-0.1394316852092743,-0.009322014637291431,-0.022807897999882698,-0.1773708313703537,-0.14950960874557495,-0.11154791712760925,-0.16539499163627625
699,-0.0006377051468007267,-0.0008113908697851002,0.0018647799734026194,0.006716592703014612,0.010070733726024628,0.008519516326487064,0.005803159438073635,0.007491162046790123,0.011403237469494343,0.0149544021114707,0.011771994642913342,0.006578658241778612,0.006655856966972351,0.009469786658883095,0.013393574394285679,0.014482405968010426,0.00936482660472393,0.0016577306669205427,-0.0006875020335428417,0.0005542743019759655,0.0012401259737089276,0.00012175034498795867,-0.0031921707559376955,-0.003836811752989888,-0.001250272267498076,0.0014090753393247724,0.0034204646944999695,0.00217546708881855,0.009745832532644272,0.025860896334052086,0.07289416342973709,0.06893602758646011,0.041121456772089005,0.018398381769657135,0.011377433314919472,0.02053670585155487,0.04109891876578331,0.0299234502017498,-0.000731351668946445,-0.021922068670392036,-0.027246909216046333,-0.024777961894869804,-0.02106861025094986,-0.019536782056093216,-0.004430360160768032,0.046976715326309204,0.13314589858055115,0.1394796222448349,0.1271180957555771,0.08696501702070236,0.10677774250507355,0.07048559933900833,0.05891433730721474,0.05760921165347099,0.06520548462867737,0.021813219413161278,0.052613336592912674,0.026516126468777657,0.04188381880521774,0.053276803344488144,-0.008404161781072617,0.00035485191619955003,-0.004738527350127697,-0.010267321020364761,-0.006855599582195282,-0.011868932284414768,0.0131142046302557,-0.005016783718019724,-0.035007402300834656,-0.02506721392273903,-0.012631707824766636,-0.014639688655734062,0.0057779657654464245,0.05506899580359459,0.0069102090783417225,-0.049916766583919525,-0.12562458217144012,-0.0015364513965323567,0.031993426382541656,-0.10631581395864487,-0.09755425900220871,0.00653898436576128,-0.053822021931409836,-0.0945839136838913,-0.09574130922555923,0.04614546149969101,-0.05059941112995148,0.005337552633136511,-0.13281914591789246,-0.00235762563534081,-0.12502442300319672,-0.10667022317647934,-0.2418900579214096,-0.04849319905042648,0.03848149999976158,-0.16490834951400757,0.09952680766582489,-0.42774105072021484,-0.16519731283187866,-0.012919540517032146,-0.18210312724113464,0.13111381232738495,0.03588157519698143,-0.09143571555614471,-0.005674878600984812,0.34685102105140686,-0.1803433895111084,0.11060552299022675,-0.05526275560259819,0.4010038375854492,-0.39749640226364136,0.17489805817604065,-0.2978159189224243,0.04295021668076515,0.28060483932495117,0.10034004598855972,-0.143574059009552,0.5156925916671753,-0.4287768304347992,0.09934292733669281,-0.0047011286951601505,0.17484590411186218,0.05370892956852913,-0.21852803230285645,-0.05417764186859131,0.011984585784375668,0.12458784133195877,-0.39394477009773254,0.49861860275268555,-0.11953776329755783,-0.06601761281490326,-0.09735815227031708,0.1708570271730423,-0.43992525339126587,0.23269270360469818,0.4293668568134308,-0.3455624580383301,0.23012208938598633,0.039162829518318176,0.13672010600566864,0.03362809866666794,-7.16539091172308e-07,-0.05487033352255821,-2.1842024580109864e-05,-1.9081480786553584e-06,3.5568854173106956e-07,2.013551420532167e-05,0.0002451944164931774,0.30390235781669617,-0.0883927196264267,-0.1369474083185196,-0.008803886361420155,-0.022083250805735588,-0.19178903102874756,-0.13503365218639374,-0.12192787975072861,-0.1712188422679901
700,-0.0008221263415180147,-0.0043166205286979675,-0.00799037516117096,-0.007889308966696262,-0.010847092606127262,-0.009494815953075886,-0.00652754120528698,-0.005482743959873915,-0.005152082070708275,-0.005909439641982317,-0.004671847447752953,-0.004167969338595867,-0.005298362113535404,-0.007057709153741598,-0.003077482571825385,0.009190321899950504,0.03218177333474159,0.05088664963841438,0.07822500169277191,0.09073185920715332,0.09727064520120621,0.09685815125703812,0.04764198511838913,0.039984676986932755,0.040367547422647476,0.022966129705309868,0.020337101072072983,0.004202425479888916,-0.006646808702498674,-0.013566456735134125,-0.015141270123422146,0.020325422286987305,0.06772809475660324,0.14208613336086273,0.21917489171028137,0.3468315005302429,0.47562623023986816,0.38252341747283936,0.33854740858078003,0.253316193819046,0.27967891097068787,0.317477822303772,0.2695562243461609,0.205739825963974,0.19882135093212128,0.06641117483377457,0.03780851513147354,0.03633679449558258,0.04112892597913742,0.01792406104505062,0.00755578838288784,-0.00891383457928896,-0.021968122571706772,-0.022288084030151367,-0.043911587446928024,-0.030566133558750153,-0.047076888382434845,-0.030208846554160118,-0.033455606549978256,-0.04316246509552002,-0.013378254137933254,-0.020733073353767395,-0.02166174165904522,-0.0009960083989426494,-0.005882096476852894,0.004190536681562662,-0.04051447659730911,0.009391681291162968,0.0329684317111969,-0.0037426191847771406,0.0018665246898308396,-0.02388177067041397,-0.016343066468834877,-0.09396955370903015,-0.009144864976406097,-0.01646890677511692,0.004292090889066458,-0.008445694111287594,-0.020582936704158783,0.013033040799200535,0.007229954935610294,-0.015278090722858906,-0.01862684078514576,-0.01179816760122776,-0.016027864068746567,-0.012094630859792233,0.0021644195076078176,-0.008357567712664604,-0.02462998405098915,0.008589771576225758,0.015897760167717934,-0.11152242869138718,-0.31268471479415894,0.05557078495621681,0.18948869407176971,-0.17966940999031067,0.0007894249865785241,-0.6864041090011597,0.12149456888437271,-0.14566881954669952,0.75568026304245,-0.6472877860069275,-0.06928745657205582,0.09818888455629349,-0.149870827794075,-0.5134979486465454,0.3332103192806244,-0.1861005276441574,0.07099571824073792,-0.5441293120384216,0.5967785716056824,-0.5788323879241943,0.17210645973682404,-0.035712722688913345,-0.09832100570201874,-0.4220353662967682,1.0326366424560547,-1.3940938711166382,1.3598498106002808,-0.37082114815711975,-0.4325586259365082,-0.7805444598197937,0.08500199764966965,0.8665432929992676,0.5787498354911804,-0.08857604116201401,-0.6725431680679321,0.6472347974777222,-0.8831824660301208,0.16752956807613373,-0.03243710473179817,-0.017549116164445877,0.023907361552119255,0.1302030086517334,0.09789223223924637,0.015201377682387829,-0.1486573964357376,0.08823122084140778,0.07344713807106018,0.019821522757411003,0.011800020933151245,1.762815742267776e-07,-0.022840261459350586,-0.0002548924239818007,-2.7624018912320025e-06,7.495839895454992e-07,-2.443801349727437e-05,-0.0004691161448135972,-2.2662322521209717,0.25933608412742615,0.03842681273818016,-0.0067978594452142715,0.015485729090869427,0.030322019010782242,0.016793586313724518,0.05335760489106178,0.01931353099644184
701,0.006741340737789869,0.025546139106154442,0.028151528909802437,0.015239337459206581,0.008423038758337498,-0.00019358440476935357,-0.003207497065886855,-0.004115683492273092,-0.003935790155082941,-0.005327526014298201,-0.0036778065841645002,-0.0034680168610066175,-0.004870668053627014,-0.007216045632958412,-0.00837858859449625,-0.00889701209962368,-0.006173610221594572,-5.7361678045708686e-05,0.008680863305926323,0.01729004457592964,0.021875901147723198,0.026853589341044426,0.00705169141292572,-0.005724485497921705,-0.016885781660676003,-0.013238667510449886,-0.019280141219496727,-0.013105863705277443,-0.012157999910414219,-0.010033012367784977,-0.010756734758615494,-0.008093389682471752,-0.011365998536348343,-0.018701232969760895,-0.03063897229731083,-0.039078593254089355,-0.03227190673351288,0.02559722028672695,0.1333494335412979,0.257693350315094,0.48273059725761414,0.8808673024177551,0.9729135632514954,0.8037762641906738,0.9591831564903259,0.3392708897590637,0.1366022825241089,0.08499227464199066,0.1055430993437767,0.08607494086027145,0.12806841731071472,0.05281723663210869,0.015118641778826714,-0.005101445131003857,-0.01206045038998127,-0.0043784091249108315,2.5808789359871298e-05,0.0048906379379332066,0.011646286584436893,0.03587346524000168,0.024616576731204987,0.07038332521915436,0.09061163663864136,0.03647388145327568,0.06352535635232925,0.11599308252334595,-0.011416405439376831,0.021725447848439217,0.02536693587899208,-0.008018238469958305,-0.04020218178629875,-0.041639965027570724,-0.028743062168359756,-0.07527779787778854,-0.020010698586702347,-0.0355091355741024,0.02240082249045372,-0.12002518028020859,-0.13091307878494263,0.06318847835063934,-0.034216444939374924,-0.08907657861709595,-0.17494045197963715,0.20990273356437683,-0.40645965933799744,0.8261808753013611,-0.19754205644130707,0.0982513278722763,-0.05974605306982994,0.22769184410572052,0.08736058324575424,0.029697556048631668,-0.11622337251901627,0.01286238245666027,-0.002949583576992154,0.007676655426621437,0.016704874113202095,-0.10812503844499588,0.08864207565784454,0.04878702759742737,0.7932072281837463,-0.31721463799476624,-0.05028117820620537,0.45240938663482666,-0.23373442888259888,-0.7865089178085327,0.6062710881233215,-0.11735639721155167,-0.09995578229427338,0.0025545957032591105,-0.0043512252159416676,0.03817382827401161,-0.0776534378528595,-0.014097875915467739,-0.03691096976399422,0.00021724910766351968,0.13036566972732544,-0.26923155784606934,0.25127142667770386,0.0035887437406927347,0.04022981598973274,-0.7975428700447083,-0.7895305752754211,1.6225996017456055,0.827468991279602,-0.04107815772294998,-3.8458547592163086,1.016481637954712,-1.573194980621338,0.1806633472442627,0.25023770332336426,0.21669940650463104,-0.5612083673477173,0.9132044315338135,-0.516614556312561,-0.5079646706581116,0.39554697275161743,-0.4119389057159424,0.02179776132106781,0.21610763669013977,-0.2908807396888733,1.5038385470234061e-07,-0.006528033409267664,-0.00018209869449492544,-1.5981590877345297e-06,5.618954332931025e-07,-1.9812370737781748e-05,-0.00039610109524801373,-3.3243253231048584,0.25967493653297424,0.03862105309963226,-0.005980632267892361,-0.01888854242861271,0.024010615423321724,0.03220314532518387,0.05973131209611893,0.027701500803232193
702,0.001519247074611485,0.0057982709258794785,0.0074504041112959385,0.002500284928828478,-0.005117354448884726,-0.009397816844284534,-0.009015466086566448,-0.00799153745174408,-0.0038670843932777643,0.0037906328216195107,0.013195632956922054,0.020202990621328354,0.0316627100110054,0.0338318832218647,0.02529977820813656,0.007572806440293789,-0.008390047587454319,-0.014485163614153862,-0.023179884999990463,-0.028281865641474724,-0.03721708431839943,-0.04888812452554703,-0.034759264439344406,-0.03720516711473465,-0.039846040308475494,-0.022246913984417915,-0.031007762998342514,-0.021264277398586273,-0.02513175830245018,-0.029710568487644196,-0.05751848965883255,-0.05654389038681984,-0.05333217605948448,-0.05527384579181671,-0.06198231875896454,-0.09061984717845917,-0.11298539489507675,-0.0970158725976944,-0.08123371750116348,-0.05997768044471741,-0.06537898629903793,-0.07341619580984116,-0.07473436743021011,-0.06818710267543793,-0.13520951569080353,-0.10117577761411667,-0.10158725827932358,-0.07912126928567886,-0.07581910490989685,-0.05680909752845764,-0.07394780963659286,-0.03852308914065361,-0.020899655297398567,-0.007347249425947666,-0.007996206171810627,-0.011468947865068913,-0.03079693205654621,-0.032656434923410416,-0.04591824486851692,-0.0703359991312027,-0.021738318726420403,-0.032526541501283646,-0.03397655487060547,-0.01244345586746931,-0.011802897788584232,-0.009516720660030842,0.01675078459084034,-0.009434946812689304,-0.09130996465682983,0.031380388885736465,0.012664178386330605,-0.016879800707101822,-0.04063403606414795,-0.18394403159618378,-0.01938803493976593,-0.009107979014515877,0.0757436603307724,-0.02621535398066044,-0.007236674427986145,0.0003001993172802031,-0.03369428589940071,0.02379435859620571,-0.026316987350583076,0.0033615913707762957,0.012309197336435318,-0.0895172655582428,0.03044820949435234,-0.053840961307287216,0.10603885352611542,-0.11925563216209412,0.0072713675908744335,0.03298043832182884,0.11717131733894348,-0.07250963896512985,-0.07675709575414658,0.1006077378988266,-0.04837220162153244,0.3257710337638855,0.02149607054889202,0.05407363176345825,-0.26387980580329895,0.14261339604854584,0.07106594741344452,-0.09851551800966263,-0.03505541384220123,0.3155134618282318,-0.20985007286071777,0.10723033547401428,-0.14534324407577515,0.3452426493167877,-0.3250654637813568,0.19264066219329834,-0.196822851896286,0.00809030793607235,0.09924988448619843,0.07812003046274185,-0.16775348782539368,0.16567637026309967,-0.2757902443408966,0.10478774458169937,0.032569702714681625,0.30964893102645874,-0.029328603297472,-0.21682225167751312,-0.10667365789413452,0.04969683289527893,0.21197526156902313,-0.34589052200317383,0.5268739461898804,-0.06384101510047913,-0.14318828284740448,0.01909065991640091,0.25063902139663696,-0.381631463766098,0.11323562264442444,0.46559938788414,-0.44679954648017883,0.17570695281028748,0.14489564299583435,-0.0291212759912014,0.07675306499004364,-8.979287713373196e-07,0.011128208599984646,0.00018425796588417143,1.7843237856141059e-06,5.635275215354341e-07,-2.9631282814079896e-05,0.0013867965899407864,2.094270944595337,-0.2755785882472992,-0.02247350849211216,0.015668844804167747,-0.03162781894207001,0.02965601533651352,0.020395467057824135,-0.03780122846364975,-0.005377785302698612
703,-0.0008024338167160749,-0.0044326176866889,-0.008159897290170193,-0.008127761073410511,-0.010668842121958733,-0.00892977137118578,-0.006891774479299784,-0.005761264823377132,-0.0046752034686505795,-0.003990326542407274,-0.0001218127436004579,0.0051469383761286736,0.015068614855408669,0.03347857668995857,0.043817948549985886,0.05041538551449776,0.036760784685611725,0.01540288608521223,0.002326068701222539,-0.007888119667768478,-0.010614578612148762,-0.0011874863412231207,0.014621314592659473,0.0338776670396328,0.05302612483501434,0.03826220706105232,0.07281849533319473,0.07470930367708206,0.12783367931842804,0.18082524836063385,0.33226361870765686,0.25425660610198975,0.1425865888595581,0.07094722241163254,0.033860281109809875,0.029923316091299057,0.08881363272666931,0.16135787963867188,0.2620670199394226,0.23915043473243713,0.20558637380599976,0.14925670623779297,0.06484562158584595,-0.002579927910119295,-0.05410260707139969,-0.028637805953621864,-0.0017798361368477345,0.021262148395180702,0.03762632608413696,0.021391289308667183,0.014226924628019333,-0.00927923433482647,-0.023805098608136177,-0.019854702055454254,-0.0198036041110754,0.00044831939158029854,0.02113936096429825,0.018925493583083153,0.02447810024023056,0.03629492223262787,0.010556756518781185,0.02092134766280651,0.02857167087495327,-0.001518102246336639,-0.006108895875513554,-0.01357736624777317,-0.0007523699314333498,-0.009026171639561653,-0.018878184258937836,-0.00325981923379004,-0.004484216216951609,-0.0022929946426302195,0.0021274336613714695,0.0045066336169838905,0.005340530537068844,-0.00893770158290863,0.01813831366598606,-0.058560729026794434,-0.05536700040102005,-0.01855863258242607,-0.01655641570687294,0.01174782495945692,-0.04577651247382164,-0.06681595742702484,-0.07450269162654877,0.36202725768089294,-0.10611020028591156,0.05818885937333107,-0.061054036021232605,0.017406215891242027,0.0053655426017940044,-0.028957722708582878,-0.21705351769924164,0.22959674894809723,0.25658729672431946,-0.1727663278579712,0.020200690254569054,-0.49521005153656006,0.024797335267066956,-0.20302632451057434,0.6999509334564209,-0.5343728065490723,-0.1618291735649109,0.14087343215942383,-0.1508909910917282,-0.3161808252334595,0.3256584405899048,-0.1421189159154892,0.14661292731761932,-0.7302407622337341,0.9727100729942322,-0.4878994822502136,0.16665415465831757,-0.02035917527973652,-0.1638258844614029,-0.2877972424030304,0.5779373049736023,-0.8279789686203003,0.6783897280693054,-0.3333514332771301,-0.16469928622245789,-0.3546305000782013,0.027621939778327942,0.3683476150035858,0.14003540575504303,-0.038609303534030914,-0.25165432691574097,0.7030895352363586,-0.8609535694122314,-0.05773492902517319,0.0698278620839119,0.031552378088235855,-0.1169692873954773,0.11059156805276871,0.060665808618068695,-0.20720387995243073,0.4028198719024658,-0.4328506886959076,-0.07859599590301514,0.3513098657131195,-0.1801416128873825,2.1500045477296226e-07,-0.03611788898706436,-0.00029989334871061146,-3.5481441500451183e-06,7.80271079747763e-07,-2.5876875952235423e-05,-0.000566534698009491,-3.2431225776672363,0.25111767649650574,0.040571171790361404,-0.00491203460842371,0.005118297412991524,0.031078267842531204,0.02169918268918991,0.045875512063503265,0.04018764570355415
704,-0.0014081844128668308,-0.006310323253273964,-0.01142936758697033,-0.015220456756651402,-0.017659377306699753,-0.015090230852365494,-0.010477621108293533,-0.008895945735275745,-0.00798692274838686,-0.009151145815849304,-0.007093654479831457,-0.006378741003572941,-0.00830101314932108,-0.011588486842811108,-0.013901900500059128,-0.01576739177107811,-0.014579607173800468,-0.00885766465216875,-0.0041711460798978806,0.005001675337553024,0.016024712473154068,0.031678132712841034,0.022736698389053345,0.016783323138952255,0.00096981629030779,-0.00911628920584917,-0.022412341088056564,-0.019745787605643272,-0.023632816970348358,-0.02475821226835251,-0.036170125007629395,-0.025526976212859154,-0.019098585471510887,-0.021967025473713875,-0.033684391528367996,-0.05871020630002022,-0.08397196233272552,-0.08084728568792343,-0.08129386603832245,-0.0684640035033226,-0.08277887850999832,-0.10005933791399002,-0.10328961163759232,-0.08344188332557678,-0.10214079916477203,-0.023157387971878052,0.015611501410603523,0.0295431986451149,0.029811030253767967,0.012724141590297222,0.0028078840114176273,-0.0029604111332446337,-0.004715556278824806,-0.0035345752257853746,-0.01003251038491726,-0.012578913010656834,-0.030567359179258347,-0.03305254504084587,-0.04483761265873909,-0.07112731784582138,-0.02855595387518406,-0.046680111438035965,-0.07343979924917221,-0.004944908432662487,-0.03585083782672882,-0.053638070821762085,0.03137742355465889,-0.008004257455468178,-0.09466103464365005,0.0005342350341379642,-0.0018173962598666549,-0.031328506767749786,-0.038293275982141495,-0.15018519759178162,-0.01326912734657526,-0.006499724928289652,0.018805215135216713,-0.017622068524360657,-0.004900666419416666,0.00030649665859527886,-0.02030586451292038,0.024123897776007652,-0.03365359455347061,-0.016017790883779526,-0.016495663672685623,-0.06382642686367035,0.02521813102066517,-0.041441064327955246,0.1018933579325676,-0.131455197930336,0.015245003625750542,0.031799182295799255,0.11750341206789017,-0.07255855947732925,-0.051631782203912735,0.06105756759643555,-0.0518452413380146,0.18691575527191162,-0.0227547325193882,-0.0029594427905976772,-0.18337780237197876,0.09926523268222809,0.041682373732328415,-0.10786816477775574,-0.0039021435659378767,0.22617988288402557,-0.2205083817243576,0.007336986716836691,-0.1022329181432724,0.2946622371673584,-0.2913978099822998,0.2783066928386688,-0.19994927942752838,-0.027351997792720795,0.0489768423140049,0.08413045853376389,-0.21695734560489655,0.3463628590106964,-0.3770493268966675,0.09957463294267654,0.05100869759917259,0.2093477100133896,-0.04683166742324829,-0.08240563422441483,0.01596948131918907,-0.03163590282201767,0.18376140296459198,-0.22467076778411865,0.39672356843948364,-0.06745526939630508,0.026899045333266258,0.0010964979883283377,0.18325857818126678,-0.2462000697851181,0.11312070488929749,0.25444066524505615,-0.3684883415699005,0.09726441651582718,0.17542526125907898,-0.06732435524463654,0.06494037061929703,-3.1278787560040655e-07,-0.03383781388401985,-0.00016251846682280302,-1.5636285297659924e-06,-3.3153028766719217e-07,-5.236386641627178e-06,-0.0003340059774927795,1.3630822896957397,-0.09704841673374176,0.03892606496810913,0.0027929029893130064,0.02726319432258606,0.040170613676309586,0.025580156594514847,0.04697716608643532,0.06007733941078186
705,-0.0012630054261535406,-0.0057177734561264515,-0.01192903146147728,-0.016532180830836296,-0.018613601103425026,-0.015476114116609097,-0.010929667390882969,-0.009810641407966614,-0.008538001216948032,-0.00929238460958004,-0.007302988786250353,-0.005707175470888615,-0.0056900158524513245,-0.003730829805135727,0.0033440019469708204,0.011022333055734634,0.012724136002361774,0.005462884437292814,-0.0021723743993788958,-0.007594309747219086,-0.008648672141134739,-0.0016194629715755582,0.002515552332624793,-0.0017915383214130998,-0.01492254063487053,-0.014907593838870525,-0.026419172063469887,-0.020068688318133354,-0.024050123989582062,-0.02878608927130699,-0.05638659745454788,-0.055311933159828186,-0.0528009794652462,-0.055614519864320755,-0.06504189968109131,-0.1018802747130394,-0.14376427233219147,-0.14730048179626465,-0.13979309797286987,-0.10026349872350693,-0.10110771656036377,-0.11068601161241531,-0.11511486768722534,-0.1040101945400238,-0.19830787181854248,-0.12850253283977509,-0.11498752981424332,-0.08375732600688934,-0.07698854058980942,-0.05895967409014702,-0.08553352952003479,-0.05824245139956474,-0.04527164250612259,-0.03292473033070564,-0.03120868094265461,-0.01038239523768425,-0.010625363327562809,-0.014474247582256794,-0.029528474435210228,-0.05996919795870781,-0.02535831741988659,-0.04866952449083328,-0.0760960504412651,-0.0011861982056871057,-0.03573833778500557,-0.06837910413742065,0.03725986182689667,-0.01010484341531992,-0.09011708945035934,0.02381093241274357,0.0022961304057389498,-0.018083471804857254,-0.03995426371693611,-0.162861630320549,-0.023202205076813698,-0.015473022125661373,0.05556079000234604,-0.022013962268829346,-0.006727922707796097,-0.006774472072720528,-0.039074018597602844,0.02318221889436245,-0.03763095661997795,-0.017959393560886383,-0.009166689589619637,-0.07062620669603348,0.03298134729266167,-0.04671764746308327,0.12236075848340988,-0.12150469422340393,0.03674387186765671,0.05547768250107765,0.15887868404388428,-0.08728437125682831,-0.08711853623390198,0.10428304970264435,-0.07400508970022202,0.3303544223308563,0.01635034941136837,0.03433704748749733,-0.28040811419487,0.14151690900325775,0.06094086170196533,-0.11378391832113266,-0.03577264025807381,0.3630085587501526,-0.21114391088485718,0.13137193024158478,-0.1645244061946869,0.3079865872859955,-0.37066832184791565,0.19689369201660156,-0.25331974029541016,-0.024013448506593704,0.07542344182729721,0.10870477557182312,-0.22355227172374725,0.429620623588562,-0.39268189668655396,0.08901779353618622,0.014477698132395744,0.26967790722846985,-0.041929036378860474,-0.2017240971326828,-0.10501428693532944,0.049729567021131516,0.21459424495697021,-0.3238314390182495,0.5222222208976746,-0.06514575332403183,-0.10881416499614716,0.02436407469213009,0.2296312004327774,-0.29254150390625,0.14606145024299622,0.3989691138267517,-0.4376342296600342,0.18664900958538055,0.12535235285758972,-0.030968042090535164,0.0714849904179573,8.297651277189289e-08,0.03877429664134979,0.0005889916210435331,4.943383828504011e-06,2.628572985940991e-07,7.333269422815647e-06,0.0008154436363838613,2.5365498065948486,-0.4311525225639343,-0.04509977251291275,0.017516640946269035,0.01485868077725172,0.021555593237280846,-0.15033608675003052,-0.05451129004359245,0.04214887320995331
706,-0.0003604634548537433,0.0008556609973311424,0.009281250648200512,0.024029036983847618,0.03801567107439041,0.03457237035036087,0.01930910535156727,0.008061249740421772,0.0008563030860386789,-0.0001943424722412601,0.003516427706927061,0.006911110132932663,0.011430559679865837,0.011076868511736393,0.005820590537041426,-0.0035039123613387346,-0.009399205446243286,-0.007843537256121635,-0.005870033986866474,-0.00023258656437974423,0.0011378100607544184,-0.0034587408881634474,-0.01170351356267929,-0.021670954301953316,-0.02753922902047634,-0.01309212390333414,-0.010745633393526077,-0.003750210627913475,-0.0020074534695595503,-0.007972653955221176,-0.031176088377833366,-0.045278917998075485,-0.04955672845244408,-0.05496304854750633,-0.06599325686693192,-0.1042034849524498,-0.14756275713443756,-0.15026415884494781,-0.14031030237674713,-0.09660612791776657,-0.09402188658714294,-0.09283021837472916,-0.08487984538078308,-0.0690249651670456,-0.12014099955558777,-0.07283054292201996,-0.05391832813620567,-0.022402659058570862,-0.0071007730439305305,-0.0021050742361694574,-0.024079985916614532,-0.03316757455468178,-0.035601191222667694,-0.03024330548942089,-0.03219675272703171,-0.011561397463083267,-0.00851029809564352,-0.007927719503641129,-0.01331302896142006,-0.02634975127875805,-0.010971039533615112,-0.024429859593510628,-0.03870076686143875,-0.006288474425673485,-0.017642538994550705,-0.029319142922759056,0.03322930261492729,-0.0014400726649910212,-0.08964040130376816,0.02553907036781311,0.012127741239964962,-0.013757403939962387,-0.02014893665909767,-0.11662133783102036,-0.010441037826240063,0.004156827460974455,0.08042780309915543,-0.02190854214131832,-0.009272665716707706,-0.010743820108473301,-0.03944815322756767,0.023839836940169334,-0.02340216562151909,0.013236488215625286,0.01878095231950283,-0.07481049746274948,0.031692419201135635,-0.03473037853837013,0.06710439175367355,-0.11928228288888931,0.017113609239459038,0.04078550636768341,0.12299451231956482,-0.06961462646722794,-0.06332085281610489,0.08108463138341904,-0.056861091405153275,0.2702004611492157,0.02064148522913456,0.04967036843299866,-0.2497263252735138,0.13977761566638947,0.058806102722883224,-0.09465918689966202,-0.017888547852635384,0.29370778799057007,-0.20604495704174042,0.10011044144630432,-0.11200490593910217,0.3166366517543793,-0.31532514095306396,0.19738493859767914,-0.18284110724925995,-0.0037861275486648083,0.11170952767133713,0.12368623912334442,-0.18983116745948792,0.40940943360328674,-0.379564493894577,0.10388766974210739,0.012838434427976608,0.2552625834941864,-0.019338304176926613,-0.1880156397819519,-0.0962253138422966,0.03137822449207306,0.17988771200180054,-0.31208571791648865,0.5164704918861389,-0.07968737930059433,-0.08367519080638885,0.005923779681324959,0.2019902765750885,-0.3324747085571289,0.13951416313648224,0.3685287833213806,-0.4243353009223938,0.18087443709373474,0.15551070868968964,-0.026464583352208138,0.0682404413819313,-9.427911322745786e-07,-0.025484325364232063,0.0001672912621870637,-3.0002505013726477e-07,3.836132691503735e-07,2.7652433345792815e-05,0.000826129806227982,1.917018175125122,-0.2882404029369354,-0.05669340491294861,0.022617775946855545,-0.02319761924445629,0.031297098845243454,-0.0486108660697937,-0.09958098828792572,-0.01788557693362236
707,0.00042696157470345497,0.00664115184918046,0.020839618518948555,0.022312413901090622,0.03109157644212246,0.024571212008595467,0.014884373173117638,0.00937096867710352,0.008593008853495121,0.010070553980767727,0.006312521640211344,0.004678030498325825,0.004408834967762232,0.005089093931019306,0.004323834087699652,0.0016417960869148374,-0.0016461965860798955,-0.0037513645365834236,-0.006610334385186434,-0.005838151089847088,-0.0024472069926559925,0.019382132217288017,0.051046326756477356,0.11842618882656097,0.19631700217723846,0.12735065817832947,0.1874757558107376,0.1042160764336586,0.07028742879629135,0.033525560051202774,0.014132363721728325,-0.007270841859281063,-0.012742114253342152,-0.015491891652345657,-0.020692110061645508,-0.030785836279392242,-0.040126144886016846,-0.03653213381767273,-0.03411915525794029,-0.026474257931113243,-0.029369506984949112,-0.027770593762397766,-0.018455542623996735,0.010525371879339218,0.11988282203674316,0.15772829949855804,0.2660441994667053,0.2542174756526947,0.2656814455986023,0.14283597469329834,0.14418238401412964,0.09970366209745407,0.08709891140460968,0.09448229521512985,0.10853104293346405,0.052403371781110764,0.05189729481935501,0.03752393275499344,0.044453807175159454,0.029103796929121017,0.010787051171064377,0.016494926065206528,0.02674119733273983,0.009172996506094933,0.03262457251548767,0.09402338415384293,-0.08278965950012207,0.09850851446390152,0.5520188212394714,0.12172508239746094,0.29713085293769836,0.15087388455867767,0.12740662693977356,0.39794716238975525,0.15288709104061127,0.19846363365650177,-0.10060057044029236,0.15133315324783325,0.0374603234231472,-0.00839875265955925,-0.011853423900902271,0.00589955085888505,-0.0101756127551198,-0.029742341488599777,-0.04227563366293907,0.02458794042468071,-0.024659855291247368,0.01351602841168642,-0.6339619755744934,0.4637818932533264,-0.4526064097881317,0.38983455300331116,-0.21163465082645416,1.0384191274642944,0.3779638409614563,-0.21384605765342712,0.20165443420410156,-0.2229597568511963,0.06250598281621933,-0.010817349888384342,0.15547986328601837,-0.023981496691703796,-0.04781237989664078,0.06053778901696205,-0.01307705882936716,-0.13779957592487335,0.24367362260818481,0.00841494370251894,0.421855092048645,-0.18797767162322998,1.1412123441696167,-1.525090217590332,1.4681687355041504,0.13495144248008728,-0.36881202459335327,-0.2814755439758301,1.4936970472335815,-0.8549612164497375,1.0222299098968506,-0.3754574656486511,0.22557838261127472,-0.7139571905136108,-0.12224508821964264,0.23698790371418,-0.011738119646906853,-0.029429921880364418,0.01105019822716713,1.0405153036117554,-0.6948038935661316,0.5758906602859497,0.2342444658279419,0.3604826331138611,-2.7023372650146484,0.3540670871734619,-7.847332000732422,-2.4878783226013184,6.586515426635742,-0.9409844279289246,-1.462576150894165,0.12661857903003693,-0.3488563895225525,9.188491389977571e-08,-0.001726049231365323,-8.894639904610813e-05,-9.290320122090634e-07,1.997041607637584e-07,-7.630077561771031e-06,-0.00019411840185057372,-0.538716733455658,0.16777372360229492,0.020469767972826958,-0.002679107477888465,-0.005775904282927513,0.00964297354221344,0.019069986417889595,0.02582583576440811,0.015569254755973816
708,-0.0008952984935604036,-0.0048249526880681515,-0.007433070335537195,-0.005132094956934452,-0.000123352074297145,0.007188691757619381,0.00938189122825861,0.009051186963915825,0.007634943816810846,0.009552327916026115,0.009372608736157417,0.011609956622123718,0.01680409535765648,0.025749245658516884,0.03371959924697876,0.03895179554820061,0.03350624069571495,0.020935533568263054,0.010383939370512962,-0.0026364128571003675,-0.010329396463930607,-0.009702896699309349,0.00019108688866253942,0.0038216998800635338,-0.0014816287439316511,-0.005282751750200987,-0.008247758261859417,-0.0010752849048003554,0.010331574827432632,0.023462194949388504,0.06262171268463135,0.061797332018613815,0.04530308023095131,0.029354291036725044,0.019026292487978935,0.011757287196815014,0.012583993375301361,0.00818772055208683,0.0003296649665571749,-0.010474957525730133,-0.020132901147007942,-0.030815694481134415,-0.03805217891931534,-0.04307698458433151,-0.08297409862279892,-0.052163854241371155,-0.03985244780778885,-0.020024409517645836,-0.009957479313015938,0.001665497082285583,0.01765008457005024,0.022514216601848602,0.030967367812991142,0.034641485661268234,0.05422500520944595,0.024621285498142242,0.04177365452051163,0.02638706937432289,0.026560522615909576,0.03954974561929703,0.012740762904286385,0.029356414452195168,0.03811865299940109,-0.01504589058458805,-0.005789836868643761,-0.004233529791235924,-0.014286811463534832,-0.01767147332429886,-0.020465221256017685,-0.01452867966145277,-0.009769921191036701,-0.01986829936504364,-0.014117885380983353,-0.05825990438461304,-0.003294093534350395,-0.007192165590822697,4.173880006419495e-05,0.010283306241035461,0.03904058784246445,-0.014727441594004631,-0.03640998154878616,0.038664523512125015,-0.026585320010781288,-0.04453783482313156,-0.07178588956594467,0.033189110457897186,-0.03476019948720932,0.009136658161878586,-0.05563247203826904,-0.044782936573028564,-0.02702362835407257,0.021733729168772697,-0.023443350568413734,-0.03301016986370087,-0.017953984439373016,-0.029100876301527023,-0.046705059707164764,-0.041187189519405365,-0.05842345207929611,-0.0455918125808239,-0.03701939433813095,-0.011699376627802849,-0.04809900373220444,-0.05753074958920479,-0.009173993952572346,-0.0009883951861411333,-0.06280640512704849,-0.05121671408414841,-0.08946239203214645,0.07274898886680603,-0.01423263642936945,0.12153264880180359,-0.06483294814825058,-0.003422534791752696,-0.08805287629365921,-0.09097731113433838,0.04613833129405975,-0.22590918838977814,0.07026315480470657,-0.017847687005996704,0.03592885658144951,-0.14743512868881226,-0.047157227993011475,0.03460613265633583,0.11981308460235596,-0.01809718832373619,0.08328476548194885,0.05278969183564186,-0.021703267470002174,-0.0811101570725441,0.11404235661029816,0.0278018806129694,0.10481006652116776,0.18497125804424286,0.0871218740940094,-0.16891005635261536,0.07151583582162857,-0.13463200628757477,0.12599346041679382,0.004995937924832106,0.04800162464380264,6.064347957135396e-08,-0.04948592931032181,-0.00023780841729603708,-3.0478388453047955e-06,1.2698664875188115e-07,-1.9877505110343918e-05,-0.00032568766619078815,0.27090775966644287,0.10479851067066193,0.033669568598270416,0.0009267413406632841,-0.015335162170231342,0.03667142242193222,0.02017335407435894,0.04154710844159126,0.04403892531991005
709,-0.00017482122348155826,0.0005075308145023882,0.00371794612146914,0.005467597860842943,0.007565273903310299,0.00656207324936986,0.0063226111233234406,0.009860100224614143,0.015059089288115501,0.023265182971954346,0.01868424564599991,0.017262103036046028,0.020192109048366547,0.027498694136738777,0.034053415060043335,0.03886951133608818,0.03312471881508827,0.020626770332455635,0.010241292417049408,-0.002662857761606574,-0.010302785784006119,-0.009738920256495476,0.00011256465222686529,0.003716227598488331,-0.0015736700734123588,-0.005389347672462463,-0.00895395316183567,-0.0028592804446816444,0.004804735071957111,0.011818149127066135,0.0313623771071434,0.032509736716747284,0.029697779566049576,0.027472201734781265,0.02459302917122841,0.013006215915083885,-0.007740101311355829,-0.024988800287246704,-0.03134210407733917,-0.026535073295235634,-0.028602587059140205,-0.033603567630052567,-0.0355084203183651,-0.03471086919307709,-0.049761444330215454,-0.018725579604506493,-5.360261638998054e-05,0.013122106902301311,0.016841687262058258,0.013924428261816502,0.02939261682331562,0.030303554609417915,0.04438941180706024,0.05280180275440216,0.0886741429567337,0.04331273213028908,0.07275617867708206,0.048211950808763504,0.05290229618549347,0.07032563537359238,0.02070680819451809,0.04008521884679794,0.050035640597343445,-0.01798328571021557,-0.003070463426411152,0.0038417489267885685,-0.032188624143600464,-0.021663065999746323,-0.01219547912478447,-0.015257434919476509,-0.009280464611947536,-0.01004672609269619,-0.004889239557087421,-0.022494718432426453,0.0024051314685493708,-0.004331392701715231,-0.01118271891027689,0.020629968494176865,0.04994349181652069,-0.018646860495209694,-0.040924105793237686,0.04312984645366669,-0.02538347616791725,-0.052767544984817505,-0.07498572766780853,0.039980269968509674,-0.041142117232084274,0.01472907979041338,-0.06555985659360886,-0.030998874455690384,-0.034473251551389694,0.01843358390033245,-0.036060091108083725,-0.02845735475420952,-0.016514990478754044,-0.046012602746486664,-0.047010358422994614,-0.11251430213451385,-0.0712108463048935,-0.06534011662006378,0.003846295177936554,-0.04218335077166557,-0.07203411310911179,-0.042582929134368896,-0.019066983833909035,-0.07462937384843826,0.002027927665039897,-0.07161189615726471,-0.08290296047925949,0.02216390147805214,0.058948855847120285,0.08307041227817535,-0.04268862307071686,-0.015642430633306503,-0.11288081854581833,-0.11778160184621811,0.09190498292446136,-0.3230259418487549,0.1448596715927124,-0.032616425305604935,0.038180917501449585,-0.1909681260585785,-0.048519235104322433,0.0529995821416378,0.13217252492904663,-0.004797675646841526,0.07218059152364731,0.10508958995342255,-0.12317360192537308,-0.08185708522796631,0.1338399350643158,0.035221539437770844,0.10184913873672485,0.25033125281333923,0.06085101142525673,-0.2604972720146179,0.17556022107601166,-0.18978746235370636,0.12967132031917572,0.008412279188632965,0.043011702597141266,7.670970347817274e-08,-0.04892478510737419,-0.00027158422744832933,-3.085360731347464e-06,7.022247814347793e-07,-1.9685983716044575e-05,-0.00043403723975643516,0.1303635686635971,0.1292020082473755,0.03301367536187172,0.0006953430129215121,-0.022688906639814377,0.03634244576096535,0.01994285359978676,0.04121730104088783,0.04360201582312584
710,0.001171170617453754,0.005197553895413876,0.007643458899110556,0.0037599022034555674,-0.0033080829307436943,-0.00811766367405653,-0.008448518812656403,-0.007814651355147362,-0.0038010068237781525,0.0037902281619608402,0.013292819261550903,0.020064065232872963,0.031379442662000656,0.03364536538720131,0.025168780237436295,0.00765927555039525,-0.008347312919795513,-0.014423452317714691,-0.022905390709638596,-0.0281717237085104,-0.036894045770168304,-0.048573002219200134,-0.03448030352592468,-0.036987464874982834,-0.03962349519133568,-0.02202969416975975,-0.030668068677186966,-0.020970486104488373,-0.024856867268681526,-0.029220102354884148,-0.05690477415919304,-0.05589650571346283,-0.05278345197439194,-0.054645270109176636,-0.061431799083948135,-0.08991045504808426,-0.11207572370767593,-0.0965157300233841,-0.08119480311870575,-0.06025208532810211,-0.06623662263154984,-0.07496216148138046,-0.07582291960716248,-0.06779073923826218,-0.13211990892887115,-0.09706466645002365,-0.09766724705696106,-0.07683674246072769,-0.07336914539337158,-0.056693125516176224,-0.07544393837451935,-0.04085906222462654,-0.02325722575187683,-0.009119407273828983,-0.007762466091662645,-0.010327452793717384,-0.02752464823424816,-0.029762404039502144,-0.043691929429769516,-0.0676005482673645,-0.01850840449333191,-0.030743932351469994,-0.03340570256114006,-0.01326325349509716,-0.013250548392534256,-0.00972144864499569,0.018135305494070053,-0.007002410478889942,-0.08571217209100723,0.03488120436668396,0.019701965153217316,-0.010599936358630657,-0.03588023781776428,-0.1783704161643982,-0.016629725694656372,-0.0005030867177993059,0.08328304439783096,-0.018891720101237297,-0.0056138429790735245,0.0032415387686342,-0.03289263695478439,0.02682187594473362,-0.022921022027730942,0.007957147434353828,0.01522804331034422,-0.0851275771856308,0.03331196308135986,-0.0526631623506546,0.10616430640220642,-0.11874072998762131,0.009760458953678608,0.03290269523859024,0.11728930473327637,-0.07164529711008072,-0.07871167361736298,0.10262036323547363,-0.04653182625770569,0.32051292061805725,0.026067744940519333,0.05772313475608826,-0.2616598606109619,0.1492948979139328,0.07747936993837357,-0.09582380205392838,-0.0368664413690567,0.30958008766174316,-0.20715951919555664,0.10807978361845016,-0.13916639983654022,0.34113720059394836,-0.33274757862091064,0.1890082061290741,-0.194381445646286,0.02455720491707325,0.10849828273057938,0.08244787901639938,-0.17182914912700653,0.16011884808540344,-0.27394890785217285,0.10455043613910675,0.023669574409723282,0.304489403963089,-0.02030843310058117,-0.20720919966697693,-0.10334540903568268,0.0554783008992672,0.21847029030323029,-0.33188092708587646,0.5348250865936279,-0.05604391172528267,-0.14045511186122894,0.020614102482795715,0.22454869747161865,-0.37462785840034485,0.11835451424121857,0.47606906294822693,-0.45329734683036804,0.18454360961914062,0.13771803677082062,-0.02834087237715721,0.07989887148141861,1.7302799051321927e-06,0.011142762377858162,0.0007670497871004045,1.2310116517255665e-06,8.257591730398417e-07,7.237041427288204e-05,0.0014448963338509202,1.9391223192214966,-0.3416602611541748,-0.05732455104589462,0.01895727589726448,-0.030925115570425987,0.030931157991290092,-0.035255271941423416,-0.12747691571712494,-0.03442292660474777
711,-0.0013101365184411407,-0.00588572071865201,-0.012001866474747658,-0.016520138829946518,-0.017646268010139465,-0.012485153041779995,-0.004701707046478987,0.002565097063779831,0.009634444490075111,0.014415374025702477,0.011359427124261856,0.007046854123473167,0.007299876771867275,0.009929678402841091,0.01521365623921156,0.014731988310813904,0.005753298755735159,-0.0054045612923800945,-0.017438344657421112,-0.026024403050541878,-0.035764820873737335,-0.04869408532977104,-0.034669723361730576,-0.03641267120838165,-0.03971150889992714,-0.022422242909669876,-0.031239241361618042,-0.02182190492749214,-0.02529953606426716,-0.030015351250767708,-0.05765650048851967,-0.05664811283349991,-0.05344384163618088,-0.056547436863183975,-0.06557066738605499,-0.10263172537088394,-0.14444763958454132,-0.14863748848438263,-0.14237593114376068,-0.1002093032002449,-0.10139285773038864,-0.11193959414958954,-0.11514519155025482,-0.1052841767668724,-0.19858518242835999,-0.1321180760860443,-0.1165677085518837,-0.08511221408843994,-0.07640130817890167,-0.0518704317510128,-0.06833989173173904,-0.038328059017658234,-0.02852902188897133,-0.02403598092496395,-0.03730301931500435,-0.02232442796230316,-0.03890443220734596,-0.03170761466026306,-0.0363474003970623,-0.054572999477386475,-0.022185254842042923,-0.03822662681341171,-0.06136723607778549,-0.001336882822215557,-0.029246527701616287,-0.05376271903514862,0.03244472295045853,-0.01042916253209114,-0.09429401904344559,0.008912745863199234,-0.0029381548520177603,-0.02582930587232113,-0.043700605630874634,-0.18190202116966248,-0.02212793007493019,-0.013443533331155777,0.06475042551755905,-0.02595190331339836,-0.0063491808250546455,0.005180926527827978,-0.01936212182044983,0.030726943165063858,-0.016869595274329185,0.014642898924648762,0.022371655330061913,-0.09023139625787735,0.03339475765824318,-0.05471903830766678,0.1278180032968521,-0.14474868774414062,0.03331056609749794,0.0551472045481205,0.15895423293113708,-0.08498018234968185,-0.08549360185861588,0.09536560624837875,-0.07049941271543503,0.32782402634620667,0.0033826162107288837,0.0249028280377388,-0.2724117934703827,0.13636590540409088,0.054105035960674286,-0.10289853066205978,-0.025866247713565826,0.36191362142562866,-0.19312720000743866,0.12697847187519073,-0.12383989244699478,0.32104530930519104,-0.31635427474975586,0.22064198553562164,-0.26991963386535645,-0.023456119000911713,0.06228924170136452,0.12387478351593018,-0.21646209061145782,0.45651334524154663,-0.4047372341156006,0.0952424705028534,0.012134304270148277,0.25534915924072266,-0.04249868541955948,-0.15684227645397186,-0.05805743858218193,0.028846660628914833,0.20197397470474243,-0.33497998118400574,0.5480473041534424,-0.0540664978325367,-0.12188790738582611,0.013834968209266663,0.258686363697052,-0.36699050664901733,0.1310795694589615,0.482084721326828,-0.43202751874923706,0.19652177393436432,0.15111514925956726,-0.017065800726413727,0.0674152821302414,-9.740512041389593e-07,0.052395325154066086,0.0002559145214036107,3.0780868200963596e-06,1.0487611916687456e-06,3.5586122976383194e-05,0.0002853380283340812,2.739326000213623,-0.38588908314704895,-0.002729712286964059,0.017589813098311424,-0.006945847999304533,0.03444879502058029,0.03038017638027668,-0.05041036754846573,0.039176419377326965
712,-0.0014605981996282935,-0.00595499575138092,-0.011621735990047455,-0.014788352884352207,-0.014805867336690426,-0.006823322735726833,0.0023246523924171925,0.009766136296093464,0.013159127905964851,0.011810795404016972,0.00525658018887043,0.0011686569778248668,0.0015715821646153927,0.0055392407812178135,0.012018777430057526,0.016307314857840538,0.015164423733949661,0.009498541243374348,0.014772913418710232,0.02873001992702484,0.047511253505945206,0.06666810810565948,0.04386889189481735,0.028969502076506615,0.00586485443636775,-0.005194378551095724,-0.007565158419311047,0.001319098868407309,0.016411853954195976,0.032092560082674026,0.06589234620332718,0.04788561910390854,0.025974199175834656,0.012869197875261307,0.007716660387814045,0.008626957423985004,0.014184042811393738,0.008180552162230015,-0.007956811226904392,-0.02121417038142681,-0.02526172064244747,-0.016690200194716454,0.00882831308990717,0.023041000589728355,0.059830110520124435,0.02426641620695591,0.0078118108212947845,-0.010450159199535847,-0.020448623225092888,-0.014207330532371998,-0.008770911954343319,0.012933442369103432,0.024083012714982033,0.03723403066396713,0.059835005551576614,0.026696618646383286,0.058570943772792816,0.021930214017629623,0.026198331266641617,0.03246963024139404,-0.006866658106446266,-0.00281334831379354,-0.014799019321799278,-0.00683011906221509,-0.00876538548618555,0.001460723695345223,-0.007053027395159006,-0.011566763743758202,-0.029213137924671173,-0.026925064623355865,-0.014287840574979782,-0.01694328710436821,-0.013825079426169395,-0.08739181607961655,0.003657320514321327,-0.002907448448240757,-0.04687974601984024,-0.0025941007770597935,0.03590141609311104,-0.12688051164150238,-0.11936893314123154,-0.007388402242213488,-0.10937265306711197,-0.22839872539043427,-0.1626097559928894,0.04980183392763138,-0.04250318929553032,-0.008865914307534695,-0.08739439398050308,-0.049513570964336395,-0.06268349289894104,-0.051605239510536194,-0.12934142351150513,-0.033320970833301544,-0.008407645858824253,-0.03680886700749397,0.009799397550523281,-0.17498324811458588,-0.14539429545402527,-0.03768015652894974,-0.07884406298398972,0.09345630556344986,0.030740605667233467,-0.0895642563700676,-0.00588875962421298,0.34638839960098267,-0.19586428999900818,0.1311657577753067,-0.0879194512963295,0.37369850277900696,-0.39963066577911377,0.1953180730342865,-0.27738577127456665,0.009901748038828373,0.2665922939777374,0.11123015731573105,-0.153675377368927,0.5190342664718628,-0.41688406467437744,0.11176254600286484,0.013692082837224007,0.19425034523010254,0.03495161980390549,-0.22434799373149872,-0.06812575459480286,-0.0032504394184798002,0.141787588596344,-0.39585810899734497,0.4926605522632599,-0.0922110304236412,-0.08181067556142807,-0.1036926880478859,0.20795658230781555,-0.4324098527431488,0.21121430397033691,0.45631927251815796,-0.35072025656700134,0.2258898764848709,0.04542537406086922,0.09882906824350357,0.03762754425406456,-6.414016411326884e-07,-0.05173836275935173,-0.0003096780856139958,-2.673818471521372e-06,-6.265665888349758e-07,-2.0482651962083764e-05,-0.00033352087484672666,0.5102841854095459,-0.12037592381238937,-0.13743038475513458,-0.007882162928581238,-0.00955214723944664,-0.17445360124111176,-0.1494297981262207,-0.10568849742412567,-0.16837017238140106
713,-0.0008691269904375076,-0.004490004852414131,-0.006299839820712805,-0.0031403936445713043,0.003734208643436432,0.012482031248509884,0.015800194814801216,0.017812026664614677,0.017222369089722633,0.016964679583907127,0.00846639834344387,0.005305368918925524,0.006161713972687721,0.01100831851363182,0.015491842292249203,0.012912528589367867,0.001972997561097145,-0.007648854982107878,-0.016020478680729866,-0.015444771386682987,-0.006840778514742851,0.019764214754104614,0.033156149089336395,0.042749419808387756,0.035233546048402786,0.012767404317855835,0.019193010404706,0.020839542150497437,0.03264659270644188,0.03427821025252342,0.0498894527554512,0.026777764782309532,0.009483971633017063,0.001014548004604876,-0.00044518624781630933,-0.00022610911400988698,0.008375287987291813,0.010053091682493687,0.0043287198059260845,-0.008269441314041615,-0.0201296154409647,-0.032675083726644516,-0.03816687688231468,-0.03847473859786987,-0.06739459931850433,-0.04322976991534233,-0.03503593057394028,-0.016661683097481728,-0.0017559474799782038,0.01349144522100687,0.041751760989427567,0.03707297518849373,0.043112967163324356,0.04546481370925903,0.06857073307037354,0.0295928455889225,0.047563496977090836,0.029645217582583427,0.030146239325404167,0.03987451270222664,0.009588289074599743,0.017620816826820374,0.017638420686125755,-0.012348736636340618,-0.007806804496794939,-0.00922731589525938,-0.008490645326673985,-0.01862124353647232,-0.018087120726704597,-0.014653497375547886,-0.009062993340194225,-0.016456136479973793,-0.011672980152070522,-0.0495804101228714,-0.0018920560833066702,-0.005827282089740038,-0.012047648429870605,0.02084762044250965,0.0458858497440815,-0.01383232232183218,-0.03500956669449806,0.03861776366829872,-0.024455109611153603,-0.048892710357904434,-0.07445883750915527,0.029839180409908295,-0.030051691457629204,-0.001200386555865407,-0.037320949137210846,-0.05391231179237366,-0.02845015749335289,0.01856093481183052,-0.030212845653295517,-0.03141319006681442,-0.018173981457948685,-0.035299088805913925,-0.045931942760944366,-0.09618610888719559,-0.074586883187294,-0.06996452808380127,0.0012706374982371926,-0.029629044234752655,-0.06094677746295929,-0.056267742067575455,-0.012828215025365353,-0.022402502596378326,-0.05513307452201843,-0.045526664704084396,-0.09450992941856384,0.10127133131027222,-0.04458188638091087,0.13033126294612885,-0.06688213348388672,-1.4532321984006558e-05,-0.08284179866313934,-0.07339441031217575,0.04401479288935661,-0.2249552458524704,0.06886132806539536,-0.012202444486320019,0.03403845056891441,-0.14807268977165222,-0.059665873646736145,0.042061738669872284,0.11019691824913025,-0.016334598883986473,0.09385030716657639,0.06507778912782669,-0.06720031052827835,-0.07373730093240738,0.13007645308971405,0.031432144343853,0.10592962801456451,0.211308553814888,0.07237206399440765,-0.1949276477098465,0.12307823449373245,-0.17333997786045074,0.11735672503709793,-0.0032555547077208757,0.04544137790799141,3.7619297899027515e-08,-0.04141804948449135,-0.00022407308279071003,-2.9271998300828272e-06,3.0810852535978484e-08,-1.577385228301864e-05,-0.0003876512637361884,0.2641246020793915,0.11055024713277817,0.03663526102900505,0.0009810077026486397,-0.016398996114730835,0.03620652109384537,0.030565347522497177,0.04113825038075447,0.04296327754855156
714,0.00030368819716386497,0.004267956130206585,0.014575237408280373,0.018369434401392937,0.026587124913930893,0.023787613958120346,0.017775069922208786,0.011970111168920994,0.010775850154459476,0.010030608624219894,0.005240865051746368,0.0022731877397745848,0.0003071190440095961,-0.0017934649949893355,-0.0037123560905456543,-0.004677928984165192,-0.005341197829693556,-0.004779228009283543,-0.007607384119182825,-0.0057104541920125484,-0.0022068952675908804,0.02037164382636547,0.05419726297259331,0.1296580284833908,0.22716525197029114,0.1372447907924652,0.19551952183246613,0.09798411279916763,0.06824640184640884,0.030580123886466026,0.00886043906211853,-0.008551455102860928,-0.01191288698464632,-0.012634603306651115,-0.014463230967521667,-0.01967589370906353,-0.025248583406209946,-0.025868508964776993,-0.028848353773355484,-0.025958320125937462,-0.02884458191692829,-0.029001208022236824,-0.029765117913484573,-0.02162625640630722,0.009194849990308285,0.060843031853437424,0.14688630402088165,0.1759786456823349,0.22735008597373962,0.1443059891462326,0.1580176055431366,0.10245396941900253,0.08430007100105286,0.07531196624040604,0.07518865913152695,0.027106180787086487,0.015597471967339516,0.005499855149537325,0.001726815477013588,-0.004458490293473005,-0.003920921590179205,-0.003926286473870277,0.003403290407732129,0.00455437321215868,0.017984507605433464,0.05486220121383667,-0.07478842884302139,-0.02859523892402649,0.3826753497123718,0.139368936419487,0.28761646151542664,0.10829482972621918,0.1106758788228035,0.505567729473114,0.16297133266925812,0.18737588822841644,-0.06301331520080566,0.07147517800331116,0.0037148797418922186,-0.011032022535800934,0.00669918954372406,-0.0030463398434221745,-0.008219968527555466,-0.03720631077885628,-0.03317756578326225,0.040513645857572556,0.0004470135609153658,-0.023593520745635033,-0.6929190754890442,0.7384521961212158,-0.4483206868171692,0.2256259322166443,-0.09400983899831772,1.1135497093200684,0.3448562026023865,-0.15653643012046814,0.16403134167194366,-0.15314839780330658,0.048488397151231766,0.0004864131333306432,0.13839562237262726,-0.01782955415546894,-0.060956355184316635,0.04111555963754654,-0.007849287241697311,-0.05493001639842987,0.08583969622850418,0.006125679239630699,0.266473650932312,-0.0915393978357315,0.48157766461372375,-1.1273773908615112,0.9126749634742737,0.26989561319351196,-0.6392470598220825,0.022109849378466606,1.360737919807434,-1.0192410945892334,0.6394436359405518,-0.12228932231664658,0.040211744606494904,-0.49757611751556396,-0.03438984602689743,-0.06399527937173843,-0.01207240391522646,-0.029884589836001396,-0.0386643223464489,0.5939746499061584,-0.4948531985282898,0.3612717390060425,0.4339582622051239,0.3372916579246521,-2.9385933876037598,-1.2755745649337769,-5.262103080749512,-2.632111072540283,6.119058609008789,-0.8557300567626953,-0.8643144369125366,-0.0341976098716259,-0.5821057558059692,8.199683065868157e-08,-0.004259483423084021,-7.437783642672002e-05,-7.673468189750565e-07,2.2165137636420695e-07,-6.88917043589754e-06,-0.00013510548160411417,0.765267014503479,0.16567254066467285,0.022094450891017914,-0.002613321179524064,-0.005452138837426901,0.009673506021499634,0.024715976789593697,0.026043301448225975,0.016399012878537178
715,-0.0009357983362860978,-0.005377291701734066,-0.009993523359298706,-0.010536671616137028,-0.012801730073988438,-0.01018367800861597,-0.0038710045628249645,0.0033142445608973503,0.013663122430443764,0.025589121505618095,0.02437383309006691,0.018152957782149315,0.012349427677690983,0.004347926937043667,-0.0039846934378147125,-0.006547365337610245,0.003482940373942256,0.023941226303577423,0.06729106605052948,0.10144862532615662,0.13827525079250336,0.1649022251367569,0.07584750652313232,0.027041621506214142,-0.009067765437066555,-0.013099412433803082,-0.01182069443166256,0.007025411352515221,0.03604550287127495,0.06484749168157578,0.13208943605422974,0.09077510982751846,0.027889760211110115,-0.014593450352549553,-0.04482024163007736,-0.07372452318668365,-0.07910856604576111,-0.012850742787122726,0.08002178370952606,0.11792152374982834,0.1479516625404358,0.13239261507987976,0.05667290464043617,-0.020537618547677994,-0.12178940325975418,-0.0995093360543251,-0.07153226435184479,-0.014353588223457336,0.05804605409502983,0.08292829990386963,0.18234828114509583,0.08449608087539673,0.03873428702354431,-0.0017483992269262671,-0.03549198806285858,-0.024564547464251518,-0.02414862811565399,0.006856202147901058,0.04240791127085686,0.09666023403406143,0.031757649034261703,0.034016527235507965,0.029694929718971252,-0.004978777840733528,-0.020438693463802338,-0.04145882651209831,0.03603759780526161,-0.013898286037147045,-0.0037589806597679853,-0.013562538661062717,0.02052762545645237,0.035500045865774155,0.002830077428370714,-0.10181888937950134,-0.03301851823925972,-0.04896698147058487,0.012679829262197018,0.045776478946208954,0.13324494659900665,-0.12038474529981613,-0.07962144166231155,0.21900826692581177,-0.02409503050148487,-0.050781846046447754,-0.02200464904308319,-0.057432759553194046,0.010408075526356697,0.013996345922350883,-0.10610593110322952,0.13998307287693024,0.042731624096632004,-0.06927035003900528,-0.09480545669794083,-0.03865021467208862,-0.06284497678279877,0.056373678147792816,-0.031662967056035995,-0.10791885107755661,0.014671793207526207,-0.10746055841445923,0.7469831705093384,-0.47737690806388855,-0.02478041499853134,-0.0700565055012703,0.022454002872109413,0.23510877788066864,-0.18099544942378998,-0.07978059351444244,-0.048713959753513336,-0.254707396030426,0.6766549944877625,-0.2104116827249527,0.06694158166646957,0.00969079788774252,0.01825719140470028,0.06767431646585464,-0.1383981555700302,-0.16096287965774536,0.5155224800109863,-0.12417055666446686,-0.22774863243103027,-0.4706353545188904,-0.03931285813450813,0.12262944877147675,-0.002234039595350623,-0.03810391575098038,0.10092209279537201,0.02477298676967621,-0.6981844305992126,-0.022427568212151527,0.19745564460754395,-0.33243268728256226,-0.06205340474843979,0.06213876232504845,0.13216005265712738,0.30298957228660583,-0.4346107840538025,0.18301741778850555,0.10839831829071045,-0.09906446933746338,0.06454069167375565,4.797897190655931e-07,-0.03623261675238609,0.0006526624201796949,-4.505892320594285e-06,-2.7031853733205935e-06,0.00015524540503975004,0.0011342093348503113,-0.6249363422393799,0.13581925630569458,0.017071284353733063,-0.0019028490642085671,-0.003595985472202301,-0.011792903766036034,-0.013096124865114689,0.040278855711221695,0.03767682611942291
716,-0.0008997291442938149,-0.004894850309938192,-0.007776058744639158,-0.005472563207149506,0.0003558773605618626,0.010957309044897556,0.017775647342205048,0.02350175753235817,0.026009507477283478,0.03140772134065628,0.020288988947868347,0.014636479318141937,0.011283894069492817,0.007344294339418411,0.004830529447644949,0.0072461143136024475,0.010756969451904297,0.009104290045797825,0.0034983546938747168,-0.005839924793690443,-0.011922482401132584,-0.007955844514071941,0.007116587832570076,0.02156921848654747,0.029198836535215378,0.01528826355934143,0.01880900375545025,0.01148812472820282,0.013959046453237534,0.01619611494243145,0.03324797749519348,0.027586469426751137,0.018186207860708237,0.011155505664646626,0.008099381811916828,0.0041631427593529224,0.004556338768452406,0.0007704636082053185,-0.005010918248444796,-0.01142977550625801,-0.018501179292798042,-0.028205212205648422,-0.037452373653650284,-0.04570384323596954,-0.09167960286140442,-0.05676993727684021,-0.041680704802274704,-0.020318621769547462,-0.012303214520215988,-0.0028002599719911814,0.009019806981086731,0.021672826260328293,0.041227132081985474,0.05639764294028282,0.1009613573551178,0.05033057928085327,0.08296559005975723,0.05009528249502182,0.04793299362063408,0.05693305656313896,0.015350406058132648,0.029605695977807045,0.03491092473268509,-0.01555683184415102,-0.006036126520484686,-0.005959168542176485,-0.009100598283112049,-0.015969092026352882,-0.032717976719141006,-0.013671030290424824,-0.0096576027572155,-0.013929835520684719,-0.005598039366304874,-0.020307667553424835,0.0042421091347932816,-0.00441776355728507,-0.008190744556486607,0.015523568727076054,0.04529298469424248,-0.01651044562458992,-0.039252761751413345,0.04489069804549217,-0.025287795811891556,-0.04969817027449608,-0.06885430961847305,0.029341960325837135,-0.03464760631322861,0.00867194589227438,-0.057904202491045,-0.044530272483825684,-0.027644187211990356,0.019056981429457664,-0.0178290493786335,-0.03325239568948746,-0.019436931237578392,-0.03096802532672882,-0.04499028995633125,-0.06595742702484131,-0.06627002358436584,-0.06062879413366318,-0.0033112994860857725,-0.042007770389318466,-0.07561904191970825,-0.04497106745839119,-0.018237516283988953,-0.058820635080337524,-0.023954616859555244,-0.06008925288915634,-0.08977138996124268,0.060992710292339325,0.010995284654200077,0.10703319311141968,-0.056789398193359375,-0.005546682979911566,-0.08965898305177689,-0.08323803544044495,0.04737493395805359,-0.24345532059669495,0.09224187582731247,-0.01778925396502018,0.037202466279268265,-0.16699078679084778,-0.048135906457901,0.0410296767950058,0.12297111749649048,-0.010212209075689316,0.08726346492767334,0.07750694453716278,-0.0699654221534729,-0.07502119243144989,0.12448480725288391,0.03385375067591667,0.10656169801950455,0.2399594932794571,0.06691483408212662,-0.2463449090719223,0.16885533928871155,-0.1857883334159851,0.12758620083332062,0.008392758667469025,0.04230688139796257,1.2538693283659086e-07,-0.048673417419195175,-0.00024909505737014115,-3.2792065667308634e-06,4.6914530571484647e-07,-9.788995157578029e-06,-0.00037710368633270264,0.19689641892910004,0.11743392795324326,0.03487398847937584,0.0008416270138695836,-0.014707427471876144,0.03477329760789871,0.02628065086901188,0.042905304580926895,0.04225776717066765
717,0.0028880329336971045,0.006309768185019493,0.005470867734402418,0.004179282113909721,0.007645151577889919,0.012962252832949162,0.013595587573945522,0.015085926279425621,0.017502397298812866,0.023732537403702736,0.02517530508339405,0.021063590422272682,0.02453993633389473,0.028061533346772194,0.026385163888335228,0.02395237423479557,0.016746649518609047,0.005392194725573063,0.0020504274871200323,0.0019756569527089596,0.0012627625837922096,-0.002390283392742276,-0.00795504916459322,-0.012093538418412209,-0.008014998398721218,0.003201146610081196,0.017944617196917534,0.01683625392615795,0.02176850661635399,0.021203534677624702,0.03554168716073036,0.034635044634342194,0.03245868533849716,0.03068809024989605,0.03128357231616974,0.03135423734784126,0.02407955750823021,0.008015782572329044,-0.0007077415939420462,-0.003652190323919058,-0.005802971310913563,-0.011816521175205708,-0.022008806467056274,-0.028574781492352486,-0.035746484994888306,0.008635219186544418,0.06309707462787628,0.07777082175016403,0.09464912116527557,0.09855996817350388,0.19773289561271667,0.1556033343076706,0.11741811782121658,0.11124386638402939,0.14307209849357605,0.05743715167045593,0.09130648523569107,0.023464899510145187,0.028932694345712662,0.04600212350487709,-0.013858306221663952,0.022269323468208313,0.05197622627019882,-0.026424678042531013,0.008433716371655464,0.032624728977680206,-0.018326155841350555,-0.010770315304398537,-0.019373223185539246,-0.028325702995061874,-0.01261909306049347,-0.012404062785208225,0.011470192112028599,0.08814307302236557,0.006244391668587923,-0.053931791335344315,-0.16694070398807526,0.0077918837778270245,0.06826919317245483,-0.17208591103553772,-0.12858648598194122,-0.0004118590150028467,-0.08859434723854065,-0.20457613468170166,-0.14098334312438965,0.08765307068824768,-0.09877001494169235,0.037933073937892914,-0.2632036805152893,0.01886773854494095,-0.09649024903774261,-0.06559576839208603,-0.23852035403251648,-0.023820091038942337,0.10586768388748169,-0.24719633162021637,0.13943283259868622,-0.5075188875198364,-0.23759709298610687,-0.027065610513091087,-0.041431453078985214,0.08341830223798752,0.026630818843841553,-0.08176349103450775,0.005429996643215418,0.3449949622154236,-0.19189462065696716,0.11429161578416824,-0.04622570052742958,0.40060508251190186,-0.3918006420135498,0.18237480521202087,-0.2956306040287018,0.055581651628017426,0.31788116693496704,0.08726077526807785,-0.12169969081878662,0.5112791061401367,-0.41021615266799927,0.10192829370498657,0.0074047911912202835,0.15238821506500244,0.07549189776182175,-0.22638902068138123,-0.031321931630373,-0.012632954865694046,0.1225752979516983,-0.39341703057289124,0.4859955608844757,-0.10249688476324081,-0.05380873382091522,-0.11121749877929688,0.16204872727394104,-0.44190093874931335,0.23777274787425995,0.429891437292099,-0.31142458319664,0.24084381759166718,0.02169305644929409,0.14899763464927673,0.028777940198779106,-6.710570801260474e-07,-0.05047527328133583,-0.00040285277646034956,-2.8058639145456254e-06,-7.318440111703239e-07,-2.7638676328933798e-05,-0.0005978167755529284,0.007267080247402191,-0.03435182943940163,-0.12873423099517822,-0.008694942109286785,-0.030523555353283882,-0.16877040266990662,-0.14051233232021332,-0.10409023612737656,-0.156669020652771
718,-0.0008885142160579562,-0.004766018595546484,-0.007417530287057161,-0.004902356769889593,0.0013034814037382603,0.01154608279466629,0.017413035035133362,0.02201238088309765,0.02446349710226059,0.02947181835770607,0.020684171468019485,0.01779884099960327,0.01994192786514759,0.02688267081975937,0.03365079313516617,0.03895916789770126,0.03354455530643463,0.020833127200603485,0.010402888059616089,-0.0027910955250263214,-0.010607310570776463,-0.01014635432511568,-6.783470598747954e-05,0.0037682587280869484,-0.001534733921289444,-0.005465981550514698,-0.009318065829575062,-0.003335792338475585,0.0042420136742293835,0.010700945742428303,0.02638140693306923,0.021748894825577736,0.01342843472957611,0.007096950896084309,0.004803323186933994,0.0032421154901385307,0.008126921020448208,0.0066427020356059074,-0.00024484991445206106,-0.010212784633040428,-0.019370106980204582,-0.02977054938673973,-0.037366170436143875,-0.043248750269412994,-0.08421479165554047,-0.05271083116531372,-0.03988194093108177,-0.019937746226787567,-0.010586075484752655,0.0010822061449289322,0.018060071393847466,0.027133503928780556,0.04364948347210884,0.05471242591738701,0.09361449629068375,0.04589194431900978,0.07730257511138916,0.05007227510213852,0.052484430372714996,0.07191865891218185,0.022285792976617813,0.046497642993927,0.062192074954509735,-0.020130030810832977,-0.002131019253283739,0.005074536893516779,-0.02778923138976097,-0.02018066868185997,-0.011647466570138931,-0.01578446291387081,-0.010386886075139046,-0.012431532144546509,-0.0078052799217402935,-0.04002442583441734,-0.0014733077259734273,-0.006350081879645586,-0.0008386082481592894,0.013439483009278774,0.04413134232163429,-0.01821102574467659,-0.04143817722797394,0.041059743613004684,-0.025707047432661057,-0.051680319011211395,-0.075801782310009,0.041984934359788895,-0.04311127960681915,0.014798004180192947,-0.06537043303251266,-0.04283936694264412,-0.0315939337015152,0.0195346400141716,-0.034354884177446365,-0.026984889060258865,-0.015516398474574089,-0.03579948469996452,-0.04608682170510292,-0.06814827024936676,-0.06434021145105362,-0.05494961142539978,-0.011873398907482624,-0.03268910199403763,-0.06364276260137558,-0.04954761639237404,-0.01698777824640274,-0.058796074241399765,-0.00858918484300375,-0.07159122824668884,-0.0791841596364975,0.021884558722376823,0.06504650413990021,0.08904734998941422,-0.05216803029179573,-0.013303466141223907,-0.12297641485929489,-0.1236589252948761,0.10686757415533066,-0.32276737689971924,0.14173197746276855,-0.03224095329642296,0.04217557981610298,-0.18531547486782074,-0.05445042997598648,0.04665842652320862,0.1184406727552414,-0.012932281009852886,0.0678037777543068,0.07281788438558578,-0.05840813368558884,-0.08082163333892822,0.13483408093452454,0.030498560518026352,0.09839366376399994,0.23458847403526306,0.08194579929113388,-0.24203424155712128,0.1572563648223877,-0.19230347871780396,0.12330898642539978,0.01950584538280964,0.0513455793261528,3.795733860556538e-08,-0.049105454236269,-0.00024033384397625923,-3.1446184038941283e-06,2.0954252022420405e-07,-1.677336149441544e-05,-0.00033252680441364646,0.12678487598896027,0.1245960146188736,0.03331008553504944,0.0007007623207755387,-0.01511458307504654,0.036089807748794556,0.02032274566590786,0.04179362952709198,0.04344179853796959
719,-0.0009060070151463151,-0.00493644131347537,-0.00781739316880703,-0.005769223906099796,-0.0011610155925154686,0.00651590758934617,0.009615018032491207,0.010205133818089962,0.009281872771680355,0.011321478523314,0.009191843681037426,0.008614820428192616,0.008033460937440395,0.005916039925068617,0.004535909276455641,0.007203837390989065,0.010831538587808609,0.009396309964358807,0.0037315625231713057,-0.005575745366513729,-0.011601796373724937,-0.007526110392063856,0.00730053149163723,0.021525725722312927,0.02919088304042816,0.015522630885243416,0.020155727863311768,0.01390698179602623,0.020038770511746407,0.028610246255993843,0.06865447014570236,0.06733770668506622,0.050391003489494324,0.03411903977394104,0.02291705459356308,0.013443072326481342,0.009963816963136196,0.00327398837544024,-0.0035113091580569744,-0.011280630715191364,-0.018803128972649574,-0.02873772755265236,-0.03770829364657402,-0.0453481487929821,-0.09035180509090424,-0.05614250898361206,-0.041513487696647644,-0.02035248465836048,-0.011837676167488098,-0.002516791457310319,0.008014650084078312,0.017167937010526657,0.02938920632004738,0.03702104836702347,0.06117469072341919,0.028209427371621132,0.04527563974261284,0.0257465410977602,0.021297071129083633,0.027124837040901184,0.007853998802602291,0.020261848345398903,0.026246018707752228,-0.012977378442883492,-0.00782196968793869,-0.011244691908359528,0.0008891817415133119,-0.013422887772321701,-0.04020659253001213,-0.011721335351467133,-0.009970305487513542,-0.023526998236775398,-0.015241265296936035,-0.05781114846467972,-0.0030183473136276007,-0.007875395007431507,-0.0005844539264217019,0.010201039724051952,0.038709934800863266,-0.012910245917737484,-0.035317614674568176,0.03905661776661873,-0.026780730113387108,-0.04040492698550224,-0.058686405420303345,0.011912715621292591,-0.02156573161482811,-4.350315793999471e-05,-0.04294290021061897,-0.05172273516654968,-0.02242564782500267,0.021951913833618164,-0.008578338660299778,-0.03696143254637718,-0.01937798783183098,-0.030629416927695274,-0.047785621136426926,-0.0625196024775505,-0.06551361829042435,-0.05419658496975899,-0.024009590968489647,-0.022378183901309967,-0.057261984795331955,-0.05477248132228851,-0.009936356917023659,-0.002925590146332979,-0.0738762840628624,-0.043326932936906815,-0.0960545614361763,0.09831908345222473,-0.0477500781416893,0.1342220902442932,-0.06965986639261246,0.0008394717006012797,-0.06503625214099884,-0.057608041912317276,0.0033984058536589146,-0.16674047708511353,0.034101735800504684,-0.007810987066477537,0.03453298285603523,-0.119228295981884,-0.046929724514484406,0.021952150389552116,0.11204835772514343,-0.017514491453766823,0.09071998298168182,0.057020097970962524,-0.030781930312514305,-0.07773234695196152,0.10817927122116089,0.029543528333306313,0.10690084099769592,0.19889499247074127,0.08158577233552933,-0.17674662172794342,0.0770157054066658,-0.13439492881298065,0.1278015822172165,-0.0017403869424015284,0.04601298272609711,1.3015279876071872e-07,-0.0490841418504715,-0.0002476848312653601,-3.2637415188219165e-06,4.620812319444667e-07,-8.79267645359505e-06,-0.0003736986545845866,0.31669554114341736,0.09797020256519318,0.03537086397409439,0.000953623850364238,-0.014896197244524956,0.035272736102342606,0.02715524472296238,0.042883411049842834,0.04287821054458618
720,0.0008321424247696996,0.003182116197422147,0.004528677556663752,0.002364895073696971,-0.0005434001213870943,-0.003505298402160406,-0.003735506208613515,-0.0038300873711705208,-0.004075645934790373,-0.004062369465827942,-0.001559565425850451,0.0030149377416819334,0.012624994851648808,0.04252071678638458,0.06616142392158508,0.09742417931556702,0.09133649617433548,0.047387268394231796,0.026897037401795387,0.0021460040006786585,-0.00948107149451971,-0.010978464037179947,0.0009093935368582606,0.012577291578054428,0.0206756629049778,0.012793164700269699,0.01105406042188406,0.0017032019095495343,-0.005234122276306152,-0.008180833421647549,0.002572569064795971,0.05230778455734253,0.1138678714632988,0.19684576988220215,0.26497671008110046,0.3209932744503021,0.3311596214771271,0.1463102251291275,0.028334172442555428,-0.02393185719847679,-0.03702130168676376,-0.028058810159564018,0.010010523721575737,0.05903775990009308,0.16133607923984528,0.11944882571697235,0.07940644025802612,0.0317290797829628,0.003893244778737426,-0.009175003506243229,-0.020029282197356224,-0.008448760956525803,0.008472565561532974,0.044472407549619675,0.15453454852104187,0.1815166473388672,0.3239058256149292,0.21069218218326569,0.14440883696079254,0.10984477400779724,0.017471740022301674,-0.008705565705895424,-0.03410474583506584,-0.006442544981837273,0.00385203305631876,0.04247308149933815,-0.014666826464235783,0.06120532006025314,0.1184186041355133,0.010606051422655582,0.038165606558322906,0.060634177178144455,0.04300426319241524,0.07517807930707932,0.01194920763373375,0.09878966957330704,0.009399265050888062,0.23323994874954224,0.10862851142883301,-0.00208967924118042,-0.009330046363174915,-0.012889083474874496,-0.00915005337446928,0.0017875570338219404,-0.01314435712993145,0.0888415202498436,-0.06414894759654999,0.19969984889030457,-0.22704939544200897,0.5193072557449341,0.3095603287220001,-0.19312956929206848,-0.31349894404411316,0.02085248939692974,-0.006693171337246895,0.0038980753161013126,0.050992853939533234,-0.2186737209558487,0.3577573001384735,0.0514390654861927,0.7459450364112854,-0.29945629835128784,0.10456990450620651,-0.004176256712526083,0.00226607802323997,-0.04108942672610283,0.20738519728183746,-0.22169294953346252,0.19631420075893402,-1.1290650367736816,1.4948049783706665,-0.7222153544425964,0.09108515083789825,0.006164537277072668,-0.08302196860313416,-0.010608016513288021,0.10823595523834229,-0.4395236372947693,1.0244195461273193,-0.02030661702156067,-0.5182397365570068,-0.39932510256767273,-0.17733481526374817,0.4074268937110901,-0.015760989859700203,0.08090811222791672,-0.10031037777662277,0.5354379415512085,-1.0611151456832886,0.18080148100852966,0.39050939679145813,-1.1330571174621582,-1.0990989208221436,1.4173612594604492,0.1070200726389885,0.18819013237953186,-0.5709806680679321,0.5303865075111389,0.14993718266487122,-0.18451182544231415,-0.013949379324913025,1.0580939857618432e-07,-0.017748156562447548,-0.0001469516719225794,-2.0446434518817114e-06,4.844773684453685e-07,-1.8571230611996725e-05,-0.00039806251879781485,-5.120717525482178,0.24261410534381866,0.03466164320707321,-0.004893016070127487,-0.016004744917154312,0.02224983274936676,0.02620023302733898,0.050948306918144226,0.030171146616339684
721,-0.0013328635832294822,-0.005894534755498171,-0.011781320907175541,-0.016627179458737373,-0.018452106043696404,-0.015427803620696068,-0.010850640013813972,-0.00962086021900177,-0.008476784452795982,-0.008969631977379322,-0.006500222720205784,-0.003870041575282812,-0.001112289377488196,0.004461408127099276,0.012339173816144466,0.014555743895471096,0.0073946816846728325,-0.003708820091560483,-0.015929218381643295,-0.02509220689535141,-0.034845173358917236,-0.04803241416811943,-0.034410662949085236,-0.035959020256996155,-0.03917476534843445,-0.021883096545934677,-0.02895301580429077,-0.017851339653134346,-0.015178939327597618,-0.010848739184439182,-0.01162996981292963,-0.016464252024888992,-0.02641482651233673,-0.04056181386113167,-0.05780041962862015,-0.09786971658468246,-0.14155611395835876,-0.14705942571163177,-0.14156678318977356,-0.10048707574605942,-0.1008852943778038,-0.11173282563686371,-0.11515787243843079,-0.10458388924598694,-0.1963646411895752,-0.1311103105545044,-0.11574935168027878,-0.08394716680049896,-0.07310822606086731,-0.046951889991760254,-0.05849096551537514,-0.03290960192680359,-0.027984432876110077,-0.02735227718949318,-0.045515332370996475,-0.029037881642580032,-0.053841665387153625,-0.047563549131155014,-0.05721589922904968,-0.0845676064491272,-0.03177043795585632,-0.05126982927322388,-0.07750323414802551,-0.0018270449945703149,-0.04043760150671005,-0.06938914209604263,0.03161051496863365,-0.010875930078327656,-0.09655587375164032,0.0055782850831747055,-0.007558044977486134,-0.02899320237338543,-0.04685173183679581,-0.17706339061260223,-0.024300651624798775,-0.01686263456940651,0.06188267841935158,-0.02836110070347786,-0.006081311963498592,0.006486003752797842,-0.018632767722010612,0.02842753939330578,-0.018331175670027733,0.007813410833477974,0.008671501651406288,-0.07510687410831451,0.030618229880928993,-0.048254482448101044,0.11820469796657562,-0.14564330875873566,0.027585778385400772,0.04913703352212906,0.15760770440101624,-0.08813291043043137,-0.08644183725118637,0.09020335972309113,-0.07650461792945862,0.31441062688827515,-0.005841205827891827,0.01335314940661192,-0.27254152297973633,0.1304975152015686,0.04624669626355171,-0.10976313054561615,-0.027843507006764412,0.36085426807403564,-0.1962321698665619,0.13423262536525726,-0.12813590466976166,0.3239660859107971,-0.33041006326675415,0.21231254935264587,-0.2934683561325073,-0.028728235512971878,0.04732818901538849,0.11594433337450027,-0.22802957892417908,0.47530901432037354,-0.43752869963645935,0.08565989136695862,0.0033268847037106752,0.2601841986179352,-0.04024279862642288,-0.15515440702438354,-0.059513017535209656,0.028765276074409485,0.19572190940380096,-0.3191383481025696,0.5154411196708679,-0.05624263361096382,-0.09137776494026184,0.012811092659831047,0.26843973994255066,-0.3636925518512726,0.13887245953083038,0.4807136654853821,-0.4278055429458618,0.2085772305727005,0.13799795508384705,-0.007018351927399635,0.06959369778633118,-4.5002175852459914e-07,-0.005393624771386385,0.0005348888807930052,1.4005046296006185e-06,1.5949974567774916e-06,5.284130384097807e-05,0.001198186189867556,2.736847400665283,-0.4200831353664398,0.0004412575508467853,0.016161764040589333,0.011089228093624115,0.03301789239048958,0.05024002492427826,-0.049959003925323486,0.04670725390315056
722,0.007863836362957954,0.02963193506002426,0.03303386643528938,0.01862858049571514,0.011569363996386528,0.0015485483454540372,-0.0024297095369547606,-0.0036031086929142475,-0.0035280059091746807,-0.004831878002732992,-0.003328631864860654,-0.003160304855555296,-0.0044013019651174545,-0.006640993990004063,-0.007585823070257902,-0.00817875936627388,-0.005813220515847206,-0.0003089598030783236,0.007565413601696491,0.015219071879982948,0.019279446452856064,0.02353769540786743,0.006021097302436829,-0.005466194823384285,-0.015561025589704514,-0.012224894016981125,-0.01782829500734806,-0.01212820690125227,-0.01145150512456894,-0.009671762585639954,-0.010756502859294415,-0.00815831869840622,-0.011103400029242039,-0.01774025708436966,-0.029857652261853218,-0.03986396640539169,-0.04133346304297447,0.009602878242731094,0.11167386919260025,0.24542354047298431,0.4761303961277008,0.8938712477684021,0.9988810420036316,0.819586992263794,0.9745423793792725,0.35253986716270447,0.14033643901348114,0.08265980333089828,0.09566514194011688,0.07990523427724838,0.11484814435243607,0.048697490245103836,0.01345020905137062,-0.004979434888809919,-0.011390251107513905,-0.0041403016075491905,0.0010619087843224406,0.007721273228526115,0.01748799905180931,0.04906792566180229,0.03109811060130596,0.08572158217430115,0.10100342333316803,0.043146055191755295,0.06916482746601105,0.11005021631717682,0.005546901375055313,0.022884050384163857,0.025416512042284012,-0.008291486650705338,-0.03608037531375885,-0.034789156168699265,-0.022371748462319374,-0.05573238059878349,-0.01771233044564724,-0.03149840980768204,0.014300957322120667,-0.12365831434726715,-0.13162608444690704,0.05009221285581589,-0.06506501138210297,-0.16612768173217773,-0.21573202311992645,0.26625752449035645,-0.454695463180542,0.9803527593612671,-0.2055925875902176,0.1223616749048233,-0.06279020011425018,0.2676038444042206,0.11374414712190628,0.056295957416296005,-0.12668418884277344,0.017972471192479134,0.001734534278512001,0.004976784810423851,0.01984424516558647,-0.08154212683439255,0.09856229275465012,0.08798201382160187,0.7516867518424988,-0.2932398319244385,0.01372687891125679,0.477901816368103,-0.2794000208377838,-0.8356837630271912,0.7117827534675598,-0.13099011778831482,-0.0552159808576107,0.009629199281334877,0.004703453276306391,0.029848136007785797,-0.069730244576931,-0.008291120640933514,-0.029218491166830063,0.004589322488754988,0.0900440588593483,-0.12948235869407654,0.0032974183559417725,-0.028350086882710457,-0.0064971959218382835,-0.584673285484314,-0.7166329622268677,1.8181164264678955,1.4649802446365356,-0.4162614643573761,-4.23380184173584,1.1727665662765503,-1.6764799356460571,0.19934967160224915,0.2785950303077698,0.08680996298789978,-0.5991979241371155,0.943783700466156,-0.49459394812583923,-0.5146196484565735,0.41664987802505493,-0.41102978587150574,0.11210060864686966,0.2448258399963379,-0.35862502455711365,1.3402465981471323e-07,-0.005736456252634525,-0.00015985031495802104,-1.4180984635459026e-06,4.855145903093216e-07,-1.7718404706101865e-05,-0.0003472458338364959,-3.646419048309326,0.24758128821849823,0.0344557911157608,-0.005760292988270521,-0.016878502443432808,0.021320747211575508,0.028392760083079338,0.05293453857302666,0.015896206721663475
723,-0.0008491863845847547,-0.005112475249916315,-0.009645337238907814,-0.009218758903443813,-0.012160022743046284,-0.009750816971063614,-0.007387600839138031,-0.006611570715904236,-0.005884266924113035,-0.006745501887053251,-0.0051656849682331085,-0.004864231217652559,-0.005878141149878502,-0.009605665691196918,-0.009031485766172409,-0.0038693745154887438,0.01853271760046482,0.05882590264081955,0.1611795872449875,0.28584641218185425,0.4709375202655792,0.608058512210846,0.3807952404022217,0.23184624314308167,0.10830911993980408,0.026427075266838074,0.037495434284210205,0.04703580588102341,0.07620713114738464,0.08501735329627991,0.12170538306236267,0.04971073567867279,-0.005556317046284676,-0.03690893203020096,-0.056105099618434906,-0.09017670154571533,-0.1269548237323761,-0.11784693598747253,-0.11148626357316971,-0.08509670197963715,-0.09066018462181091,-0.09514454752206802,-0.0989309698343277,-0.09352364391088486,-0.1737213134765625,-0.10600429773330688,-0.0639767199754715,0.00594730768352747,0.10389795899391174,0.15927043557167053,0.3317638337612152,0.20068424940109253,0.1402875930070877,0.043223313987255096,0.004514356609433889,-0.00493839243426919,0.023950699716806412,0.05382330343127251,0.10985685139894485,0.14034974575042725,0.03486594185233116,0.056939296424388885,0.03272516652941704,-0.000987532315775752,-0.0035268040373921394,-0.025907911360263824,0.060350771993398666,-0.01976802945137024,-0.07408532500267029,0.03029736876487732,-0.08771216124296188,-0.09267910569906235,-0.05738420784473419,-0.25349509716033936,-0.03312914818525314,-0.06036248803138733,0.011457421816885471,0.052235763520002365,0.17011842131614685,-0.2491486519575119,-0.7076447010040283,0.49010270833969116,0.4702175259590149,-0.04008091241121292,0.22345572710037231,0.3077676296234131,-0.01083981990814209,0.3762999475002289,-0.6747031807899475,0.49964821338653564,-0.05573754012584686,-0.35213249921798706,-0.16871367394924164,0.06362158060073853,-0.029365189373493195,0.030221721157431602,-0.022532993927598,-0.004249598830938339,-0.023123713210225105,-0.0053848521783947945,-0.16246220469474792,0.150589719414711,-0.005644290708005428,-0.13136035203933716,0.09064602851867676,0.31107234954833984,-0.2554650902748108,0.05933040380477905,0.008649718947708607,-0.15571707487106323,0.8623769283294678,-1.46565580368042,0.30876070261001587,-0.043256040662527084,-0.17071181535720825,-0.004841158632189035,0.08310853689908981,-1.288266658782959,0.9066464900970459,-0.8995256423950195,-0.586729884147644,-1.9950940608978271,0.6695172190666199,0.3265427052974701,0.16932141780853271,-0.010789019986987114,0.02653815597295761,-0.018486633896827698,-0.01044148113578558,-0.05599824711680412,0.08307888358831406,0.01588711515069008,0.15619893372058868,-0.18883855640888214,0.13747002184391022,0.2152472734451294,-0.41143664717674255,0.12546361982822418,0.05982629954814911,-0.014329647645354271,0.07545033097267151,2.3535616122671854e-08,-0.002956865821033716,8.295066800201312e-05,1.0855103482754203e-06,9.69852251841985e-08,-6.9847847044002265e-06,0.0004746503836940974,-0.30304014682769775,0.20839333534240723,0.0018736126367002726,-0.0050997608341276646,0.019795792177319527,0.03142093867063522,-0.008702872321009636,-0.005201974418014288,-0.011123080737888813
724,-0.0007526083500124514,-0.002335423370823264,-0.0013222022680565715,0.00380336819216609,0.009492984041571617,0.00933932140469551,0.0040041604079306126,-0.0006927999784238636,-0.002773949643597007,-0.0015610448317602277,0.0032355226576328278,0.006782464683055878,0.011352590285241604,0.010790839791297913,0.0056793950498104095,-0.0036210627295076847,-0.009414495900273323,-0.007848451845347881,-0.00590722169727087,-0.0003244654508307576,0.0008909908938221633,-0.0037190960720181465,-0.011751066893339157,-0.02159845270216465,-0.02742520533502102,-0.013108077459037304,-0.010903825052082539,-0.0037776606623083353,-0.0022350442595779896,-0.007910609245300293,-0.030521243810653687,-0.04291710630059242,-0.043853241950273514,-0.04315859451889992,-0.04417680203914642,-0.06063477694988251,-0.08513305336236954,-0.09770381450653076,-0.10851366817951202,-0.08657915890216827,-0.08940121531486511,-0.0912114679813385,-0.08459919691085815,-0.06996794044971466,-0.1310078203678131,-0.09337607026100159,-0.09510716050863266,-0.07531782239675522,-0.07225912064313889,-0.05731666088104248,-0.08650817722082138,-0.059342365711927414,-0.04717393219470978,-0.038693130016326904,-0.045684196054935455,-0.01897844299674034,-0.027484029531478882,-0.020434189587831497,-0.024977685883641243,-0.03761685639619827,-0.013219271786510944,-0.029364759102463722,-0.0486115925014019,-0.001800712663680315,-0.021639572456479073,-0.039433300495147705,0.036015454679727554,-0.002810173900797963,-0.08859884738922119,0.028921082615852356,0.00768478587269783,-0.01630559004843235,-0.027459289878606796,-0.14164233207702637,-0.016196703538298607,-0.003846998792141676,0.07947826385498047,-0.022224605083465576,-0.00985078327357769,-0.025058673694729805,-0.052575334906578064,0.019120624288916588,-0.02821950614452362,0.007891194894909859,0.015169033780694008,-0.07385201752185822,0.02950342558324337,-0.03560032323002815,0.06942113488912582,-0.12022113800048828,0.025606045499444008,0.05494580417871475,0.14641761779785156,-0.07547702640295029,-0.06681594997644424,0.07928943634033203,-0.06065654754638672,0.25803908705711365,0.01574947126209736,0.046836595982313156,-0.2821582555770874,0.14638201892375946,0.06403842568397522,-0.09724795073270798,-0.02033165469765663,0.3158106803894043,-0.20333798229694366,0.1324266642332077,-0.13979588449001312,0.3255472481250763,-0.32680952548980713,0.20683445036411285,-0.19347424805164337,-0.006426198873668909,0.11834770441055298,0.13291803002357483,-0.19830292463302612,0.46646034717559814,-0.38847896456718445,0.10559644550085068,0.01862986385822296,0.25612780451774597,-0.029465610161423683,-0.1935196965932846,-0.10444562882184982,0.040207359939813614,0.1892067790031433,-0.30900391936302185,0.5056667327880859,-0.07062014937400818,-0.09795073419809341,-0.0011341067729517817,0.22575831413269043,-0.3623683750629425,0.1405167132616043,0.3974333703517914,-0.4228295087814331,0.1854017823934555,0.14227375388145447,-0.013604015111923218,0.07584069669246674,-9.351596190754208e-07,-0.035461314022541046,0.00024456207756884396,-1.175774968942278e-06,5.106836056256725e-07,3.176956670358777e-05,0.0008228710503317416,2.279965400695801,-0.33368948101997375,-0.05737421289086342,0.019161812961101532,-0.023033514618873596,0.03044026717543602,-0.04861075058579445,-0.08908689022064209,-0.01827407069504261
725,-0.001436788123100996,-0.006309359800070524,-0.011524766683578491,-0.015473227016627789,-0.01729072816669941,-0.01488353218883276,-0.009903489612042904,-0.006732592359185219,-0.002432431560009718,0.004524732939898968,0.011491253040730953,0.016058383509516716,0.02612004242837429,0.033527884632349014,0.03971387445926666,0.0388939306139946,0.030820446088910103,0.014646071940660477,0.0019140789518132806,-0.012570844031870365,-0.027714800089597702,-0.04359899088740349,-0.03378496319055557,-0.036369580775499344,-0.03924641013145447,-0.02278781868517399,-0.03151765838265419,-0.022495567798614502,-0.02624533511698246,-0.0310983769595623,-0.05873914062976837,-0.057440612465143204,-0.051731523126363754,-0.051440462470054626,-0.05520293861627579,-0.07207462191581726,-0.08898746967315674,-0.0808783546090126,-0.08089375495910645,-0.06354892253875732,-0.06188632920384407,-0.05604513734579086,-0.03850627318024635,-0.020038286224007607,-0.022482318803668022,-0.02176741510629654,-0.03754660487174988,-0.04312292858958244,-0.054310742765665054,-0.041791751980781555,-0.05994657799601555,-0.03261924162507057,-0.029040003195405006,-0.02756294049322605,-0.0466422364115715,-0.03128206729888916,-0.05435209721326828,-0.04590649530291557,-0.04774542897939682,-0.06385505199432373,-0.021380893886089325,-0.028216911479830742,-0.03439580649137497,-0.007249391637742519,-0.01778908632695675,-0.023359669372439384,0.010400236584246159,-0.012531483545899391,-0.06840284168720245,-0.0029199759010225534,-0.009643436409533024,-0.03361246734857559,-0.03286072984337807,-0.13083375990390778,-0.010677927173674107,-0.013196734711527824,0.04694679006934166,-0.03886258602142334,-0.012075060978531837,-0.0029418303165584803,-0.028482601046562195,0.011295088566839695,-0.03180082142353058,-0.002212624065577984,0.002886728150770068,-0.08590645343065262,0.026466459035873413,-0.044585663825273514,0.07719096541404724,-0.12371644377708435,0.004534216597676277,0.03827977925539017,0.08664386719465256,-0.0734356939792633,-0.04818706586956978,0.03205353021621704,-0.04324546828866005,0.09867256134748459,-0.04320264235138893,-0.005442273803055286,-0.19294482469558716,0.10635047405958176,0.025321336463093758,-0.09778238087892532,0.011602520011365414,0.32024049758911133,-0.23822106420993805,0.0983501672744751,-0.11609717458486557,0.3203183114528656,-0.2867017090320587,0.26167842745780945,-0.21456998586654663,-0.024042245000600815,0.09024375677108765,0.0849512368440628,-0.2116820514202118,0.2892248332500458,-0.2625303268432617,0.08192506432533264,0.0453559048473835,0.09606955200433731,-0.06066993996500969,-0.05384007468819618,0.02383200079202652,-0.028103653341531754,0.173354372382164,-0.20064973831176758,0.35806089639663696,-0.07794264703989029,-0.024253448471426964,-0.00600591953843832,0.23708200454711914,-0.28706756234169006,0.15454456210136414,0.31001144647598267,-0.3949250280857086,0.10316848754882812,0.17787089943885803,-0.034393277019262314,0.0771072655916214,-4.570599401176878e-07,-0.008065612986683846,-0.0002358417841605842,-1.1722095223376527e-06,-3.1672908562541124e-07,-2.439149102428928e-05,-0.0003711805329658091,1.0818326473236084,-0.061247315257787704,0.044695205986499786,0.003009901149198413,5.4573360102949664e-05,0.04010787978768349,0.04538870230317116,0.039681803435087204,0.0627472773194313
726,0.0038159708492457867,0.013215374201536179,0.02209014818072319,0.02243664301931858,0.01834688149392605,0.00829091016203165,0.001840266166254878,-0.0014857008354738355,-0.0038233520463109016,-0.004389352165162563,-0.003709773998707533,-0.003730457741767168,-0.004691452253609896,-0.006279069930315018,-0.0076286583207547665,-0.00942965317517519,-0.010928943753242493,-0.008816670626401901,-0.01323299203068018,-0.017701487988233566,-0.023682842031121254,-0.029960008338093758,-0.0199664905667305,-0.022777849808335304,-0.02331204153597355,-0.01258337963372469,-0.01769348606467247,-0.011136792600154877,-0.0163946021348238,-0.01883166842162609,-0.031930722296237946,-0.03072996996343136,-0.028739692643284798,-0.023936383426189423,-0.015229986980557442,0.000560724874958396,0.05038955435156822,0.10800650715827942,0.14252881705760956,0.10287123918533325,0.09437209367752075,0.07222014665603638,0.05335839092731476,0.05332601070404053,0.06183348596096039,0.03183945640921593,0.014867434278130531,0.0001907007535919547,-0.011883776634931564,-0.01818622089922428,-0.039331916719675064,-0.03370053321123123,-0.029761895537376404,-0.025425825268030167,-0.038198553025722504,-0.018552681431174278,-0.03440168499946594,-0.019043268635869026,-0.027401026338338852,-0.04037369415163994,-0.02263316512107849,-0.029968593269586563,-0.05294899269938469,-0.010238328017294407,-0.012478728778660297,-0.01662890613079071,-0.011321726255118847,0.03853795304894447,0.3378199338912964,-0.04633417725563049,0.14000259339809418,0.10202338546514511,0.046652499586343765,0.6156328320503235,-0.0469837449491024,0.0012892343802377582,-0.041295796632766724,-0.029098737984895706,-0.02798594906926155,0.0877360925078392,0.3730938136577606,-0.31001144647598267,0.21040649712085724,0.06449169665575027,0.019128527492284775,-0.03429501876235008,0.005001355893909931,-0.016364604234695435,0.0701293796300888,-0.02964027225971222,0.04043964296579361,0.036156266927719116,0.18612121045589447,0.03205316513776779,-0.0607476681470871,0.09577206522226334,-0.016742518171668053,0.15729446709156036,0.041693445295095444,-0.04258357733488083,-0.09815990924835205,0.028794271871447563,-0.03346572443842888,-0.050107888877391815,-0.06094970554113388,-0.0318741649389267,-0.033249787986278534,-0.0009457320556975901,0.483031690120697,-1.8381246328353882,0.6784076690673828,-0.9463440775871277,0.717029869556427,-0.09742234647274017,-0.14967510104179382,-0.6081807613372803,0.6179438233375549,-0.18080028891563416,-0.3488479256629944,-0.6007409691810608,0.3013458549976349,1.0311654806137085,0.15278632938861847,-1.0203441381454468,-0.5313722491264343,0.43183013796806335,0.06329396367073059,-0.29413270950317383,0.3047391474246979,-0.06193570792675018,-0.05584641918540001,0.09023575484752655,0.10299544781446457,-0.11480580270290375,0.05707167834043503,0.2169245034456253,-0.2707853317260742,0.12971603870391846,0.09254325926303864,-0.03309200331568718,-0.0034528051037341356,-2.3977165142241574e-07,0.01848476007580757,-0.00022400199668481946,4.2720074588942225e-07,-6.76559352541517e-07,-2.1240524802124128e-05,-0.00030823619454167783,-0.7347947359085083,0.19406242668628693,0.009859586134552956,-0.008168933913111687,-0.01843899115920067,0.010855022817850113,-0.0018503923201933503,0.055894188582897186,-0.008220489136874676
727,0.003261418314650655,0.017037102952599525,0.03260523080825806,0.026814008131623268,0.026267988607287407,0.014450421556830406,0.005082199349999428,0.0011308285174891353,-0.00013369270891416818,0.0003078184963669628,0.0012491758679971099,0.0019524912349879742,0.0021221546921879053,0.0018820884870365262,-0.00010903661313932389,-0.0027756458148360252,-0.004927969537675381,-0.0057258522137999535,-0.007928364910185337,-0.006654705852270126,-0.0050015561282634735,0.01279322151094675,0.039997201412916183,0.10666386038064957,0.1894061118364334,0.14110781252384186,0.21126788854599,0.1389153003692627,0.09651776403188705,0.06380678713321686,0.054355476051568985,0.014844361692667007,-0.0032492317259311676,-0.011962492018938065,-0.01955447718501091,-0.03160947561264038,-0.04399647191166878,-0.04026838764548302,-0.0375085324048996,-0.024604283273220062,-0.014244328252971172,0.020361872389912605,0.09304516762495041,0.18078523874282837,0.44077736139297485,0.32091638445854187,0.26143312454223633,0.1421905755996704,0.09451469779014587,0.02188241109251976,0.006299453321844339,0.005162301938980818,0.01541810017079115,0.027175767347216606,0.04786962643265724,0.025090891867876053,0.01578010618686676,0.00036831622128374875,-0.009213907644152641,-0.009302234277129173,0.0007130520534701645,0.013404489494860172,0.038884904235601425,0.03728315234184265,0.11236988008022308,0.23501120507717133,-0.10186231136322021,0.32430586218833923,0.560731053352356,0.2818063199520111,0.47126874327659607,0.19590958952903748,0.15766742825508118,0.2073477804660797,0.08855416625738144,0.12020000070333481,-0.021473100408911705,0.13826316595077515,0.041485823690891266,-0.0056146737188100815,-0.0006587309762835503,0.00014391903823707253,-0.0030107281636446714,-0.007016809191554785,-0.07442784309387207,0.22234567999839783,-0.040708523243665695,0.09853163361549377,-0.3244086802005768,0.3265056014060974,-0.13326410949230194,0.6451383233070374,-0.560863733291626,1.1656889915466309,0.6080370545387268,-0.41595160961151123,0.42453688383102417,-0.16676709055900574,0.09087429940700531,-0.0019456979352980852,0.0029538231901824474,0.006241505965590477,-0.0025918702594935894,0.05124477297067642,0.01888810656964779,-0.18793141841888428,0.47205716371536255,-0.04916762933135033,1.0090833902359009,-0.8710294961929321,1.6716800928115845,-1.3029680252075195,1.0333784818649292,0.1415896713733673,-0.198555126786232,-0.035157233476638794,0.4375840723514557,-0.059836726635694504,0.6015066504478455,-0.07657560706138611,0.09698998928070068,-0.030309690162539482,0.01788088120520115,-0.0830460712313652,0.02366253361105919,0.06470385193824768,-0.02814427763223648,1.1674948930740356,-1.4272300004959106,0.3337307572364807,1.3006584644317627,1.130010962486267,-3.8902587890625,3.1918067932128906,-2.9792397022247314,-3.304433584213257,4.447445392608643,-1.4343280792236328,-1.3390103578567505,0.21974532306194305,0.015614691190421581,6.985353451227638e-08,-0.005392133258283138,-7.670803461223841e-05,-1.0701301107474137e-06,1.3873750503989868e-07,-9.053595022123773e-06,-0.00019329912902321666,-7.62298059463501,0.17315399646759033,0.020894145593047142,-0.002898632315918803,-0.006891692988574505,0.010010143741965294,0.021563444286584854,0.024702493101358414,0.017077788710594177
728,-0.0007829333189874887,-0.004688808228820562,-0.009397933259606361,-0.007285961881279945,-0.005087347701191902,0.007411910220980644,0.022213488817214966,0.03464221954345703,0.04127638041973114,0.042343270033597946,0.020043618977069855,0.0074226148426532745,0.0015416351379826665,-0.0004932171432301402,0.00445697084069252,0.011466369032859802,0.012647049501538277,0.005374755244702101,-0.005179467145353556,-0.014559989795088768,-0.020418409258127213,-0.013218682259321213,0.008800503797829151,0.03111995756626129,0.039158593863248825,0.01629669778048992,0.0071896943263709545,-0.0037436208222061396,-0.0049966019578278065,0.006486604921519756,0.05901360884308815,0.09067932516336441,0.07804244011640549,0.05305700749158859,0.014111509546637535,-0.03629153221845627,-0.08143243193626404,-0.06918469071388245,-0.034007251262664795,0.0008050034521147609,0.011464376002550125,-0.0030207138042896986,-0.03544912487268448,-0.06521642208099365,-0.146402508020401,-0.08867824822664261,-0.05981263518333435,-0.021363187581300735,-0.007571842055767775,-0.006945427041500807,-0.02769581414759159,-0.021871186792850494,-0.0017916170181706548,0.04973926022648811,0.1667131632566452,0.13372938334941864,0.20411556959152222,0.1165865957736969,0.07789897173643112,0.01953749731183052,-0.005996814928948879,-0.003833983326330781,0.015661437064409256,-0.012635255232453346,0.01020128931850195,-0.004408670123666525,-0.001495509291999042,-0.009569790214300156,-0.07627516239881516,-0.007819007150828838,-0.005386828910559416,0.007999837398529053,0.01526958029717207,0.037769023329019547,0.0014070305041968822,-0.01777554862201214,0.022289203479886055,0.005460083484649658,0.038597073405981064,-0.04313391447067261,-0.02868303842842579,0.067081019282341,-0.01909179612994194,-0.039112698286771774,-0.02113538421690464,-0.01277046650648117,-0.021602338179945946,0.02345827966928482,-0.09042547643184662,-0.032037947326898575,-0.022094447165727615,0.026957562193274498,0.06309489905834198,-0.053346917033195496,-0.013878090307116508,-0.07011077553033829,0.0006028354400768876,-0.11325947940349579,-0.04197773337364197,-0.00024139659944921732,-0.12783756852149963,-0.013993801549077034,-0.1610081046819687,0.08226191252470016,-0.07506022602319717,-0.30469417572021484,0.019687416031956673,-0.03560128062963486,-0.12275425344705582,0.1626044511795044,-0.007285982836037874,0.013311472721397877,0.045090239495038986,0.009770027361810207,-0.04791697487235069,0.029422901570796967,-0.1291622817516327,0.023728877305984497,0.10308558493852615,-0.025774551555514336,0.047540515661239624,-0.32736408710479736,0.01206573098897934,-0.017192495986819267,0.02674458548426628,0.01686249114573002,0.10237005352973938,0.32481849193573,-0.4390108287334442,0.0050539299845695496,0.08615829795598984,0.02839486300945282,0.14404813945293427,0.06728357821702957,0.03673819079995155,-0.40235769748687744,0.5849716663360596,-0.2423778921365738,0.07790042459964752,-0.009238358587026596,0.050174348056316376,-1.408275124958891e-06,-0.040308620780706406,0.0004525753320194781,-4.449826064956142e-06,-1.9936369426432066e-06,0.0001183642161777243,0.0007441378547810018,-0.2683809697628021,0.11530764400959015,0.03165571019053459,0.0005896546063013375,-0.008852309547364712,0.0170571468770504,0.030378954485058784,0.05561824142932892,0.025862649083137512
729,-0.000899819890037179,-0.004900374449789524,-0.007713774684816599,-0.005617386195808649,-0.000881797808688134,0.006733910646289587,0.009600024670362473,0.00994991883635521,0.008974949829280376,0.011121132411062717,0.010111167095601559,0.011642237193882465,0.016490938141942024,0.02714584209024906,0.04140080139040947,0.05885149538516998,0.0616476908326149,0.04717352241277695,0.03565726429224014,0.010431983508169651,-0.011303277686238289,-0.03419075533747673,-0.030037444084882736,-0.03404838591814041,-0.03634461760520935,-0.018529096618294716,-0.019262170419096947,-0.0052982294000685215,0.007899963296949863,0.022748591378331184,0.06418552994728088,0.06505241990089417,0.04884980991482735,0.032444067299366,0.02141224592924118,0.012707922607660294,0.010780773125588894,0.0050010671839118,-0.002247568452730775,-0.01067546010017395,-0.01901000738143921,-0.029185080900788307,-0.037731558084487915,-0.04470929503440857,-0.08838848769664764,-0.05513162910938263,-0.04092104732990265,-0.020302625373005867,-0.011640879325568676,-0.0013260265113785863,0.010750502347946167,0.018901308998465538,0.030051231384277344,0.0361972451210022,0.05857311561703682,0.026805493980646133,0.044762711971998215,0.027103908360004425,0.026876546442508698,0.04091144725680351,0.01369866169989109,0.035701438784599304,0.0514567494392395,-0.018333805724978447,-0.005335636902600527,-0.0010545561090111732,-0.020104531198740005,-0.01752384379506111,-0.01903870329260826,-0.014719448052346706,-0.010525370016694069,-0.012105335481464863,-0.006049513816833496,-0.026392105966806412,0.002409491455182433,-0.005799286067485809,0.003946388605982065,0.001586102764122188,0.02857688069343567,-0.012562289834022522,-0.034395016729831696,0.039077773690223694,-0.025379907339811325,-0.04358528554439545,-0.0688522458076477,0.03558284789323807,-0.04410100728273392,0.020646704360842705,-0.07892902195453644,-0.026114698499441147,-0.03460193797945976,0.01833399385213852,-0.027003725990653038,-0.03191397339105606,-0.018025510013103485,-0.023144390434026718,-0.04435831308364868,-0.027286143973469734,-0.05288590490818024,-0.03987353295087814,-0.052512411028146744,-0.001992772566154599,-0.044930391013622284,-0.0583515428006649,-0.00901284534484148,-0.002020704559981823,-0.05440118908882141,-0.05707674100995064,-0.08290562033653259,0.0544324666261673,0.02026820369064808,0.11418487876653671,-0.06254163384437561,-0.0034924785140901804,-0.10057497769594193,-0.10193070024251938,0.06927695870399475,-0.25545167922973633,0.10614923387765884,-0.02222772315144539,0.03842534124851227,-0.16488292813301086,-0.04303539916872978,0.047179847955703735,0.12375962734222412,-0.014861666597425938,0.08094958961009979,0.06242876499891281,-0.029114678502082825,-0.08155801147222519,0.11840317398309708,0.025047414004802704,0.10870812088251114,0.17089779675006866,0.08633924275636673,-0.16096453368663788,0.06369926035404205,-0.13094119727611542,0.12715432047843933,0.013940967619419098,0.038592733442783356,6.761742099570256e-08,-0.03148724138736725,-0.0002352328010601923,-2.7817000045615714e-06,3.658967102637689e-07,-1.205292937811464e-05,-0.0003584088699426502,0.22452732920646667,0.1083519458770752,0.03292809799313545,0.0008721963386051357,-0.014974141493439674,0.035547178238630295,0.020845633000135422,0.04238744080066681,0.04297725111246109
730,0.0005902033299207687,0.001490510068833828,0.0009994623251259327,-0.0013593395706266165,-0.004456006456166506,-0.0046494826674461365,-0.0031342217698693275,-0.0026959050446748734,-0.002751279156655073,-0.0036714263260364532,-0.002856998471543193,-0.002675657859072089,-0.0031221676617860794,-0.004494173917919397,-0.0049129268154501915,-0.001769732916727662,0.008161382749676704,0.028163788840174675,0.05690254643559456,0.0671350508928299,0.09148766845464706,0.10231576859951019,0.04044833406805992,0.013649789616465569,-0.005230196285992861,-0.00793905183672905,-0.013451140373945236,-0.01013279426842928,-0.01219970639795065,-0.012523438781499863,-0.02433374710381031,-0.025098834186792374,-0.02309403195977211,-0.01813831552863121,-0.016392642632126808,-0.017889710143208504,-0.015840057283639908,-0.010028139688074589,-0.00927184522151947,-0.0063684554770588875,-0.0005398782668635249,0.02936304546892643,0.09998375177383423,0.29515594244003296,0.8179917335510254,0.8554126024246216,0.9913457036018372,0.715781569480896,0.5833889245986938,0.19524112343788147,0.09360279142856598,0.0042253765277564526,-0.01695905439555645,-0.023959554731845856,-0.030255962163209915,-0.02183363400399685,-0.012789382599294186,0.01439779531210661,0.047480691224336624,0.10841938853263855,0.12782630324363708,0.12658804655075073,0.24187372624874115,0.11629180610179901,0.0919673889875412,0.037280887365341187,0.00012254598550498486,-0.03064865432679653,-0.07566256821155548,-0.04425602778792381,-0.02434907853603363,-0.02243366837501526,-0.03875649720430374,-0.05201591178774834,-0.0413941964507103,-0.02856207638978958,0.0034045965876430273,-0.0503920279443264,-0.042197272181510925,-0.014344584196805954,0.024303345009684563,0.07556472718715668,0.017897069454193115,-0.011849076487123966,-0.12097368389368057,0.20972155034542084,-0.1606835126876831,0.04567423835396767,-0.12598448991775513,0.09224840998649597,-0.07483857125043869,-0.037752363830804825,-0.1615016609430313,0.020514551550149918,-0.016067713499069214,0.017427513375878334,-0.08758790045976639,0.04130612313747406,-0.03963667154312134,-0.010812056250870228,0.09540653228759766,0.11565311998128891,0.13718479871749878,0.5253083109855652,0.8230382204055786,-0.9852549433708191,2.751028060913086,0.2888941466808319,0.37018805742263794,-0.3564031422138214,0.17690730094909668,0.0321214534342289,-0.07338520139455795,-0.056308597326278687,-0.05880753695964813,-0.04419665411114693,-0.0912429541349411,0.0654093399643898,-0.07952819764614105,-0.014753848314285278,-0.00032129790633916855,-0.38991501927375793,0.09503275901079178,0.4359321594238281,0.22837315499782562,0.490761935710907,-0.25141122937202454,0.6652965545654297,-2.0493407249450684,1.0461692810058594,1.570104718208313,-3.096991777420044,-1.3929269313812256,0.8064462542533875,-0.18782572448253632,-1.4533390998840332,0.8550423979759216,-0.004876505583524704,-0.05314069613814354,-0.20181934535503387,0.338348925113678,3.733402209604719e-08,-0.0037917515728622675,-9.044972830452025e-05,-8.317754236486508e-07,3.3574062285879336e-07,-1.400393284711754e-05,-0.00019860017346218228,-6.085975646972656,0.20205196738243103,0.03572975844144821,-0.004412256646901369,-0.013359183445572853,0.017361586913466454,0.0372416228055954,0.033353306353092194,0.021854091435670853
731,-0.0006195837049745023,-0.003405302995815873,-0.006210315972566605,-0.005877156276255846,-0.007953210733830929,-0.006132921203970909,-0.0050882273353636265,-0.004296096041798592,-0.004149129148572683,-0.004127254709601402,-0.0015626056119799614,0.0019505906384438276,0.013957101851701736,0.039777275174856186,0.0817984864115715,0.10222476720809937,0.09281902015209198,0.04645702615380287,0.02130688913166523,-0.0003262100799474865,-0.0153609374538064,-0.02510053850710392,-0.016108082607388496,-0.014045903459191322,-0.008596348576247692,-0.001812612172216177,-8.739317854633555e-05,-0.001354541047476232,-0.005536365322768688,-0.012189174070954323,-0.026981355622410774,-0.018856346607208252,0.0063750422559678555,0.05669025704264641,0.18794852495193481,0.4253356456756592,0.7005771398544312,0.605193018913269,0.42624369263648987,0.17779816687107086,0.06519027799367905,-0.013976005837321281,-0.04780275374650955,-0.05964946001768112,-0.10107877850532532,-0.05631289258599281,-0.04843876138329506,-0.03195695951581001,-0.03139550983905792,-0.025852959603071213,-0.04339476674795151,-0.034290652722120285,-0.03346302732825279,-0.02768194116652012,-0.021647125482559204,0.00855579786002636,0.05543128028512001,0.09073998034000397,0.1742929369211197,0.21820199489593506,0.07262354344129562,0.10234816372394562,0.023047465831041336,-0.003633348038420081,-0.011862511746585369,-0.01988637074828148,0.020067596808075905,-0.005663167219609022,0.018839005380868912,-0.01608940400183201,0.05962514132261276,0.043575219810009,0.030285201966762543,-0.0023326934315264225,-0.012208100408315659,-0.008329861797392368,0.03174179419875145,-0.06445290148258209,0.0014293199637904763,-0.00032895253389142454,-0.019246280193328857,0.021000953391194344,-0.019378457218408585,-0.02042185515165329,-0.010197795927524567,-0.034479834139347076,0.010445297695696354,-0.011958706192672253,-0.17080587148666382,0.0053692287765443325,-0.6893369555473328,-0.2637498080730438,-1.0256956815719604,0.0011401178780943155,-0.02457597851753235,-0.2055496722459793,-0.009876578114926815,0.1545979380607605,0.03723656013607979,-0.0008602651068940759,-0.17063511908054352,0.036575715988874435,0.029390385374426842,-0.029582880437374115,0.0016592660686001182,0.08975173532962799,-0.2142200618982315,-0.007234713528305292,-0.07597611844539642,-0.012023897841572762,0.3230431377887726,-1.7629003524780273,1.6547249555587769,-0.051319003105163574,-0.941726803779602,-0.5965215563774109,1.3845982551574707,-0.4910305440425873,0.07488367706537247,0.024003755301237106,0.019298313185572624,0.05534980073571205,0.010954450815916061,0.12319867312908173,0.20290932059288025,-0.20691896975040436,0.09899349510669708,0.15422500669956207,0.08209095150232315,-0.03761492297053337,-0.01723671890795231,0.03982684388756752,-0.08915068954229355,0.4692539870738983,-0.4930728077888489,-1.4994235038757324,4.211498260498047,0.04235302284359932,-0.3912504017353058,0.11854353547096252,-0.03360361233353615,1.3813856014621706e-07,-0.018129117786884308,-0.0001104296970879659,-4.0103003584590624e-07,5.799691962238285e-07,-1.860002703324426e-05,-0.0004073409945704043,-3.601257085800171,0.2540341019630432,0.04410858452320099,-0.005048953928053379,0.006608041003346443,0.01252011675387621,0.03494410961866379,0.05870348587632179,0.04039561003446579
732,0.0012093795230612159,0.005228662397712469,0.0076263537630438805,0.003756884252652526,-0.003294039983302355,-0.008111200295388699,-0.008541018702089787,-0.008540244773030281,-0.006165200378745794,-0.0028630795422941446,0.002847890602424741,0.006711418274790049,0.011265360750257969,0.010794625617563725,0.005379151552915573,-0.00502755818888545,-0.01365693099796772,-0.01585867814719677,-0.023313656449317932,-0.028370466083288193,-0.036745354533195496,-0.048245083540678024,-0.033842992037534714,-0.03458549454808235,-0.03284697234630585,-0.0139381792396307,-0.011162119917571545,-0.0037498280871659517,-0.0021496678236871958,-0.007876364514231682,-0.03097720816731453,-0.044558290392160416,-0.048862162977457047,-0.053546421229839325,-0.0613497793674469,-0.08994894474744797,-0.11191700398921967,-0.09679372608661652,-0.0817696675658226,-0.060563452541828156,-0.06597801297903061,-0.07500837743282318,-0.07528426498174667,-0.06744223833084106,-0.13180014491081238,-0.09649673849344254,-0.09716648608446121,-0.07650382071733475,-0.07360271364450455,-0.057750456035137177,-0.08119828253984451,-0.04998153820633888,-0.03664069250226021,-0.026217516511678696,-0.033582303673028946,-0.018687540665268898,-0.0398932620882988,-0.03475530445575714,-0.04739462956786156,-0.07166927307844162,-0.02126540243625641,-0.03645115718245506,-0.049581076949834824,-0.004468138329684734,-0.016645269468426704,-0.026489382609725,0.02986389771103859,-0.006925683934241533,-0.083431176841259,0.02575385384261608,0.012004031799733639,-0.01268084067851305,-0.035754717886447906,-0.1783023476600647,-0.022494181990623474,-0.005559171549975872,0.08276914805173874,-0.019938969984650612,-0.006602398119866848,-0.007762904744595289,-0.04141752049326897,0.025818055495619774,-0.024783926084637642,0.005806697998195887,0.014958002604544163,-0.08366159349679947,0.03432594984769821,-0.050665233284235,0.11754591763019562,-0.11961715668439865,0.019842924550175667,0.04039471969008446,0.12844166159629822,-0.07464316487312317,-0.0769273042678833,0.10226213186979294,-0.05342908576130867,0.3245052397251129,0.025305673480033875,0.051147911697626114,-0.27118921279907227,0.14795827865600586,0.07446089386940002,-0.09950188547372818,-0.03647170588374138,0.3307451605796814,-0.20566070079803467,0.11667007952928543,-0.14416302740573883,0.33402618765830994,-0.3421459496021271,0.19777023792266846,-0.21414148807525635,0.008453709073364735,0.10534045100212097,0.10838036984205246,-0.1808984875679016,0.28297021985054016,-0.31598740816116333,0.10814706981182098,0.025037184357643127,0.29441091418266296,-0.030556511133909225,-0.2078462690114975,-0.10959492623806,0.052136365324258804,0.21641750633716583,-0.32533928751945496,0.5353478789329529,-0.05754103511571884,-0.110240638256073,0.022181566804647446,0.2145036906003952,-0.3260308504104614,0.12620790302753448,0.43777430057525635,-0.4501740634441376,0.1832110583782196,0.1394137293100357,-0.032306008040905,0.0748073160648346,1.9310243715153774e-06,-0.025598403066396713,0.0005923774442635477,-4.7269361402868526e-07,7.933880397104076e-07,7.214930519694462e-05,0.0014120236737653613,2.2208003997802734,-0.3848222494125366,-0.05147925764322281,0.02250199392437935,-0.030812865123152733,0.030525021255016327,-0.006441319361329079,-0.11409187316894531,-0.034606464207172394
733,-0.0005730292177759111,-0.0037287164013832808,-0.007033849135041237,-0.007271939888596535,-0.008894204162061214,-0.007467576302587986,-0.006315120030194521,-0.005469448398798704,-0.0054761809296905994,-0.005644387099891901,-0.004159851465374231,-0.003160351188853383,-0.002505749696865678,0.002657992299646139,0.020892350003123283,0.049489621073007584,0.0688878521323204,0.0612901896238327,0.05827421322464943,0.040316153317689896,0.038104347884655,0.044674474745988846,0.034194450825452805,0.04100093990564346,0.032733745872974396,0.009552796371281147,0.004647030029445887,-0.00291027151979506,-0.009227344766259193,-0.015374314039945602,-0.03026696667075157,-0.017685716971755028,0.013689294457435608,0.07020149379968643,0.1934797316789627,0.4315497875213623,0.7320749163627625,0.6851949095726013,0.543208658695221,0.2594693601131439,0.15555870532989502,0.03717342019081116,-0.021016856655478477,-0.048436716198921204,-0.094228096306324,-0.05400969088077545,-0.04965908080339432,-0.03776433691382408,-0.04298292472958565,-0.03804859519004822,-0.05714798718690872,-0.03996337205171585,-0.038747891783714294,-0.03072008490562439,-0.02647268958389759,0.00440474646165967,0.056019652634859085,0.06561873853206635,0.15332567691802979,0.23047025501728058,0.017665179446339607,0.11722782999277115,0.05088768154382706,-0.0007763472385704517,-0.011133436113595963,-0.031542785465717316,0.04674357920885086,-0.00387656525708735,-0.05544666573405266,0.029671085998415947,-0.015001718886196613,-0.01563510298728943,-0.0026864418759942055,0.01814906671643257,0.011731474660336971,0.001169731724075973,-0.003178355051204562,0.0011495829094201326,-0.00026641986914910376,-0.012418256141245365,-0.03634709119796753,0.014695242047309875,-0.001414547790773213,-0.033517979085445404,-0.019114939495921135,-0.02035202458500862,-4.740662916447036e-05,-0.006716096308082342,0.0020407994743436575,-0.0617561899125576,-0.1565413475036621,-0.16708506643772125,-0.6560136079788208,0.19175374507904053,0.1861998736858368,-0.6468641757965088,0.09142959117889404,-0.7708316445350647,-0.2586590647697449,-0.08757361769676208,0.23086439073085785,-0.10028472542762756,-0.14783480763435364,0.0012393099023029208,0.004780550021678209,0.09725136309862137,-0.242696613073349,-0.006985838990658522,-0.0721169039607048,-0.007082407828420401,0.5064334273338318,-0.9540241956710815,0.3473150432109833,0.5503743290901184,-0.8500327467918396,-0.40560564398765564,1.7225819826126099,-1.0894105434417725,0.9389310479164124,-0.04811377450823784,0.021491987630724907,-0.2204451858997345,0.1238444522023201,0.09288135915994644,0.10674142092466354,-0.02152583934366703,0.053203873336315155,-0.08343213051557541,0.1604432761669159,-0.03377925604581833,0.05883368104696274,0.13769763708114624,-0.256736695766449,0.9210079908370972,0.6711069941520691,-3.187777519226074,3.1931073665618896,-0.3489520847797394,0.11180093139410019,0.591282308101654,-0.12369602918624878,7.705120985690428e-09,-0.020484648644924164,-0.00027057185070589185,-2.0990312350477325e-06,4.339778456596832e-07,-2.1662766812369227e-05,-0.0005185739137232304,-4.528051376342773,0.2841259837150574,0.054296281188726425,-0.00598606001585722,0.011344815604388714,0.027002563700079918,0.03889044374227524,0.07050888985395432,0.052126239985227585
734,-0.0013286966132000089,-0.005623167380690575,-0.010524008423089981,-0.009961974807083607,-0.0004597489314619452,0.016835955902934074,0.027955787256360054,0.03513960540294647,0.02931315265595913,0.019236944615840912,0.004669664893299341,-0.0021757492795586586,-0.006560542620718479,-0.010877641849219799,-0.01326136663556099,-0.014216680079698563,-0.01017873827368021,-0.0011986491736024618,0.010833052918314934,0.02742195315659046,0.03825583681464195,0.04069782420992851,0.010006213560700417,-0.010752972215414047,-0.028300883248448372,-0.019885124638676643,-0.029883380979299545,-0.02056080475449562,-0.023489108309149742,-0.025300076231360435,-0.04092119634151459,-0.03106181137263775,-0.022824015468358994,-0.02390686422586441,-0.036701712757349014,-0.07423136383295059,-0.12492599338293076,-0.14000163972377777,-0.13678337633609772,-0.0978715568780899,-0.1010514497756958,-0.10949333757162094,-0.10934902727603912,-0.0935748890042305,-0.15668030083179474,-0.08774314075708389,-0.0723431259393692,-0.05271586403250694,-0.05442048981785774,-0.0460946187376976,-0.06866288185119629,-0.039021458476781845,-0.02211030386388302,-0.009210875257849693,-0.007361661642789841,-0.009576588869094849,-0.02197347581386566,-0.02321523241698742,-0.031128212809562683,-0.04605095833539963,-0.017023108899593353,-0.03737562149763107,-0.0645311251282692,-0.0007683440926484764,-0.026148000732064247,-0.03423146903514862,0.01874685473740101,-0.011019592173397541,-0.07663924247026443,0.01343794446438551,0.007568714674562216,-0.010796678252518177,-0.03335505723953247,-0.1840331107378006,-0.02582935430109501,-0.009911119006574154,0.07712829858064651,-0.025032738223671913,-0.013092843815684319,-0.039998941123485565,-0.07210485637187958,0.015236212871968746,-0.03802490234375,-0.0013306421460583806,0.014505390077829361,-0.0903003066778183,0.043910443782806396,-0.0588810071349144,0.14209477603435516,-0.12380322813987732,0.02832821197807789,0.0359659269452095,0.09993644803762436,-0.0717981681227684,-0.051991526037454605,0.08133770525455475,-0.061998769640922546,0.31604623794555664,0.035727810114622116,0.04679477959871292,-0.26172640919685364,0.14287284016609192,0.059780821204185486,-0.11113270372152328,-0.01957402005791664,0.20970429480075836,-0.20593710243701935,0.05942603200674057,-0.11896725744009018,0.3033038377761841,-0.35934561491012573,0.2131631225347519,-0.23757104575634003,-0.030257446691393852,0.09799086302518845,0.100189208984375,-0.2005617767572403,0.4217875599861145,-0.3777145743370056,0.10274389386177063,0.021464256569743156,0.2334558218717575,-0.05462036654353142,-0.1752360463142395,-0.09529827535152435,0.02879122830927372,0.19950206577777863,-0.3333459794521332,0.5383435487747192,-0.08018621057271957,-0.10832498967647552,-0.004081408958882093,0.19498123228549957,-0.3201594054698944,0.12058652937412262,0.3618086278438568,-0.46337172389030457,0.20233024656772614,0.13963203132152557,-0.04583984985947609,0.05662338435649872,1.245087901224906e-06,-0.03416414186358452,0.0007858989993110299,-6.911674859111372e-07,1.475121848670824e-06,8.463272388326004e-05,0.001994155813008547,2.2917277812957764,-0.3331541419029236,-0.06871463358402252,0.021595656871795654,-0.013632603920996189,0.025837309658527374,-0.04831622540950775,-0.11219492554664612,-0.018756285309791565
735,0.0017616093391552567,0.010009201243519783,0.026792626827955246,0.03297116979956627,0.03564515709877014,0.01912638545036316,0.005849964451044798,-0.000362918886821717,-0.0038389931432902813,-0.004764505662024021,-0.003887779312208295,-0.003469202434644103,-0.004802139475941658,-0.006648371461778879,-0.008641243912279606,-0.01027006097137928,-0.011579721234738827,-0.009798313491046429,-0.01356030348688364,-0.017842944711446762,-0.02457244321703911,-0.031201547011733055,-0.020241601392626762,-0.0247527826577425,-0.02498442307114601,-0.013472144491970539,-0.017644671723246574,-0.011452021077275276,-0.014939839951694012,-0.014551586471498013,-0.021138079464435577,-0.011555246077477932,-0.0012592542916536331,0.01063387282192707,0.03090660460293293,0.07228534668684006,0.12717889249324799,0.13379178941249847,0.08438868075609207,0.020270027220249176,-0.00606094766408205,-0.026064688339829445,-0.029553141444921494,-0.013431324623525143,0.03552031144499779,0.07592298835515976,0.09396666288375854,0.06481469422578812,0.0388384610414505,-0.0019308768678456545,-0.033447202295064926,-0.03496861085295677,-0.031042752787470818,-0.029618272557854652,-0.043659672141075134,-0.02083105407655239,-0.03342597559094429,-0.020033245906233788,-0.034506432712078094,-0.04240084066987038,-0.02020653523504734,-0.030907725915312767,-0.04830213263630867,-0.007462755776941776,-0.010173184797167778,-0.022842885926365852,-0.008309402503073215,0.028191350400447845,0.2428024709224701,-0.21543094515800476,0.017210759222507477,0.08047065138816833,0.1897241324186325,0.6186729073524475,-0.0625218003988266,-0.015128493309020996,-0.03153769671916962,-0.01903715543448925,0.023437373340129852,0.10397089272737503,0.4167940318584442,-0.038861606270074844,0.19361811876296997,0.23173704743385315,0.16555671393871307,-0.07704430818557739,0.0565645806491375,-0.014642434194684029,0.011902674101293087,-0.0525282584130764,-0.005972965620458126,0.02604975551366806,0.13768762350082397,0.037070441991090775,-0.06203450262546539,0.10262563824653625,-0.020211659371852875,0.1808367818593979,0.04803607240319252,-0.01135826762765646,-0.1126459464430809,0.046033307909965515,0.002658782061189413,-0.040404483675956726,0.0008366182446479797,-0.05000792816281319,0.06570838391780853,-0.023584788665175438,0.3193000853061676,-0.7492638230323792,0.329438716173172,-0.6201856136322021,0.3720037639141083,-0.7190459966659546,-0.6527872681617737,-0.37742578983306885,-0.1688733547925949,-0.32984495162963867,-0.008166257292032242,-0.1697007268667221,0.2509474456310272,0.8001211285591125,-0.2598351836204529,-0.4978359043598175,-1.24152410030365,0.27821585536003113,0.25009384751319885,-0.4278089702129364,0.42911484837532043,-0.06276875734329224,-0.08721854537725449,0.04474497213959694,0.046730585396289825,-0.051339149475097656,0.07933611422777176,0.2365792989730835,-0.2804604470729828,0.041247207671403885,0.07370614260435104,-0.03719219192862511,0.0342940017580986,-3.6037758377460705e-07,0.014526084065437317,-0.00030129888909868896,3.8127879520288843e-07,-8.883083069122222e-07,-2.1872856450499967e-05,-0.0006048933137208223,0.0879640132188797,0.19695132970809937,0.014215768314898014,-0.008872979320585728,-0.01651410013437271,0.016339195892214775,0.0017962728161364794,0.06039853394031525,-0.011429225094616413
736,0.0012270401930436492,0.0052840388379991055,0.006124680396169424,0.0014165733009576797,-0.00452535692602396,-0.008191063068807125,-0.007775330450385809,-0.007553722243756056,-0.007120226044207811,-0.008097754791378975,-0.00604972941800952,-0.00469686184078455,-0.003660628106445074,-5.1482558774296194e-05,0.008518263697624207,0.01630786806344986,0.016310641542077065,0.011349770240485668,0.010708539746701717,0.01291918195784092,0.022572800517082214,0.03771268576383591,0.02369951456785202,0.013564051128923893,-0.005060230381786823,-0.012104972265660763,-0.02471490390598774,-0.02073674649000168,-0.025118881836533546,-0.029502248391509056,-0.056358594447374344,-0.055139992386102676,-0.04916412755846977,-0.04634162783622742,-0.04835885018110275,-0.06203605234622955,-0.07878084480762482,-0.07317434251308441,-0.06971130520105362,-0.04593576118350029,-0.03127943351864815,-0.009187945164740086,0.021289397031068802,0.03989884629845619,0.10246813297271729,0.0592317208647728,0.03641858324408531,0.0037457982543855906,-0.027193143963813782,-0.037748780101537704,-0.07604896277189255,-0.0535522885620594,-0.05193993076682091,-0.037921421229839325,-0.04285615682601929,-0.01663360185921192,-0.014841215685009956,-0.006456014700233936,-0.011414735578000546,-0.011239636689424515,-0.004983934108167887,-0.003357594134286046,-0.0029877324122935534,-0.01051762979477644,-0.012291030958294868,-0.013981644995510578,0.004092926159501076,-0.010199344716966152,-0.08181848376989365,0.0031079938635230064,-0.0054207658395171165,-0.04560774564743042,-0.035253625363111496,-0.14170540869235992,-0.00997248012572527,-0.011045040562748909,0.015830639749765396,-0.010547276586294174,0.00964647438377142,-0.012424664571881294,-0.03153187036514282,0.017082951962947845,-0.042896099388599396,-0.04861198738217354,-0.08155905455350876,0.020840713754296303,-0.04194050282239914,-0.01426451001316309,-0.0212265495210886,-0.10197010636329651,0.0015015840763226151,0.03409704566001892,0.11421272903680801,-0.08683574199676514,-0.0654943436384201,0.040868502110242844,-0.04221712425351143,0.06838236004114151,-0.04489574953913689,-0.0008485745056532323,-0.1780032366514206,0.09344678372144699,0.007565933745354414,-0.09178069233894348,0.01123316865414381,0.07701773941516876,-0.15154477953910828,-0.03828790411353111,-0.10110883414745331,0.23425085842609406,-0.2542191445827484,0.2545316517353058,-0.17029264569282532,-0.01583430916070938,0.07177965342998505,0.0741657093167305,-0.1567777842283249,0.07982026040554047,-0.17032042145729065,0.058703675866127014,0.04672170430421829,0.1251373589038849,-0.041781287640333176,-0.05563101917505264,0.03041808493435383,-0.0714808851480484,0.08653682470321655,0.03443783521652222,0.031054023653268814,-0.05952588468790054,0.04852612689137459,0.0016343992901965976,0.20276856422424316,-0.2647232413291931,0.1254996508359909,0.2523096799850464,-0.2993136942386627,0.023497994989156723,0.11812452226877213,-0.06192222237586975,0.05156863108277321,-1.2689930883880152e-08,-0.026754993945360184,-0.0001289104257011786,-1.1346719475113787e-06,-1.3325225722837786e-07,9.160257832263596e-06,-0.0003947261138819158,0.6689956784248352,0.010333840735256672,0.03435610979795456,0.0014976899838075042,-0.027836520224809647,0.0280836783349514,0.03015686757862568,0.04540642350912094,0.03684438765048981
737,-0.0010675563244149089,-0.005301835481077433,-0.011046991683542728,-0.014031928963959217,-0.01535657700151205,-0.009609563276171684,-0.001206143177114427,0.007345101796090603,0.01567969284951687,0.02462935633957386,0.025904705747961998,0.02410535141825676,0.030813414603471756,0.03398514166474342,0.025270527228713036,0.011511807329952717,-0.0016707493923604488,-0.00455348938703537,-0.003877887735143304,0.0016943408409133554,0.011076726950705051,0.03014012984931469,0.036403290927410126,0.04944123700261116,0.044353749603033066,0.01383753027766943,0.002055020071566105,-0.008441179990768433,-0.01365018542855978,-0.012885252945125103,-0.008494863286614418,0.00973681639879942,0.02915501408278942,0.052353132516145706,0.09015247970819473,0.13605807721614838,0.15128043293952942,0.07576044648885727,0.011119063012301922,-0.024359088391065598,-0.03813694417476654,-0.045084185898303986,-0.04667079448699951,-0.034927207976579666,-0.034948401153087616,0.0015894162934273481,0.03226089105010033,0.03481520712375641,0.037558771669864655,0.03697703033685684,0.06475739926099777,0.0354231558740139,0.01190894190222025,0.006661844439804554,0.019310640171170235,0.011753590777516365,0.05540802329778671,0.01970892772078514,0.03920961543917656,0.06350886076688766,-0.03357813134789467,0.01769547536969185,0.05726403370499611,-0.03735434263944626,-0.003061197465285659,-0.004918919876217842,0.01089118979871273,-0.0019956689793616533,-0.045282427221536636,-0.004235804546624422,-0.016800012439489365,-0.015559869818389416,-0.0022795875556766987,0.09862303733825684,0.006021678447723389,-0.031161513179540634,-0.06576722115278244,-0.009617169387638569,0.021808331832289696,-0.0327998585999012,-0.05187661945819855,0.025343967601656914,-0.08363209664821625,-0.27006158232688904,-0.24986691772937775,0.10023842751979828,-0.16853952407836914,0.01709279976785183,-0.23151181638240814,-0.01826637238264084,-0.035703614354133606,0.005356529727578163,-0.0013897772878408432,-0.05104845017194748,0.06895080208778381,-0.16056345403194427,0.11093094199895859,-0.5400190949440002,-0.2708587944507599,-0.0940597727894783,0.10175430774688721,0.016374651342630386,0.017137743532657623,-0.0745433047413826,-0.0014616780681535602,0.340549498796463,-0.19599002599716187,0.11954551190137863,-0.04823964834213257,0.3957740366458893,-0.3995892107486725,0.16860431432724,-0.2574942409992218,0.04272119328379631,0.283870130777359,0.12674076855182648,-0.11759442090988159,0.5466490387916565,-0.4008205831050873,0.08711758255958557,0.01146467961370945,0.15681293606758118,0.07457347959280014,-0.22296276688575745,-0.05042416602373123,-0.031929630786180496,0.14779600501060486,-0.39269307255744934,0.49847379326820374,-0.091860331594944,-0.044966503977775574,-0.11086549609899521,0.19480836391448975,-0.4439700245857239,0.21282227337360382,0.48286738991737366,-0.313842236995697,0.22336770594120026,0.019149793311953545,0.11801272630691528,0.057326413691043854,-6.726205583618139e-07,-0.04846007004380226,-0.0003610340936575085,-2.0696249976026593e-06,-8.159300932675251e-07,-2.7986070563201793e-05,-0.00022721686400473118,0.13151802122592926,-0.0698910728096962,-0.12607809901237488,-0.008391380310058594,-0.007574780844151974,-0.17493677139282227,-0.14334526658058167,-0.09907226264476776,-0.150411918759346
738,-0.0009318576194345951,-0.005407371558248997,-0.010155548341572285,-0.011293202638626099,-0.013316760770976543,-0.009811539202928543,-0.001912918291054666,0.008068397641181946,0.02365048974752426,0.04203519970178604,0.038301918655633926,0.03171217069029808,0.02349933050572872,0.012947740033268929,0.00039707394898869097,-0.005061232019215822,0.0026509372983127832,0.021198946982622147,0.05839425325393677,0.08393087983131409,0.10676690191030502,0.12033171206712723,0.04612448439002037,0.00895795226097107,-0.018889503553509712,-0.017686638981103897,-0.025407923385500908,-0.015392075292766094,-0.011273984797298908,-0.006581141147762537,-0.008647388778626919,-0.01746583729982376,-0.02880970388650894,-0.04412483423948288,-0.05792563408613205,-0.08413508534431458,-0.09641049802303314,-0.04535500705242157,0.021442554891109467,0.0595334954559803,0.07849982380867004,0.06928034871816635,0.011420158669352531,-0.043902937322854996,-0.1413952112197876,-0.10307137668132782,-0.0719025507569313,-0.013396812602877617,0.06172240152955055,0.08744817227125168,0.17991620302200317,0.08606499433517456,0.03803712874650955,-0.0014904462732374668,-0.03454951196908951,-0.02312459796667099,-0.019021732732653618,0.015303472988307476,0.07134797424077988,0.14864611625671387,0.059061449021101,0.05756274238228798,0.04932955279946327,-0.004508138168603182,-0.023323575034737587,-0.04232435300946236,0.0263602826744318,-0.012965423986315727,0.014108503237366676,-0.015832317993044853,0.012999460101127625,0.043218281120061874,0.009780625812709332,-0.08324461430311203,-0.03175504878163338,-0.044452231377363205,0.018950413912534714,0.022326791658997536,0.0723128616809845,-0.08187925815582275,-0.041297491639852524,0.0960693284869194,-0.037754833698272705,-0.034053102135658264,-0.01608232595026493,-0.07056434452533722,0.022665761411190033,-0.024048486724495888,-0.053265929222106934,0.0019480237970128655,-0.015939367935061455,-0.026998868212103844,-0.01618414930999279,-0.072964608669281,-0.07784166187047958,0.06753797829151154,-0.0372992604970932,-0.036020759493112564,-0.05709206312894821,-0.12604708969593048,0.3782185912132263,-0.2608884871006012,-0.0641065388917923,-0.07024415582418442,0.030385732650756836,0.24626092612743378,-0.20831066370010376,-0.02805892936885357,-0.03004288300871849,-0.10998596996068954,0.37803271412849426,0.007302100770175457,-0.012886308133602142,-0.022353144362568855,0.024157732725143433,0.06336936354637146,-0.16587033867835999,-0.043232500553131104,0.32368436455726624,-0.061555325984954834,-0.09554840624332428,-0.46196436882019043,0.004773267544806004,0.053835779428482056,-0.014924608170986176,-0.046203263103961945,0.13288243114948273,-0.0002910532639361918,-0.4696880877017975,-0.12128215283155441,0.4925919771194458,-0.1438540518283844,0.005772385746240616,0.01497594639658928,0.11156611889600754,0.28728482127189636,-0.3313829004764557,0.01971662975847721,0.08914923667907715,0.07659351080656052,-0.024315685033798218,1.6221317622466813e-08,-0.03636420890688896,-0.00017359819321427494,-4.581997643526847e-07,6.354707693390083e-07,-2.523411239963025e-05,1.333245472778799e-05,-0.508854866027832,0.11432339251041412,0.031588561832904816,0.0009109501843340695,-0.004078606143593788,0.03657019883394241,0.03143635019659996,0.04068521037697792,0.036981694400310516
739,-0.0004268063057679683,-0.0020796428434550762,-0.0005041331751272082,0.005614591762423515,0.025613797828555107,0.038266636431217194,0.04700660705566406,0.0418853685259819,0.031183015555143356,0.023060593754053116,0.01256957370787859,0.010715282522141933,0.015301801264286041,0.018248701468110085,0.013591076247394085,0.004564342554658651,-0.004444296471774578,-0.008302439004182816,-0.013664120808243752,-0.016317738220095634,-0.02181228995323181,-0.023931555449962616,-0.01394048985093832,-0.008288170211017132,0.0004777827416546643,0.005624108016490936,0.011851987801492214,0.00908703077584505,0.006314483936876059,-0.0004580868117045611,-0.015238596126437187,-0.020002713426947594,-0.012454461306333542,0.01154297310858965,0.07390512526035309,0.20428483188152313,0.3812110424041748,0.33664587140083313,0.3109941780567169,0.15323330461978912,0.08000447601079941,0.05205317959189415,0.07473193854093552,0.08464521914720535,0.11853928118944168,0.04680515453219414,0.030196521431207657,0.04051078483462334,0.10763807594776154,0.13539659976959229,0.3290671706199646,0.2811813950538635,0.3126069903373718,0.2091241031885147,0.24386034905910492,0.11003586649894714,0.17385579645633698,0.12335019558668137,0.17123115062713623,0.19259963929653168,0.04608660191297531,0.06716231256723404,0.06829024106264114,0.02250007539987564,0.035088520497083664,0.04407114163041115,-0.021538056433200836,-0.0038978008087724447,-0.03340074047446251,-0.002229186473414302,-0.015284162014722824,-0.013337052427232265,-0.006847471930086613,-0.05488679185509682,-0.014424766413867474,-0.022615056484937668,0.01817203313112259,-0.06369052827358246,-0.01643742434680462,-0.0046859257854521275,-0.03912040591239929,0.07721560448408127,-0.09322518110275269,-0.345110684633255,0.04663478210568428,0.27961599826812744,0.0007656177040189505,-0.05040109157562256,-0.2835284173488617,0.15584208071231842,-0.06763448566198349,-0.0907636284828186,-0.19118468463420868,0.09781234711408615,0.2612672746181488,-0.20889636874198914,0.16677649319171906,-0.8927011489868164,0.23718403279781342,0.029917875304818153,0.3995322585105896,-0.28089800477027893,-0.2770758271217346,0.4490760862827301,-0.1739378720521927,-0.9452186226844788,0.6809169054031372,-0.0919780433177948,0.10104292631149292,-0.26684027910232544,0.3484591841697693,-0.9373928904533386,0.5121133327484131,0.2825504243373871,-0.3889431953430176,-0.4485352635383606,0.5890355706214905,-0.5920770764350891,0.34454667568206787,-0.5248159766197205,-0.30535027384757996,-0.22320637106895447,0.007078551687300205,0.14439065754413605,0.054124098271131516,-0.1392553746700287,-0.2437218278646469,1.1164168119430542,-0.7863670587539673,0.09609460085630417,-0.11535182595252991,0.2669227421283722,-1.2304024696350098,0.3826267719268799,-0.49563249945640564,-1.415350079536438,1.9237829446792603,-0.4229627251625061,-0.5070921778678894,0.1844252049922943,-0.035026002675294876,1.801272588863867e-07,-0.015099389478564262,-0.00019013775454368442,-2.438652927594376e-06,4.205264190204616e-07,-2.0327544916654006e-05,-0.0003546352090779692,-1.291805624961853,0.26233258843421936,0.03765587508678436,-0.005030052270740271,-0.008197327144443989,0.020496893674135208,0.03494745492935181,0.050345420837402344,0.03146674484014511
740,0.0013913291040807962,0.005659920163452625,0.006731067318469286,0.0022966882679611444,-0.0035865202080458403,-0.004992591682821512,-0.000878586433827877,0.005776204168796539,0.01280945260077715,0.01979786343872547,0.01688232272863388,0.015009181573987007,0.016039876267313957,0.014261833392083645,0.007447140756994486,-0.0036893149372190237,-0.013060260564088821,-0.015853069722652435,-0.02320064976811409,-0.027885958552360535,-0.03660288080573082,-0.04864136874675751,-0.03423706814646721,-0.03660066798329353,-0.039313651621341705,-0.022017179057002068,-0.030923688784241676,-0.021761342883110046,-0.025578733533620834,-0.029584331437945366,-0.05503745749592781,-0.05131381377577782,-0.042054250836372375,-0.03628036007285118,-0.03585439547896385,-0.05074179545044899,-0.07319372147321701,-0.074744813144207,-0.06950978934764862,-0.05096350982785225,-0.05370641127228737,-0.061527933925390244,-0.06304776668548584,-0.059166908264160156,-0.10895828157663345,-0.06914788484573364,-0.05864596739411354,-0.03556817024946213,-0.027322953566908836,-0.01573314145207405,-0.023876944556832314,-0.01659321039915085,-0.017014440149068832,-0.013844640925526619,-0.017588865011930466,-0.009860952384769917,-0.008466142229735851,-0.00440039299428463,-0.0015513231046497822,0.005139400716871023,-0.0031127077527344227,-0.0012848061742261052,-0.005286337807774544,-0.013137143105268478,-0.01558767817914486,-0.02304663695394993,0.02462940476834774,-0.002365844789892435,-0.09930059313774109,0.017250044271349907,0.010106440633535385,-0.02879522368311882,-0.032415613532066345,-0.14459122717380524,-0.012927510775625706,-6.631224096054211e-05,0.055041294544935226,-0.029258403927087784,-0.010372759774327278,-9.213966404786333e-05,-0.02710406295955181,0.026997370645403862,-0.03552646189928055,-0.019918102771043777,-0.03487907350063324,-0.04247339069843292,0.005879680160433054,-0.026219729334115982,0.01660919561982155,-0.10782552510499954,-0.004438320640474558,0.025960858911275864,0.09243497252464294,-0.07113643735647202,-0.056743886321783066,0.08007824420928955,-0.048226356506347656,0.19136717915534973,-0.02203664742410183,-0.0009605778614059091,-0.1961454451084137,0.10910604894161224,0.05077505484223366,-0.09173160046339035,-0.00045316899195313454,0.2762983441352844,-0.23589904606342316,0.043877992779016495,-0.11075826734304428,0.23704394698143005,-0.1908145397901535,0.23387372493743896,-0.1237662211060524,0.011700006201863289,0.04758777096867561,0.06965005397796631,-0.1781206578016281,0.2748654782772064,-0.32024601101875305,0.09657954424619675,0.022513005882501602,0.22329075634479523,-0.04605133831501007,-0.13271766901016235,-0.021856704726815224,-0.026227260008454323,0.16752909123897552,-0.28328239917755127,0.5063246488571167,-0.06590618938207626,-0.11462315917015076,-0.013922411948442459,0.1991802603006363,-0.3033987581729889,0.12609468400478363,0.20233678817749023,-0.34029486775398254,0.055937252938747406,0.17980006337165833,-0.0696999803185463,0.06746569275856018,-5.116208967592684e-07,-0.0008172280504368246,-0.0003166375681757927,-1.1437989542173455e-06,-6.118586952652549e-07,-2.1958372599328868e-05,-0.0002673401031643152,1.109570026397705,-0.09204857796430588,0.024875391274690628,0.007906079292297363,-0.030154485255479813,0.0422707162797451,0.00996874924749136,0.02654063142836094,0.05805216729640961
741,-0.0008059422252699733,-0.004812209401279688,-0.00965994130820036,-0.008056329563260078,-0.007983887568116188,0.0013301860308274627,0.012041162699460983,0.02091292291879654,0.025493090972304344,0.026262355968356133,0.011745794676244259,0.003952517174184322,0.0015612568240612745,0.005970119498670101,0.02167215757071972,0.039798714220523834,0.04390791058540344,0.02876715175807476,0.011929236352443695,-0.0067499903962016106,-0.020474873483181,-0.026448320597410202,-0.01074245199561119,-0.0015831091441214085,0.001128294039517641,-0.0022928116377443075,-0.010004125535488129,-0.0097038010135293,-0.004965085070580244,0.013577367179095745,0.08751102536916733,0.12792149186134338,0.11095421761274338,0.08044463396072388,0.033900681883096695,-0.02238558977842331,-0.07464389503002167,-0.06752234697341919,-0.03369181603193283,0.0009119821479544044,0.011539489030838013,-0.002875903155654669,-0.03556717932224274,-0.06533994525671005,-0.1471511274576187,-0.08960546553134918,-0.06047170236706734,-0.02135852910578251,-0.007220117840915918,-0.007055679336190224,-0.029083384200930595,-0.025285400450229645,-0.012628208845853806,0.02881954237818718,0.11624187231063843,0.09421281516551971,0.14463753998279572,0.0817258208990097,0.04971666261553764,0.0051764450035989285,-0.007804702501744032,-0.0015492613893002272,0.022599082440137863,-0.014672059565782547,0.011613336391746998,-0.003114348975941539,-0.007856865413486958,-0.009531116113066673,-0.07807741314172745,-0.006035097409039736,-0.008912956342101097,-0.004159837029874325,0.009165804833173752,-0.0004884061636403203,-0.005960120353847742,-0.02142224833369255,0.027639687061309814,-0.0012586681405082345,0.03399703651666641,-0.03573676571249962,-0.027621664106845856,0.06460390239953995,-0.01945069432258606,-0.03329883888363838,-0.020873963832855225,-0.011242399923503399,-0.02886282093822956,0.022784609347581863,-0.10442572832107544,-0.032708555459976196,-0.028218891471624374,0.026114150881767273,0.06440151482820511,-0.057331714779138565,-0.019665293395519257,-0.05705359950661659,-0.01071142591536045,-0.07742586731910706,-0.04206817224621773,0.004686262458562851,-0.14888541400432587,0.027318228036165237,-0.10816852748394012,0.04074579477310181,-0.04093097150325775,-0.19561001658439636,-0.04620013386011124,-0.024221161380410194,-0.1254521608352661,0.16461464762687683,-0.012147355824708939,0.002923151943832636,0.03798733279109001,-0.008758307434618473,-0.05924756079912186,0.029643086716532707,-0.13347110152244568,0.061599474400281906,0.027074899524450302,-0.010119028389453888,0.06842748820781708,-0.26457592844963074,0.002571449615061283,-0.024618366733193398,0.021921856328845024,0.0010919914348050952,0.09834399819374084,0.2581292390823364,-0.37640759348869324,-0.029188353568315506,0.07089126855134964,0.03442375734448433,0.15351657569408417,0.0483657568693161,0.05766470730304718,-0.38946473598480225,0.47286057472229004,-0.20994873344898224,0.0802733525633812,-0.019842496141791344,0.05431586131453514,-1.2581130022226716e-06,-0.04081512615084648,0.0004538578214123845,-4.491739218792645e-06,-1.9575659280235413e-06,0.00011880493548233062,0.0007491317810490727,-0.028501540422439575,0.10356690734624863,0.03228934109210968,0.0006760659161955118,-0.008920487947762012,0.017468078061938286,0.03106970712542534,0.05649184435606003,0.02642693929374218
742,0.0024842682760208845,0.012286229059100151,0.026680560782551765,0.03158526495099068,0.02804689109325409,0.013130119070410728,0.0024713820312172174,-0.0020035787019878626,-0.004243397619575262,-0.004585695452988148,-0.0037189212162047625,-0.003287695813924074,-0.0046457163989543915,-0.006080331280827522,-0.007807326968759298,-0.009438342414796352,-0.010883104056119919,-0.008830668404698372,-0.012424498796463013,-0.01650966890156269,-0.022828979417681694,-0.02911500260233879,-0.018993167206645012,-0.022761676460504532,-0.02285728231072426,-0.012388522736728191,-0.016685593873262405,-0.011040356010198593,-0.015149027109146118,-0.016217779368162155,-0.02357289008796215,-0.012223519384860992,0.0019926547538489103,0.01614115759730339,0.03579309955239296,0.07400640100240707,0.12216658890247345,0.13094758987426758,0.08510851114988327,0.0188142042607069,-0.010781627148389816,-0.024943986907601357,-0.012853465043008327,0.019942529499530792,0.08692828565835953,0.09036421030759811,0.07078835368156433,0.02511925995349884,-0.005774487275630236,-0.0225001759827137,-0.04407971352338791,-0.03667830303311348,-0.030556656420230865,-0.027853932231664658,-0.03950372338294983,-0.018333718180656433,-0.03140345215797424,-0.021747933700680733,-0.032353974878787994,-0.03926241770386696,-0.022051258012652397,-0.031501322984695435,-0.04575594142079353,-0.00809163972735405,-0.014936255291104317,-0.030825668945908546,0.016076693311333656,-0.002728718565776944,0.11186135560274124,-0.11662300676107407,0.10318557173013687,0.1355137825012207,0.24807651340961456,0.8653245568275452,-0.10890848189592361,-0.04827646166086197,-0.02345978282392025,-0.04971027001738548,0.054253511130809784,0.20054462552070618,0.5019155144691467,-0.06809356063604355,0.3170032203197479,0.21737870573997498,0.13297683000564575,-0.04968610405921936,0.00524020753800869,-0.0010411615949124098,0.0006003280286677182,-0.03754408657550812,0.04193517938256264,0.049440495669841766,0.17322587966918945,0.04939335584640503,-0.060195088386535645,0.09951667487621307,-0.03629171848297119,0.1710362732410431,0.03751432150602341,-0.0304954182356596,-0.10656706243753433,0.03543888404965401,-0.0039796954952180386,-0.05052046850323677,-0.0530986450612545,0.017696164548397064,0.011859425343573093,-0.013187495060265064,0.14875981211662292,-1.0925441980361938,0.11738312989473343,-0.46453624963760376,0.34096384048461914,-0.6671999096870422,-0.693270206451416,-0.42476385831832886,-0.02622370235621929,-0.23072293400764465,-0.4440854489803314,-0.7021932601928711,0.3404855728149414,1.1046812534332275,0.1830911934375763,-0.844483494758606,-0.8310346603393555,0.5002253651618958,0.1732243150472641,-0.30476099252700806,0.2741231918334961,-0.05823678523302078,-0.037929434329271317,0.049123458564281464,0.05860370770096779,-0.1142226904630661,0.07996542751789093,0.2380017787218094,-0.28828832507133484,0.04303290322422981,0.09448730200529099,-0.04546366259455681,0.025515297427773476,-3.25671919654269e-07,0.016428448259830475,-0.00012571399565786123,4.6236357320594834e-07,-8.653123586555012e-07,-1.7836635379353538e-05,-0.0003029789950232953,0.005802543833851814,0.19693373143672943,0.013485001400113106,-0.008902596309781075,-0.015760358422994614,0.025479650124907494,0.00487474212422967,0.05824984982609749,-0.010584913194179535
743,0.0005864030099473894,0.0016863191267475486,0.001244012382812798,-0.0009035454713739455,-0.003636005101725459,-0.004042747896164656,-0.003297199495136738,-0.0027776749338954687,-0.002850049175322056,-0.0038949500303715467,-0.002906256588175893,-0.002563840476796031,-0.003115166909992695,-0.004904780071228743,-0.005793896969407797,-0.0046220812946558,0.0020027179270982742,0.017556916922330856,0.04623353108763695,0.061152730137109756,0.09765636175870895,0.12300397455692291,0.06057770550251007,0.027598856016993523,0.00318012572824955,-0.006373453885316849,-0.01272670179605484,-0.010257100686430931,-0.011835053563117981,-0.012988042086362839,-0.0239974707365036,-0.023354005068540573,-0.021518178284168243,-0.017142347991466522,-0.0186631977558136,-0.024101069197058678,-0.032032061368227005,-0.025943610817193985,-0.018331848084926605,-0.005003279075026512,0.012171083129942417,0.06392978131771088,0.18172821402549744,0.4269239604473114,1.071752905845642,1.0272363424301147,0.9098923206329346,0.5897330045700073,0.4540247917175293,0.12580271065235138,0.048275381326675415,-0.012175101786851883,-0.021943338215351105,-0.02421029843389988,-0.03151867166161537,-0.023504316806793213,-0.021722206845879555,0.0022609832230955362,0.0393499992787838,0.12079805880784988,0.0902465283870697,0.11311891674995422,0.2150912582874298,0.08210152387619019,0.07607705891132355,0.04328601434826851,0.0023404855746775866,-0.020984554663300514,-0.06687244027853012,-0.034960947930812836,-0.038018833845853806,-0.03429171070456505,-0.04047151282429695,-0.06768634170293808,-0.046720754355192184,-0.04072549566626549,-0.013433292508125305,-0.13680611550807953,-0.09014622122049332,-0.014780023135244846,0.012981021776795387,0.011461169458925724,-0.012028366327285767,-0.03822144865989685,-0.10308887809515,0.2280789464712143,-0.13724413514137268,0.15289542078971863,-0.1492125242948532,0.2538371682167053,0.008180194534361362,-0.08704889565706253,-0.05562007054686546,-0.019848566502332687,-0.04488041251897812,0.03013305924832821,-0.12614046037197113,0.03736008331179619,-0.07983878254890442,-0.012201648205518723,0.08886510878801346,0.016018226742744446,0.108888640999794,0.4250955879688263,0.4688183665275574,-1.6733934879302979,2.7075982093811035,0.037626780569553375,0.6734299659729004,-0.4531024694442749,0.17679698765277863,0.004652013536542654,-0.07412616163492203,-0.034825146198272705,-0.11938945949077606,-0.03016316331923008,-0.08734992891550064,0.05463531240820885,-0.1130385473370552,-0.014103788882493973,-0.04093342646956444,-0.24126110970973969,-0.14463403820991516,0.468321293592453,0.3190900385379791,0.4770655035972595,-0.7895503640174866,1.0962255001068115,-3.7477831840515137,0.7619155645370483,3.55476713180542,-1.305670142173767,-0.928780198097229,0.1261959820985794,0.6446898579597473,-0.7723073959350586,0.33488717675209045,-0.027773791924118996,0.013986033387482166,-0.035107724368572235,0.05230431258678436,6.234822791384431e-08,-0.0034278882667422295,3.2718021429900546e-06,4.3383408865338424e-08,-4.142256671002542e-08,-4.592616733134491e-06,-2.5605115752114216e-06,-6.940639972686768,0.20365683734416962,0.030504567548632622,-0.004744846373796463,-0.0133230434730649,0.009783065877854824,0.028133617714047432,0.02904314361512661,0.02037198655307293
744,-0.001111856079660356,-0.0056980024091899395,-0.01248688343912363,-0.016676990315318108,-0.0184303130954504,-0.013815710321068764,-0.006558546796441078,0.0013085096143186092,0.012120517902076244,0.02676861360669136,0.03268755227327347,0.032999083399772644,0.04144716262817383,0.03977280855178833,0.028002260252833366,0.008621147833764553,-0.008262588642537594,-0.01465289480984211,-0.023305941373109818,-0.028581352904438972,-0.037311989814043045,-0.04920613020658493,-0.03472420945763588,-0.03711943328380585,-0.039937399327754974,-0.022322455421090126,-0.030959399417042732,-0.021091671660542488,-0.025203432887792587,-0.029536886140704155,-0.05736415833234787,-0.05649429187178612,-0.053295817226171494,-0.056256093084812164,-0.06492512673139572,-0.10293121635913849,-0.14638730883598328,-0.14870132505893707,-0.13995154201984406,-0.09929779917001724,-0.10090727359056473,-0.10905269533395767,-0.10946770012378693,-0.0946560651063919,-0.15884235501289368,-0.09084203094244003,-0.07392363995313644,-0.05399255454540253,-0.05645425617694855,-0.050145749002695084,-0.08232682198286057,-0.060029421001672745,-0.05056764557957649,-0.043908413499593735,-0.0588664785027504,-0.025008343160152435,-0.04538775980472565,-0.030948637053370476,-0.03060486912727356,-0.029929853975772858,-0.008354450576007366,-0.005537030287086964,0.002135566668584943,-0.025204604491591454,-0.012357388623058796,-0.007840657606720924,0.01343553513288498,-0.009058495052158833,-0.09076975286006927,0.035096004605293274,0.021077023819088936,-0.011755451560020447,-0.03594446927309036,-0.180109903216362,-0.014470825903117657,0.00488569401204586,0.09079961478710175,-0.016491331160068512,-0.005695562344044447,0.007293738424777985,-0.02506221830844879,0.03203165531158447,-0.02519167773425579,0.008952870033681393,0.023203013464808464,-0.09191171824932098,0.04054112732410431,-0.059919893741607666,0.15625886619091034,-0.12966226041316986,0.055988896638154984,0.06906920671463013,0.16579388082027435,-0.07107607275247574,-0.08654434233903885,0.11205307394266129,-0.04740007221698761,0.3019225597381592,0.009833103977143764,0.03852011263370514,-0.23628242313861847,0.13525336980819702,0.07573727518320084,-0.08799336850643158,-0.03748707473278046,0.35096579790115356,-0.20346656441688538,0.12081076204776764,-0.12917228043079376,0.3178256154060364,-0.28209608793258667,0.22411417961120605,-0.17287665605545044,0.025422705337405205,0.09540221095085144,0.09466078877449036,-0.17532671988010406,0.2565222382545471,-0.30852246284484863,0.10624901950359344,0.011032897047698498,0.2790384888648987,-0.022465646266937256,-0.19475986063480377,-0.09181712567806244,0.06228535622358322,0.21610236167907715,-0.34881091117858887,0.5772002339363098,-0.04161054641008377,-0.19019319117069244,0.01880037784576416,0.22253365814685822,-0.368018239736557,0.13367287814617157,0.4199753403663635,-0.4242152273654938,0.17210371792316437,0.15678885579109192,-0.022555219009518623,0.08375873416662216,3.3071299299081147e-07,0.039326466619968414,0.0004360993334557861,3.417349034862127e-06,-6.653236823694897e-07,1.9684986909851432e-05,0.0011327711399644613,1.9853683710098267,-0.33104172348976135,-0.02799244411289692,0.01886056922376156,-0.005494009703397751,0.016294941306114197,0.00830814428627491,-0.10965944826602936,-0.03476395085453987
745,0.0021656660828739405,0.011644105426967144,0.02759448066353798,0.03252137452363968,0.03217371925711632,0.015820743516087532,0.003956405911594629,-0.0012700892984867096,-0.004038729704916477,-0.004614472389221191,-0.00360377156175673,-0.0033475521486252546,-0.004683655686676502,-0.006431970279663801,-0.008328386582434177,-0.009966876357793808,-0.011402714066207409,-0.009472193196415901,-0.013467974960803986,-0.017391327768564224,-0.02382083237171173,-0.030672403052449226,-0.01997777633368969,-0.02386506088078022,-0.02444278635084629,-0.0130393598228693,-0.017303863540291786,-0.011060340330004692,-0.014579913578927517,-0.013584555126726627,-0.01466073002666235,-0.0009685781551524997,0.012925636023283005,0.02286662347614765,0.036595668643713,0.0651649534702301,0.10105020552873611,0.09578023850917816,0.051450084894895554,0.005742260254919529,-0.013281885534524918,-0.020284660160541534,-0.011209492571651936,0.013055716641247272,0.07556158304214478,0.09172533452510834,0.08997549116611481,0.048807334154844284,0.01854223944246769,-0.012105115689337254,-0.039951223880052567,-0.0361415259540081,-0.03095545992255211,-0.028239870443940163,-0.04168203845620155,-0.01859772950410843,-0.03356258571147919,-0.02046895958483219,-0.033563364297151566,-0.040645211935043335,-0.022902730852365494,-0.03142346814274788,-0.047535087913274765,-0.007035562768578529,-0.01371657382696867,-0.028640588745474815,0.009577138349413872,0.006897414103150368,0.15782016515731812,-0.21056169271469116,0.0809628888964653,0.026748575270175934,0.2179436981678009,0.6918543577194214,-0.05389626324176788,-0.022083444520831108,-0.026999589055776596,-0.01934407465159893,0.014801221899688244,0.07371492683887482,0.3904839754104614,-0.09646482765674591,0.18718567490577698,0.1717497855424881,0.16075116395950317,-0.0632646381855011,0.056293945759534836,-0.016181698068976402,0.013557401485741138,-0.048965100198984146,0.007393615785986185,0.03554786369204521,0.15961910784244537,0.05090870335698128,-0.0549190528690815,0.10224691778421402,-0.02171267569065094,0.17769794166088104,0.05045204982161522,-0.026891637593507767,-0.10421715676784515,0.044105879962444305,-0.0033932700753211975,-0.038340333849191666,0.008640758693218231,-0.08829453587532043,0.1418246626853943,-0.06620252132415771,0.3167417645454407,-1.0368069410324097,0.43423745036125183,-0.49471449851989746,0.07697001844644547,-0.378207266330719,-0.3329746723175049,-0.2478504329919815,-0.07038890570402145,-0.19085508584976196,-0.20303800702095032,-0.4364302456378937,0.2904832661151886,0.72846519947052,-0.274929016828537,-0.5375064611434937,-0.8872293829917908,0.35927271842956543,0.21377407014369965,-0.42915448546409607,0.47274020314216614,-0.05322577431797981,-0.09932613372802734,0.07553569972515106,0.06226128712296486,-0.0782959833741188,0.07536428421735764,0.24626699090003967,-0.3174115717411041,0.04661332815885544,0.10935592651367188,-0.06377284228801727,0.034381937235593796,-3.570119986306963e-07,0.015311597846448421,-0.00018731215095613152,5.342268423191854e-07,-7.825337888789363e-07,-1.8612394342198968e-05,-0.00027877147658728063,-0.28733476996421814,0.19822023808956146,0.014187985099852085,-0.009052468463778496,-0.01638967916369438,0.025541285052895546,0.0049729123711586,0.05889716371893883,-0.01211234088987112
746,0.0005760299973189831,0.0017170930514112115,0.0013421275652945042,-0.0008235545828938484,-0.003674169769510627,-0.004304634407162666,-0.0034355693496763706,-0.002796769142150879,-0.0028675200883299112,-0.0037704508285969496,-0.00278896139934659,-0.002522269496694207,-0.0032057142816483974,-0.005353673826903105,-0.006056997459381819,-0.007632423657923937,-0.00782228447496891,-0.0047596818767488,0.0025282432325184345,0.019225355237722397,0.05637204647064209,0.11691801249980927,0.09880197048187256,0.09095366299152374,0.059185322374105453,0.012947470881044865,-0.001765288645401597,-0.007787150330841541,-0.011446424759924412,-0.013939173892140388,-0.0265523549169302,-0.026300929486751556,-0.024364152923226357,-0.024755321443080902,-0.029908623546361923,-0.0395071879029274,-0.047679707407951355,-0.030390171334147453,-0.01129724457859993,0.011164642870426178,0.03639697656035423,0.11333354562520981,0.2573206126689911,0.5351367592811584,1.251052737236023,1.0739960670471191,0.896395206451416,0.5258766412734985,0.32271161675453186,0.08248478174209595,0.011709382757544518,-0.020107556134462357,-0.027001328766345978,-0.0254399124532938,-0.036060038954019547,-0.02780204452574253,-0.034606657922267914,-0.022420793771743774,-0.009957954287528992,0.027695130556821823,0.049813929945230484,0.11193868517875671,0.2807557284832001,0.0813303142786026,0.126538947224617,0.05771755799651146,0.000587308662943542,-0.028098881244659424,-0.07716451585292816,-0.033928003162145615,-0.04985074698925018,-0.050339505076408386,-0.04112325981259346,-0.07058049738407135,-0.048509787768125534,-0.05849592015147209,-0.03427061066031456,-0.18029697239398956,-0.17116431891918182,0.04723874107003212,0.1802886724472046,0.0324505977332592,-0.012778355740010738,-0.07947560399770737,-0.13067425787448883,0.45827925205230713,-0.20944340527057648,0.1629388928413391,-0.1978629231452942,0.09060106426477432,0.04557302966713905,-0.04708373546600342,-0.012328434735536575,-0.04656405746936798,-0.05459592863917351,0.014422471635043621,-0.1637139469385147,0.06864850223064423,-0.21248452365398407,-0.09084833413362503,-0.05794009193778038,-0.012622741982340813,0.07648982852697372,0.143546000123024,-0.019110960885882378,-1.4037868976593018,2.357048511505127,0.5387793183326721,1.2368723154067993,-0.8804209232330322,0.599764347076416,-0.08522327244281769,-0.08313018083572388,0.04172637686133385,-0.09284771233797073,-0.003312549786642194,-0.10033247619867325,0.07418093085289001,-0.1688636988401413,0.04968862980604172,-0.07237593829631805,0.05919085443019867,-0.16114425659179688,0.6025917530059814,0.7110929489135742,-0.18318647146224976,-1.5585497617721558,2.2342114448547363,-5.911228656768799,2.0835721492767334,1.7700929641723633,-1.4172561168670654,-0.8439379930496216,-0.8368121385574341,0.2755734622478485,0.004462274257093668,-0.15177485346794128,0.11680246889591217,-0.062071673572063446,-0.06759510189294815,0.05454592779278755,-5.205441055977644e-08,-0.0014198006829246879,0.0001258417178178206,1.2382187151160906e-06,-2.739443800692243e-07,2.8051740628143307e-06,0.0002377070632064715,-3.71219539642334,0.199650377035141,0.029230907559394836,-0.004951347131282091,-0.013110765255987644,0.013090342283248901,0.026787931099534035,0.030440669506788254,0.017350435256958008
747,-0.0009263167739845812,-0.005183903034776449,-0.008782066404819489,-0.007910134270787239,-0.005153955891728401,0.0028081105556339025,0.007847695611417294,0.009244404733181,0.007228459231555462,0.003911911975592375,0.0012995153665542603,0.002363969571888447,0.006234703119844198,0.012293949723243713,0.014163794927299023,0.009076854214072227,0.003098800079897046,0.004455794580280781,0.013976280577480793,0.02424192801117897,0.036662232130765915,0.04131488502025604,0.016847163438796997,0.011091296561062336,0.021770820021629333,0.026616809889674187,0.057785071432590485,0.04465783014893532,0.036400556564331055,0.015818892046809196,0.0027245909441262484,-0.002349525922909379,0.004291801247745752,0.006624278146773577,-0.0024806165602058172,-0.030126910656690598,-0.06174134835600853,-0.04563402011990547,-0.0023982683196663857,0.030764484778046608,0.04552556946873665,0.03539830446243286,-0.005395606625825167,-0.03700431063771248,-0.07376037538051605,-0.024748293682932854,0.007943548262119293,0.021418364718556404,0.013352169655263424,-0.001827445114031434,-0.0014773673610761762,0.020911317318677902,0.0525348000228405,0.06483405083417892,0.07833823561668396,0.019505616277456284,0.004645850509405136,-0.002589393872767687,0.002571740420535207,0.022331509739160538,0.00776999955996871,0.006867454387247562,-0.013400271534919739,-0.004612445831298828,-0.012274783104658127,-0.0116208391264081,-0.01362173818051815,-0.012944071553647518,-0.04818756505846977,-0.005076001863926649,-0.017291070893406868,-0.035143740475177765,-0.013531308621168137,-0.03181728348135948,0.004571502096951008,-0.007546474691480398,0.013472805730998516,0.0034078031312674284,0.04403730109333992,-0.0527530163526535,-0.05273528769612312,0.030261382460594177,-0.023416757583618164,-0.03252261132001877,-0.04971444234251976,0.02347918413579464,-0.03671814501285553,0.0159678403288126,-0.026728777214884758,-0.07885701954364777,-0.008245960809290409,0.014398127794265747,-0.04012797772884369,-0.016654470935463905,-0.018896441906690598,-0.017742112278938293,-0.038163598626852036,0.03262436389923096,-0.05163633078336716,-0.08359597623348236,0.09578340500593185,-0.06608335673809052,-0.04251900687813759,-0.06652303785085678,0.00925435870885849,-0.05721491575241089,0.03562181070446968,-0.10160517692565918,-0.06998015940189362,0.14696384966373444,-0.1544942557811737,0.15923890471458435,-0.05388845130801201,0.03671323135495186,-0.10142207145690918,-0.008672337047755718,-0.09387598186731339,0.04524688422679901,-0.02315383590757847,-0.03542449697852135,-0.014691831544041634,-0.2210308313369751,-0.02418590895831585,0.002207613317295909,0.08672739565372467,-0.03103429079055786,0.019872309640049934,0.10094846040010452,-0.10779687017202377,-0.0569765642285347,0.06251103430986404,0.060685668140649796,0.11822161823511124,0.26181501150131226,0.03453614190220833,-0.10885568708181381,-0.21331411600112915,0.08173681795597076,0.11909817159175873,-0.013631726615130901,0.07821235060691833,-8.898508099264291e-07,-0.0466911606490612,0.00030121454619802535,-4.523090865404811e-06,-1.6140959360200213e-06,9.372906060889363e-05,0.0005184956244193017,0.34368669986724854,0.07607964426279068,0.019983185455203056,0.0002610702358651906,-0.013132814317941666,0.004593025427311659,0.0016674876678735018,0.04059528186917305,0.020397812128067017
748,-0.0015978014562278986,-0.0062188562005758286,-0.011090567335486412,-0.014117023907601833,-0.010977537371218204,0.001961090136319399,0.015480879694223404,0.02842499502003193,0.0339793898165226,0.031368009746074677,0.01582654006779194,0.0034491196274757385,-0.0027517329435795546,-0.008526579476892948,-0.009903688915073872,-0.007619025185704231,0.004109530709683895,0.01708109676837921,0.03813121095299721,0.06967045366764069,0.0944487452507019,0.10087991505861282,0.04331040754914284,0.0076391133479774,-0.01983880065381527,-0.018068721517920494,-0.02731347270309925,-0.01795591227710247,-0.01356988213956356,0.0004961614031344652,0.04469670355319977,0.07495541125535965,0.07589275389909744,0.056860923767089844,0.02158678136765957,-0.03100823424756527,-0.10090664774179459,-0.12817388772964478,-0.12714624404907227,-0.08524578809738159,-0.06320914626121521,-0.02669755183160305,0.036784395575523376,0.07722220569849014,0.18093006312847137,0.08771078288555145,0.03934670239686966,-0.013787695206701756,-0.040009140968322754,-0.039600834250450134,-0.060354046523571014,-0.027234241366386414,-0.002456626622006297,0.032134488224983215,0.0889330729842186,0.06573127210140228,0.14325758814811707,0.058898571878671646,0.035158634185791016,0.018086761236190796,-0.006867405958473682,-0.02719738334417343,-0.05424519628286362,0.0002711211855057627,-0.016717586666345596,0.011243593879044056,-0.047318607568740845,-0.0025745639577507973,-0.001385907526127994,-0.05927308276295662,-0.020519467070698738,-0.016962386667728424,-0.01477572787553072,-0.11249753832817078,9.595492883818224e-05,0.005080744158476591,-0.015881001949310303,0.003642143914476037,0.027711734175682068,-0.26977068185806274,-0.23483601212501526,-0.04922684654593468,-0.09292805939912796,-0.09728182107210159,-0.04241310805082321,-0.05710432305932045,0.025135135278105736,-0.0429607518017292,-0.0023645146284252405,-0.06792152673006058,-0.11265639960765839,-0.1384403109550476,-0.3758898377418518,0.005436751991510391,-0.027501149103045464,-0.045144952833652496,-0.03635343909263611,0.25099995732307434,0.06968025863170624,0.02930402383208275,-0.2521250545978546,0.13254909217357635,0.04863481968641281,-0.09855032712221146,0.0026480143424123526,0.35869935154914856,-0.19926773011684418,0.14689873158931732,-0.09439833462238312,0.3476322293281555,-0.42072150111198425,0.2139115333557129,-0.2784563899040222,0.006298094056546688,0.26134437322616577,0.0958428606390953,-0.15948480367660522,0.49176958203315735,-0.43772608041763306,0.12489611655473709,-0.05214456096291542,0.2142678052186966,-0.0021008183248341084,-0.22522783279418945,-0.09357552230358124,0.013608542270958424,0.10367178916931152,-0.399086594581604,0.4740431606769562,-0.10179801285266876,-0.10260456055402756,-0.11851281672716141,0.19549377262592316,-0.4197067320346832,0.20667298138141632,0.42476731538772583,-0.4193763732910156,0.21959473192691803,0.05701934173703194,0.09220580011606216,0.011730008758604527,-5.526230779651087e-07,-0.03476472944021225,-0.0001633916108403355,-9.682615882411483e-07,-7.49430512314575e-07,-1.2847067409893498e-05,-0.0002549364580772817,0.7744236588478088,-0.1276995688676834,-0.14887338876724243,-0.009187202900648117,-0.009438853710889816,-0.1965656876564026,-0.16048301756381989,-0.10713992267847061,-0.16589684784412384
749,-0.0008843903779052198,-0.0046959551982581615,-0.0070136841386556625,-0.0041818092577159405,0.0023497832007706165,0.011915180832147598,0.016379456967115402,0.019229795783758163,0.018386350944638252,0.01759421080350876,0.00828766729682684,0.004862246103584766,0.006317381281405687,0.015329837799072266,0.03175880014896393,0.05099143832921982,0.05672994256019592,0.04574296623468399,0.03631078824400902,0.012465879321098328,-0.00894428975880146,-0.03212902322411537,-0.02916247583925724,-0.032728709280490875,-0.03239141404628754,-0.013009983114898205,-0.0035280263982713223,0.011665546335279942,0.02867071144282818,0.03597154840826988,0.059658728539943695,0.03689238056540489,0.01665366068482399,0.005958127323538065,0.0027897751424461603,0.0017294782446697354,0.009188779629766941,0.009713707491755486,0.0028027307707816362,-0.00916475523263216,-0.020145105198025703,-0.03151408210396767,-0.03785070776939392,-0.04114949703216553,-0.07696855068206787,-0.048823341727256775,-0.038140177726745605,-0.019160930067300797,-0.0077696554362773895,0.005923196207731962,0.028618520125746727,0.03234279900789261,0.043961383402347565,0.049246545881032944,0.07740993797779083,0.0335020013153553,0.05216760188341141,0.03043125942349434,0.02983005903661251,0.04316507652401924,0.013575280085206032,0.03429263457655907,0.04940631613135338,-0.019462432712316513,-0.0031958301551640034,0.0017650822410359979,-0.021872734650969505,-0.017114952206611633,-0.031805966049432755,-0.013290047645568848,-0.010932502336800098,-0.0167883038520813,-0.006145184859633446,-0.011088359169661999,0.010018753819167614,0.0004017659812234342,-0.015447341836988926,0.014538806863129139,0.03602360561490059,-0.014520328491926193,-0.03576229140162468,0.03760594502091408,-0.02478717640042305,-0.04801587015390396,-0.08022449165582657,0.04773980379104614,-0.04229040443897247,0.013763411901891232,-0.055990610271692276,-0.048527538776397705,-0.026561526581645012,0.020750917494297028,-0.02315657027065754,-0.03086620196700096,-0.016434548422694206,-0.040921784937381744,-0.047963861376047134,-0.08676978200674057,-0.06709234416484833,-0.05620086193084717,-0.0235288068652153,-0.01864587515592575,-0.05308542400598526,-0.05352364480495453,-0.014783314429223537,-0.022713569924235344,-0.0413985438644886,-0.05937914177775383,-0.08495978266000748,0.05311867967247963,0.02350705862045288,0.10253980755805969,-0.055936384946107864,-0.006646330934017897,-0.098980613052845,-0.09704834222793579,0.059535570442676544,-0.25010138750076294,0.09989376366138458,-0.020493173971772194,0.04019041359424591,-0.1880689561367035,-0.04450904577970505,0.044477734714746475,0.12147008627653122,-0.019031919538974762,0.08418652415275574,0.05643320456147194,-0.05116448923945427,-0.08150139451026917,0.131130188703537,0.0266033336520195,0.1059069037437439,0.20819903910160065,0.083283931016922,-0.17528097331523895,0.07612845301628113,-0.13166506588459015,0.12227282673120499,0.007114028558135033,0.04742349311709404,1.2806194149561634e-07,-0.033098723739385605,-0.00023301503097172827,-2.453789875289658e-06,-1.4167603978876286e-07,-2.8692336854874156e-05,-0.0002904439752455801,0.19704017043113708,0.11288709193468094,0.03195792809128761,0.0007778155850246549,-0.015700597316026688,0.03782395273447037,0.019401274621486664,0.04045883193612099,0.04508814215660095
750,-0.0013649871107190847,-0.0058179255574941635,-0.011698841117322445,-0.01659858413040638,-0.018557988107204437,-0.015406154096126556,-0.010698957368731499,-0.009610245004296303,-0.008399702608585358,-0.009146084077656269,-0.007288526277989149,-0.006292400881648064,-0.008065790869295597,-0.011080265045166016,-0.012879663147032261,-0.013662640936672688,-0.00988251343369484,-0.0009669937426224351,0.01165167149156332,0.028359761461615562,0.0369042344391346,0.03982695937156677,0.00992797315120697,-0.010632183402776718,-0.027509907260537148,-0.01956646516919136,-0.029000844806432724,-0.020327633246779442,-0.0235762819647789,-0.027984578162431717,-0.05518393591046333,-0.054363712668418884,-0.05213940888643265,-0.055111609399318695,-0.06359869986772537,-0.09896206855773926,-0.13968010246753693,-0.14474299550056458,-0.13789646327495575,-0.09951936453580856,-0.09998548775911331,-0.11072279512882233,-0.11337453871965408,-0.10154863446950912,-0.1923922449350357,-0.12262138724327087,-0.10171061009168625,-0.06048447638750076,-0.03310667723417282,-0.006307866424322128,-0.0012249783612787724,-0.007069302722811699,-0.02208450809121132,-0.03124220483005047,-0.05330263450741768,-0.03253544494509697,-0.0551486574113369,-0.043861765414476395,-0.05718505382537842,-0.08195823431015015,-0.030939381569623947,-0.05143488198518753,-0.07465557008981705,-0.005374810192734003,-0.03774232789874077,-0.073035329580307,0.03592833876609802,-0.011502754874527454,-0.09260053932666779,0.017487969249486923,-0.008977438323199749,-0.02605716697871685,-0.0558088943362236,-0.19319170713424683,-0.034927040338516235,-0.024884752929210663,0.0611402653157711,-0.01797110214829445,-0.012617377564311028,-0.07692045718431473,-0.11140818148851395,0.004309056792408228,-0.04948524758219719,-0.006245024036616087,0.009884804487228394,-0.09499294310808182,0.03544273599982262,-0.055444467812776566,0.13006438314914703,-0.12498263269662857,0.03070763126015663,0.04845747351646423,0.1560433954000473,-0.08519746363162994,-0.07962865382432938,0.10110557824373245,-0.07028644531965256,0.31142762303352356,0.015159379690885544,0.008940455503761768,-0.2789143919944763,0.12309560179710388,0.043939389288425446,-0.12053583562374115,-0.03179921582341194,0.3312794268131256,-0.20265315473079681,0.11194822192192078,-0.15540862083435059,0.26825591921806335,-0.2883996367454529,0.22237536311149597,-0.24418003857135773,-0.02658807300031185,0.04687342420220375,0.08813555538654327,-0.22011283040046692,0.4283972680568695,-0.4270835220813751,0.06900858879089355,-0.011875047348439693,0.28996431827545166,-0.026880627498030663,-0.18679530918598175,-0.10035975277423859,0.05789723992347717,0.22585485875606537,-0.31439340114593506,0.5301089882850647,-0.06051376834511757,-0.1358848661184311,0.0017801952781155705,0.22555525600910187,-0.3357362151145935,0.15190553665161133,0.4122055470943451,-0.4171738028526306,0.20773367583751678,0.1180691048502922,-0.039398662745952606,0.06779708713293076,1.73391690623248e-05,0.02387945167720318,0.003983339294791222,-4.164041456533596e-06,1.4640748304373119e-05,0.0005728882970288396,0.005724009592086077,2.2340805530548096,-0.5659670829772949,-0.14446210861206055,0.010746519081294537,0.02684718556702137,-0.12348897755146027,-0.1674889177083969,-0.18978449702262878,-0.07095058262348175
751,-0.0012404165463522077,-0.00571261765435338,-0.011764812283217907,-0.016385890543460846,-0.018348267301917076,-0.015274666249752045,-0.010744438506662846,-0.009635617956519127,-0.008472995832562447,-0.009250246919691563,-0.007537102326750755,-0.006371606606990099,-0.008287329226732254,-0.011442597024142742,-0.013874677941203117,-0.01688339188694954,-0.01857314072549343,-0.01713634468615055,-0.023812929168343544,-0.02832174301147461,-0.03542779013514519,-0.04556499794125557,-0.029174450784921646,-0.023327508941292763,-0.014923418872058392,-0.0029158564284443855,-0.0012241322547197342,-0.003508847439661622,-0.008390860632061958,-0.013803639449179173,-0.024349141865968704,-0.02015863172709942,-0.018346499651670456,-0.02595433034002781,-0.04327047988772392,-0.08374446630477905,-0.13217565417289734,-0.1434127688407898,-0.13906189799308777,-0.10043558478355408,-0.10005801916122437,-0.11039721965789795,-0.11422471702098846,-0.10326400399208069,-0.19618704915046692,-0.1286299079656601,-0.11507245153188705,-0.0842168927192688,-0.07720125466585159,-0.05842157453298569,-0.0858113244175911,-0.0590454563498497,-0.04916771128773689,-0.03979472815990448,-0.046964894980192184,-0.021464867517352104,-0.032764654606580734,-0.02904515527188778,-0.041644953191280365,-0.06967676430940628,-0.027326636016368866,-0.04929247871041298,-0.0762438252568245,-0.002249422250315547,-0.03612646088004112,-0.06393519043922424,0.033280324190855026,-0.009496408514678478,-0.09305623173713684,0.015056563541293144,-0.00673068268224597,-0.02952471747994423,-0.05288947746157646,-0.19274196028709412,-0.03258678689599037,-0.023172743618488312,0.07709129899740219,-0.026849893853068352,-0.00606002751737833,0.0014522623969241977,-0.028565965592861176,0.029173122718930244,-0.018182558938860893,0.013357380405068398,0.019543586298823357,-0.08616581559181213,0.03499424457550049,-0.05080809071660042,0.12115124613046646,-0.1345839500427246,0.031535930931568146,0.04524783790111542,0.1321784257888794,-0.0790727511048317,-0.07903116196393967,0.09365880489349365,-0.0738053172826767,0.2989296615123749,0.0004543800314422697,0.0217585489153862,-0.2729536294937134,0.13170398771762848,0.051828425377607346,-0.10685428231954575,-0.02837725542485714,0.34127748012542725,-0.1984153389930725,0.1321074366569519,-0.14470575749874115,0.32093334197998047,-0.34069371223449707,0.2157103419303894,-0.2782442569732666,-0.008894230239093304,0.061320651322603226,0.12018423527479172,-0.20700319111347198,0.43766653537750244,-0.409088671207428,0.08982086181640625,0.0036073587834835052,0.26148608326911926,-0.029032904654741287,-0.17458540201187134,-0.08953716605901718,0.04275774210691452,0.20092886686325073,-0.2999601364135742,0.5099095106124878,-0.0490415133535862,-0.09472183138132095,0.01739376038312912,0.24570158123970032,-0.34409022331237793,0.14669376611709595,0.4309200346469879,-0.41965553164482117,0.20199935138225555,0.1399817317724228,-0.009362715296447277,0.07640193402767181,-5.757943313255964e-07,0.004760520998388529,0.0005661958130076528,1.523908736089652e-06,1.4187844499247149e-06,7.68569516367279e-05,0.0016208193264901638,2.4431850910186768,-0.5245196223258972,-0.050780441612005234,0.012726758606731892,0.046273957937955856,-0.02048571966588497,-0.07620352506637573,-0.04957864060997963,-0.0042597344145178795
752,-0.0004562526009976864,-0.003366161836311221,-0.006246766075491905,-0.006239647977054119,-0.005962471943348646,0.00034278532257303596,0.011986274272203445,0.03070301190018654,0.05345960706472397,0.07480777055025101,0.054589807987213135,0.03891495242714882,0.024991564452648163,0.012194270268082619,0.00045636389404535294,-0.006435982417315245,-0.007945656776428223,-0.0052116382867097855,-0.003991429228335619,-0.0006005640607327223,0.0008434345945715904,-0.002097848802804947,-0.005328730680048466,-0.009460215456783772,-0.010179360397160053,-0.003199226688593626,-0.0009605305385775864,-0.0004849308170378208,-0.002738142618909478,-0.0089007169008255,-0.024492938071489334,-0.026411619037389755,-0.020878303796052933,0.0008139701676554978,0.05992507562041283,0.22379320859909058,0.474642813205719,0.5978465676307678,0.5535221099853516,0.3071945607662201,0.18116064369678497,0.060829807072877884,-0.0034305572044104338,-0.03920632228255272,-0.09986153244972229,-0.06872520595788956,-0.057182133197784424,-0.036091603338718414,-0.02573845535516739,-0.012574071995913982,-0.0045652990229427814,0.0159585103392601,0.04499846324324608,0.06106342747807503,0.11438992619514465,0.08581496775150299,0.17262506484985352,0.1729576289653778,0.4250772297382355,0.4842497408390045,0.14941932260990143,0.22804823517799377,0.09087762981653214,0.00040104842628352344,-0.005545288790017366,-0.016561849042773247,0.016505131497979164,-0.0006918495637364686,-0.007530569564551115,-0.03210357949137688,-0.007371506188064814,0.003671203274279833,0.001987764611840248,-0.02794848196208477,-0.010294144041836262,-0.009128370322287083,0.01558339037001133,-0.07314421236515045,-0.03745855763554573,-0.024627715349197388,-0.006870599463582039,-0.0369081012904644,-0.021239951252937317,-0.11466270685195923,-0.015924828127026558,0.6558561325073242,-0.22888624668121338,-0.02649032697081566,-1.0172021389007568,0.161324143409729,-0.1968861222267151,-0.10359976440668106,-0.050869520753622055,0.04830881580710411,0.035431697964668274,-0.06690935045480728,0.005630750674754381,-0.17825309932231903,-0.041508957743644714,-0.021990535780787468,0.10427730530500412,-0.12137459963560104,-0.35925397276878357,0.18825595080852509,-0.08554867655038834,-0.6068728566169739,0.5862664580345154,-0.43909671902656555,1.0775020122528076,-0.16446584463119507,0.7615153789520264,-0.8183642625808716,0.02725738100707531,0.23584508895874023,-0.5125778317451477,-0.5777634978294373,1.2768901586532593,-0.960638165473938,0.5635093450546265,0.23899391293525696,0.07472622394561768,-0.33502018451690674,0.0042921700514853,0.05862915515899658,0.14020836353302002,-0.02120579592883587,-0.010075990110635757,-0.28161290287971497,0.6237603425979614,0.04446002468466759,-0.07524045556783676,-0.013978146016597748,-0.625137984752655,0.4795844554901123,0.4577310085296631,-4.283184051513672,2.3950653076171875,1.1608222723007202,-1.1305814981460571,0.43091052770614624,-0.2778133749961853,5.572770689354911e-08,-0.020217949524521828,-0.0002036415971815586,-1.738463765832421e-06,2.716612641506799e-07,-1.937618617375847e-05,-0.00040579994674772024,-2.192548990249634,0.2884316146373749,0.04714258015155792,-0.005674456246197224,-0.0033778343349695206,0.024148566648364067,0.046689681708812714,0.05922409147024155,0.04416981339454651
753,-0.0011160688009113073,-0.005104261450469494,-0.009386072866618633,-0.008719246834516525,-0.0027931900694966316,0.007876342162489891,0.013671290129423141,0.018060309812426567,0.020389804616570473,0.02491840161383152,0.023826586082577705,0.020020347088575363,0.025414977222681046,0.03172691538929939,0.03321683034300804,0.03168882057070732,0.020863821730017662,0.007531419396400452,0.0035137892700731754,0.004199379123747349,0.007107411045581102,0.014297635294497013,0.01504677813500166,0.02253851667046547,0.026106635108590126,0.014469674788415432,0.017254766076803207,0.005794877652078867,0.0020736120641231537,-0.00177485472522676,-0.003793606534600258,-0.004670849069952965,-0.006669608410447836,-0.00989396870136261,-0.010851630941033363,-0.008094591088593006,0.01120736077427864,0.03665374219417572,0.059642866253852844,0.048590511083602905,0.039907779544591904,0.023179037496447563,-7.895951421232894e-05,-0.028893636539578438,-0.08255549520254135,-0.05979311466217041,-0.05362224578857422,-0.02858666703104973,-0.013889176771044731,0.009268248453736305,0.060446083545684814,0.07974434643983841,0.0747891217470169,0.07759850472211838,0.10896750539541245,0.03679037466645241,0.0713135153055191,0.022232098504900932,0.03319283574819565,0.05192356929183006,-0.01930636167526245,0.015029768459498882,0.04503999277949333,-0.03777424991130829,0.006424124352633953,0.0386948436498642,-0.02378038875758648,-0.011871207505464554,-0.03752129152417183,-0.015430547297000885,-0.01637493073940277,-0.017913583666086197,-0.009059150703251362,-0.003605178091675043,0.006742488127201796,-0.03195994347333908,-0.11889999359846115,-0.006392049603164196,0.05854731425642967,-0.13426600396633148,-0.09879910945892334,0.019656118005514145,-0.06991611421108246,-0.17252522706985474,-0.1555754542350769,0.08301719278097153,-0.10980722308158875,0.008110438473522663,-0.20866245031356812,-0.008007685653865337,-0.07368384301662445,-0.048389654606580734,-0.08971551060676575,-0.0323653444647789,0.01233324222266674,-0.06158949434757233,0.03030351921916008,-0.23294849693775177,-0.15107941627502441,-0.04006323963403702,-0.09891100227832794,0.103153295814991,0.03943154588341713,-0.07366201281547546,-0.003926398232579231,0.35668259859085083,-0.19864967465400696,0.1152404248714447,-0.05490786209702492,0.38083967566490173,-0.3874150812625885,0.1791214495897293,-0.25143563747406006,0.0332486592233181,0.27670907974243164,0.12513968348503113,-0.14085426926612854,0.534083902835846,-0.40102264285087585,0.11243590712547302,0.02305516228079796,0.1824318766593933,0.05423175171017647,-0.21111278235912323,-0.05882105976343155,0.007113119121640921,0.14205734431743622,-0.3910413086414337,0.5017602443695068,-0.0987573191523552,-0.059620730578899384,-0.08681617677211761,0.18758921325206757,-0.426919549703598,0.20226791501045227,0.47437846660614014,-0.324017733335495,0.19647711515426636,0.037296973168849945,0.11331412196159363,0.05175475776195526,-7.111103172974254e-07,-0.05819893255829811,-0.00039230313268490136,-2.785240440061898e-06,-8.10908261428267e-07,-2.030473478953354e-05,-0.000461973890196532,0.16969707608222961,-0.08760964870452881,-0.14141832292079926,-0.008973255753517151,-0.014714864082634449,-0.17649832367897034,-0.15750564634799957,-0.11519381403923035,-0.1726052165031433
754,-0.0008621261804364622,-0.004720462020486593,-0.008355224505066872,-0.008897236548364162,-0.010800506919622421,-0.008997911587357521,-0.005646408535540104,-0.0011445083655416965,0.007247761357575655,0.024702195078134537,0.032721444964408875,0.0397198460996151,0.04718581214547157,0.04806840419769287,0.029131142422556877,0.009161020629107952,-0.002715633250772953,-0.0019708843901753426,0.006380183156579733,0.016597837209701538,0.0316695012152195,0.04183037951588631,0.01604267954826355,-0.0008388268761336803,-0.014363604597747326,-0.0069975703954696655,0.011618966236710548,0.04176643118262291,0.10967200249433517,0.18250592052936554,0.3568953275680542,0.2767214775085449,0.1492961049079895,0.07746796309947968,0.05560167506337166,0.09170375019311905,0.18740490078926086,0.23403765261173248,0.27517709136009216,0.20497290790081024,0.16451893746852875,0.10020178556442261,0.017208905890583992,-0.038405563682317734,-0.10430105030536652,-0.05406004562973976,-0.00912577286362648,0.03542265295982361,0.06220356747508049,0.03580664098262787,0.027105873450636864,-0.004349189344793558,-0.008273343555629253,0.006493392400443554,0.03234955295920372,0.02426879294216633,0.027007663622498512,0.006458409130573273,0.0003061584138777107,0.022074179723858833,0.03522339463233948,0.0938536524772644,0.16332125663757324,0.02457277849316597,0.030743848532438278,0.017681848257780075,0.003562322584912181,-0.009526966139674187,-0.07254654169082642,-0.003948197700083256,-0.0052146450616419315,0.027429085224866867,0.027643201872706413,0.10870426893234253,0.018405605107545853,0.00023398349003400654,0.020051058381795883,-0.05919947475194931,-0.024300679564476013,0.0064720092341303825,-0.00400612223893404,0.16686756908893585,-0.04720824584364891,-0.004886576905846596,-0.07654555141925812,0.23196819424629211,-0.10084239393472672,0.11239440739154816,-0.17205506563186646,0.3925859332084656,0.0863928496837616,-0.09567496180534363,-0.19975845515727997,0.04873578995466232,0.006895906757563353,-0.027656950056552887,-0.0049563003703951836,-0.49335524439811707,0.017756730318069458,-0.2423817217350006,0.9482641816139221,-0.47039076685905457,-0.1431262046098709,0.04279939457774162,-0.06376693397760391,-0.27809685468673706,0.4570468068122864,-0.3335138261318207,0.24230213463306427,-0.49139443039894104,0.8012534976005554,-0.42605507373809814,0.10534452646970749,0.15697155892848969,-0.05701904743909836,-0.4174306094646454,0.7825905680656433,-1.1557787656784058,0.8849613666534424,-0.2080005705356598,-0.09620749950408936,-0.5284770727157593,0.27108752727508545,0.544611930847168,0.503905713558197,-0.06285583972930908,-0.263958603143692,0.46942880749702454,-0.26338258385658264,-0.053335659205913544,0.04116399958729744,0.02038579434156418,-0.4912306070327759,0.9286739826202393,-0.045509520918130875,-0.9341353178024292,0.9785695672035217,-0.4784563481807709,-0.14271900057792664,0.4081026017665863,-0.2352692037820816,2.2326388204874092e-07,-0.03076787292957306,-0.00022441972396336496,-2.2750136849936098e-06,6.607589284612914e-07,-2.1834719518665224e-05,-0.0004567237920127809,-4.880276203155518,0.28597867488861084,0.0436432920396328,-0.005547204986214638,0.00016006278747227043,0.027854742482304573,0.03481198102235794,0.053061626851558685,0.038693882524967194
755,0.0016130863223224878,0.005923281889408827,0.007490443531423807,0.0025486263912171125,-0.005086617078632116,-0.009411045350134373,-0.009225735440850258,-0.009399749338626862,-0.008611960336565971,-0.009499394334852695,-0.007640231400728226,-0.006532160099595785,-0.008493047207593918,-0.011707683093845844,-0.014171719551086426,-0.017324019223451614,-0.018993372097611427,-0.017361314967274666,-0.02420744299888611,-0.02870960533618927,-0.03704555332660675,-0.048456672579050064,-0.033568792045116425,-0.03244011849164963,-0.026322247460484505,-0.005891722626984119,0.008793734014034271,0.014057666063308716,0.02080204337835312,0.01381762232631445,-0.005255601368844509,-0.03361435979604721,-0.045528654009103775,-0.05289941653609276,-0.06168438866734505,-0.09073981642723083,-0.11269701272249222,-0.09735191613435745,-0.08199036866426468,-0.060325559228658676,-0.06508217006921768,-0.0734676793217659,-0.07392890751361847,-0.06781045347452164,-0.1346360445022583,-0.10059138387441635,-0.10117724537849426,-0.07910667359828949,-0.07679865509271622,-0.05974098667502403,-0.08789625763893127,-0.06028426066040993,-0.050846781581640244,-0.0447748638689518,-0.060279812663793564,-0.030048713088035583,-0.05489477887749672,-0.042738962918519974,-0.05243922024965286,-0.0776161402463913,-0.0269399955868721,-0.04200674965977669,-0.06045868247747421,-0.003830875037238002,-0.02248607762157917,-0.039571430534124374,0.02953675203025341,-0.009679669514298439,-0.08576947450637817,0.0134672150015831,0.004678764380514622,-0.016574975103139877,-0.03802930563688278,-0.17910414934158325,-0.027578404173254967,-0.013843053951859474,0.07690124213695526,-0.027962245047092438,-0.0053124683909118176,0.0021693133749067783,-0.028295226395130157,0.027506671845912933,-0.020924726501107216,0.008048970252275467,0.015627777203917503,-0.08845718204975128,0.03241182118654251,-0.05202935263514519,0.12484077364206314,-0.12264735251665115,0.025198394432663918,0.04526409134268761,0.13851438462734222,-0.07628470659255981,-0.0759052112698555,0.09234345704317093,-0.0595209114253521,0.30013447999954224,0.014289266429841518,0.044215090572834015,-0.26787522435188293,0.14025358855724335,0.06524968147277832,-0.10767987370491028,-0.038557521998882294,0.34036386013031006,-0.20260153710842133,0.11116841435432434,-0.14539198577404022,0.3357708156108856,-0.31235140562057495,0.21051906049251556,-0.21484814584255219,-0.006008116994053125,0.09126312285661697,0.11015913635492325,-0.19651377201080322,0.3483646512031555,-0.35771241784095764,0.10255864262580872,0.03017500787973404,0.31087028980255127,-0.032256677746772766,-0.22599731385707855,-0.11980272084474564,0.053460925817489624,0.20791840553283691,-0.342671275138855,0.5296903848648071,-0.06466958671808243,-0.094158835709095,0.026878701522946358,0.2306067943572998,-0.303533673286438,0.12096881121397018,0.3958369195461273,-0.4239991009235382,0.18087215721607208,0.15781399607658386,-0.03862243518233299,0.07085713744163513,-1.004965838546923e-06,0.011790218763053417,0.00022261659614741802,2.0847953692282317e-06,6.694960461572919e-07,-2.9307115255505778e-05,0.00027977192075923085,2.510913610458374,-0.3430054783821106,-0.027053676545619965,0.01584744267165661,-0.03152430057525635,0.02930334396660328,-0.007563993334770203,-0.05022996664047241,-0.00507141649723053
756,-0.0013432343257591128,-0.005886070430278778,-0.012209436856210232,-0.016752658411860466,-0.01890007220208645,-0.01567382924258709,-0.01108533889055252,-0.00990177784115076,-0.00865490734577179,-0.00936603918671608,-0.007188714575022459,-0.005260217934846878,-0.004183578304946423,0.0002680127799976617,0.011707302182912827,0.025581741705536842,0.03291217237710953,0.024219075217843056,0.01920771412551403,0.005578726064413786,-0.013078688643872738,-0.03323867544531822,-0.030423369258642197,-0.03532259166240692,-0.03917202726006508,-0.02213122509419918,-0.030801793560385704,-0.0212196446955204,-0.02471642754971981,-0.029415100812911987,-0.05698109418153763,-0.05613171309232712,-0.05350805073976517,-0.05623852089047432,-0.06593886762857437,-0.10291509330272675,-0.1455259770154953,-0.14917051792144775,-0.1416591852903366,-0.10090256482362747,-0.10207516700029373,-0.11183348298072815,-0.11678463220596313,-0.10607229173183441,-0.19967120885849,-0.13097113370895386,-0.11650559306144714,-0.0852309986948967,-0.07828497886657715,-0.05934774875640869,-0.08751219511032104,-0.05967310070991516,-0.04755343124270439,-0.03682934120297432,-0.038175102323293686,-0.013503438793122768,-0.01279436331242323,-0.012990106828510761,-0.024724949151277542,-0.05397813394665718,-0.025584155693650246,-0.04720020666718483,-0.0765824243426323,-0.0012168361572548747,-0.03670801967382431,-0.07038592547178268,0.036168549209833145,-0.013474506326019764,-0.09508781135082245,0.019754132255911827,0.0003404589951969683,-0.019286595284938812,-0.0353122316300869,-0.13092094659805298,-0.012219785712659359,-0.009575671516358852,0.04331342503428459,-0.02397170662879944,-0.004879363346844912,0.0031501001212745905,-0.02869061753153801,0.02631348744034767,-0.03104468062520027,-0.007256940007209778,0.00431395648047328,-0.08211594820022583,0.034555014222860336,-0.05164486914873123,0.12549331784248352,-0.12508970499038696,0.03500443324446678,0.05396324023604393,0.16327935457229614,-0.08441974967718124,-0.08810948580503464,0.10468529909849167,-0.07613079249858856,0.3386995494365692,0.007306200917810202,0.033313944935798645,-0.2846873998641968,0.1401151418685913,0.05747327208518982,-0.1146121546626091,-0.037714745849370956,0.37737220525741577,-0.2102571427822113,0.13125169277191162,-0.14915382862091064,0.3209150731563568,-0.367643803358078,0.19351164996623993,-0.23584313690662384,-0.014701387844979763,0.07482974976301193,0.10245624929666519,-0.2163623422384262,0.45028939843177795,-0.4187013804912567,0.07804115861654282,0.009127090685069561,0.2777102589607239,-0.039692748337984085,-0.21188411116600037,-0.11267263442277908,0.04530343413352966,0.20594422519207,-0.32838308811187744,0.5099695324897766,-0.06509256362915039,-0.07888220995664597,0.025271892547607422,0.2276468425989151,-0.2677052915096283,0.14553560316562653,0.42755767703056335,-0.458579421043396,0.21309229731559753,0.09875858575105667,-0.02195592224597931,0.06428954005241394,2.2678851507862419e-07,0.05538223683834076,0.0006160607445053756,6.148343345557805e-06,-8.016843366931425e-07,1.1982670912402682e-05,0.0012065171031281352,2.7150650024414062,-0.38963544368743896,-0.006575908977538347,0.019554710015654564,0.013773087412118912,0.03211281821131706,0.009325459599494934,-0.050433266907930374,0.06342650204896927
757,-0.0008976514800451696,-0.004857414867728949,-0.007511205971240997,-0.005026848521083593,0.0010846471413969994,0.01142390538007021,0.017574293538928032,0.022755509242415428,0.02468738704919815,0.029957037419080734,0.019550420343875885,0.01447394210845232,0.011238206177949905,0.0053528291173279285,-0.0034796101972460747,-0.012285260483622551,-0.016790181398391724,-0.016928883269429207,-0.021475084125995636,-0.01888279989361763,-0.011019409634172916,0.016126563772559166,0.03691598027944565,0.0584435909986496,0.06298557668924332,0.028061388060450554,0.029810665175318718,0.015930168330669403,0.016481634229421616,0.0169117022305727,0.031228389590978622,0.023882389068603516,0.014485928229987621,0.00792913418263197,0.005634572356939316,0.0031562759540975094,0.006620327476412058,0.004346197936683893,-0.002365575637668371,-0.011034256778657436,-0.01965303160250187,-0.029888415709137917,-0.03796764463186264,-0.04428678750991821,-0.08693060278892517,-0.0542692169547081,-0.040694668889045715,-0.02028534933924675,-0.011670421808958054,-0.0005888892919756472,0.015097841620445251,0.025499414652585983,0.04252035170793533,0.05489223450422287,0.09556952863931656,0.046790722757577896,0.07797908037900925,0.04681369662284851,0.044776901602745056,0.051452524960041046,0.012242922559380531,0.022138405591249466,0.020762460306286812,-0.012596222572028637,-0.009746785275638103,-0.014861619099974632,0.006173636764287949,-0.0126121761277318,-0.03538323938846588,-0.014428853057324886,-0.009396524168550968,-0.0068505313247442245,-0.0014426300767809153,-0.005959394387900829,0.006447271443903446,-0.0036484883166849613,-0.009105543605983257,0.013104893267154694,0.04083765298128128,-0.01493173185735941,-0.034094493836164474,0.04328969493508339,-0.02392580173909664,-0.044932637363672256,-0.06685742735862732,0.03208708018064499,-0.03982958942651749,0.01039702445268631,-0.060680095106363297,-0.04403907060623169,-0.026104401797056198,0.016955727711319923,-0.012883293442428112,-0.03422674164175987,-0.019953906536102295,-0.026348739862442017,-0.04264715686440468,-0.07011006027460098,-0.06911244243383408,-0.06957855820655823,0.013688497245311737,-0.052178338170051575,-0.08304254710674286,-0.04531697928905487,-0.016692960634827614,-0.048233017325401306,-0.032017625868320465,-0.05413974076509476,-0.0892539694905281,0.08071873337030411,-0.025334855541586876,0.1311071813106537,-0.07316149026155472,0.003821750171482563,-0.07211080193519592,-0.06760992854833603,0.04112376272678375,-0.23202185332775116,0.08995731174945831,-0.009458674117922783,0.036736976355314255,-0.1607631891965866,-0.04607461392879486,0.04831932112574577,0.12973280251026154,-0.01006079837679863,0.10371749848127365,0.07133077085018158,-0.04061763733625412,-0.0653407871723175,0.1164955422282219,0.03342272341251373,0.10943824052810669,0.24969607591629028,0.055581361055374146,-0.25806042551994324,0.17716804146766663,-0.17816685140132904,0.1218920573592186,0.005918396636843681,0.03678712993860245,3.431107487017471e-08,-0.031678810715675354,-0.0002458206727169454,-2.842869662345038e-06,3.260250593939418e-07,-1.3881829545425717e-05,-0.00034971351851709187,0.20106247067451477,0.1124044880270958,0.03537020832300186,0.0009234314202331007,-0.015083933249115944,0.035772133618593216,0.032218728214502335,0.04200499504804611,0.04777016490697861
758,-0.0012864450691267848,-0.005701949819922447,-0.011847647838294506,-0.016570212319493294,-0.018640346825122833,-0.015484976582229137,-0.010926754213869572,-0.009847629815340042,-0.008541029877960682,-0.009298053570091724,-0.007464913185685873,-0.006350087001919746,-0.00823423732072115,-0.01124628633260727,-0.013151431456208229,-0.013998047448694706,-0.010083499364554882,-0.001206896617077291,0.01100083440542221,0.027696900069713593,0.037383612245321274,0.039814382791519165,0.009795557707548141,-0.01081690564751625,-0.027963200584053993,-0.019668931141495705,-0.02901964820921421,-0.019744014367461205,-0.02113008312880993,-0.020440204069018364,-0.027557697147130966,-0.01984398253262043,-0.01854671910405159,-0.027258262038230896,-0.04503661394119263,-0.08585688471794128,-0.13379399478435516,-0.14416445791721344,-0.13789112865924835,-0.09885679930448532,-0.09930912405252457,-0.109608493745327,-0.11332006007432938,-0.10205357521772385,-0.19547320902347565,-0.1271185427904129,-0.11372140794992447,-0.0831366702914238,-0.07573482394218445,-0.058603011071681976,-0.08438413590192795,-0.056723374873399734,-0.04387044161558151,-0.03066924586892128,-0.027445094659924507,-0.009029338136315346,-0.010284340009093285,-0.015137597918510437,-0.030633315443992615,-0.06069912388920784,-0.024255134165287018,-0.04717987775802612,-0.07276499271392822,0.0006743054836988449,-0.03172127902507782,-0.06663056463003159,0.04297785088419914,-0.007486090064048767,-0.08904606848955154,0.02762777730822563,0.0030250370036810637,-0.019453058019280434,-0.04692072048783302,-0.18419113755226135,-0.029174646362662315,-0.013477661646902561,0.0759008601307869,-0.020353512838482857,-0.010389313101768494,-0.03526601567864418,-0.06960614770650864,0.015097556635737419,-0.03195080906152725,0.004964939318597317,0.02048356644809246,-0.09367797523736954,0.03792409226298332,-0.055445704609155655,0.13642527163028717,-0.12243431061506271,0.029886377975344658,0.041831471025943756,0.11911433935165405,-0.07052525877952576,-0.0650058165192604,0.1003929153084755,-0.06247171759605408,0.327944278717041,0.02424321323633194,0.03027268871665001,-0.27846553921699524,0.1349002867937088,0.0603419654071331,-0.1082247793674469,-0.030435239896178246,0.3317864239215851,-0.19994431734085083,0.12677954137325287,-0.15838932991027832,0.31125855445861816,-0.3641534447669983,0.20203149318695068,-0.25718575716018677,-0.005573714151978493,0.0851881131529808,0.10388457030057907,-0.18275775015354156,0.3926877975463867,-0.3760254383087158,0.09487409144639969,-0.0013109819265082479,0.27849671244621277,-0.03236230090260506,-0.1931522935628891,-0.10426891595125198,0.04781251773238182,0.2096908986568451,-0.3160431981086731,0.5306710600852966,-0.054688312113285065,-0.1295289397239685,0.008028803393244743,0.21910741925239563,-0.3461790084838867,0.14525505900382996,0.4436809718608856,-0.4470590054988861,0.1950284093618393,0.1178051084280014,-0.019334916025400162,0.07118185609579086,5.06969172420213e-06,0.004031142685562372,0.0017355227610096335,1.2647213907257537e-06,4.5809365474269725e-06,0.00020960303663741797,0.0033226152881979942,2.2612998485565186,-0.5219148993492126,-0.10029426962137222,0.019142236560583115,0.02729552425444126,-0.023835990577936172,-0.10793602466583252,-0.16448438167572021,-0.037525564432144165
759,-0.001365875592455268,-0.0058609009720385075,-0.01182566862553358,-0.015682024881243706,-0.018196936696767807,-0.014606584794819355,-0.007921387441456318,-0.000976617680862546,0.010075325146317482,0.025347450748085976,0.029833462089300156,0.023895198479294777,0.02220783196389675,0.015398047864437103,0.009564953856170177,0.009881652891635895,0.012383060529828072,0.0085567282512784,0.007581774611026049,0.010341509245336056,0.02343667857348919,0.0579652301967144,0.06199457868933678,0.07003647834062576,0.05002123862504959,0.011325886473059654,-0.0001480672653997317,-0.004887091461569071,-0.003457245184108615,-0.0022132317535579205,-0.00892514456063509,-0.020928572863340378,-0.026266712695360184,-0.025674929842352867,-0.020674144849181175,-0.018005797639489174,-0.024194924160838127,-0.043370213359594345,-0.06614667177200317,-0.05516493692994118,-0.04379155859351158,-0.0252189040184021,-0.002499791095033288,0.0010560256196185946,0.005585867445915937,0.0032541989348828793,0.028412537649273872,0.04578440636396408,0.05863269045948982,0.050393760204315186,0.06277851015329361,0.02174585685133934,0.004720737691968679,0.009242611937224865,0.0253799669444561,0.008804753422737122,0.021349431946873665,0.0012613973813131452,0.0009426727774553001,0.01651543751358986,-0.012418294325470924,0.011740442365407944,0.027481600642204285,-0.02129690907895565,-0.008435854688286781,-0.009038071148097515,0.002126067178323865,-0.00966319814324379,-0.042778581380844116,-0.003917179070413113,-0.009094804525375366,-0.014059298671782017,0.003654683008790016,0.04342643544077873,0.004709921311587095,-0.0228970218449831,-0.05588873103260994,-0.007326571736484766,0.03295111656188965,-0.08316261321306229,-0.08279737085103989,0.018523281440138817,-0.06564570218324661,-0.11084788292646408,-0.11018804460763931,0.03092765621840954,-0.06911522150039673,-0.00297760427929461,-0.04177143797278404,-0.08338231593370438,-0.01619585230946541,-0.0025035273283720016,-0.05111180245876312,-0.06046983227133751,0.002537839114665985,-0.04633532091975212,0.01925050839781761,-0.22042757272720337,-0.18610946834087372,-0.06367390602827072,-0.013017145916819572,0.06809856742620468,0.029415864497423172,-0.08165764808654785,-0.005627583712339401,0.3488066494464874,-0.1930234134197235,0.1250283271074295,-0.04936512932181358,0.39929747581481934,-0.3907625377178192,0.18710967898368835,-0.2644299864768982,0.03354158625006676,0.25128456950187683,0.12632517516613007,-0.13207851350307465,0.5577985644340515,-0.42466455698013306,0.09734228253364563,0.002657161792740226,0.19163303077220917,0.055014606565237045,-0.21275800466537476,-0.06515902280807495,-0.016306959092617035,0.13448883593082428,-0.39696750044822693,0.5200369954109192,-0.10339294373989105,-0.0742192491889,-0.10291986912488937,0.19220958650112152,-0.4519301652908325,0.21227005124092102,0.47338515520095825,-0.3510464131832123,0.23114898800849915,0.04806690663099289,0.09821116924285889,0.05284329876303673,-7.37049219878827e-07,-0.054292384535074234,-0.0003483819600660354,-2.2542324131791247e-06,-6.889436008350458e-07,-2.4420409317826852e-05,-0.0005167414201423526,0.5368727445602417,-0.126390278339386,-0.137429878115654,-0.007662590127438307,-0.0019085586536675692,-0.18286310136318207,-0.15497855842113495,-0.1069757267832756,-0.15674817562103271
760,-0.0012679318897426128,-0.005756238475441933,-0.011746790260076523,-0.016457777470350266,-0.01778034307062626,-0.01310514472424984,-0.005775982514023781,0.0009711378370411694,0.008118159137666225,0.013480937108397484,0.010656528174877167,0.004925901535898447,-1.9709410480572842e-05,-0.006820671260356903,-0.012033618986606598,-0.01646781899034977,-0.01867268607020378,-0.0173592958599329,-0.023891286924481392,-0.028490515425801277,-0.035243287682533264,-0.04389086738228798,-0.02582879550755024,-0.017296819016337395,-0.008069024421274662,-0.0009312445763498545,-0.002802582923322916,-0.0073698521591722965,-0.01509476825594902,-0.024397531524300575,-0.05363846570253372,-0.055183347314596176,-0.05289788171648979,-0.055947259068489075,-0.06528246402740479,-0.10215946286916733,-0.14388619363307953,-0.14810538291931152,-0.1414804756641388,-0.09961553663015366,-0.10108184069395065,-0.1107107549905777,-0.11442625522613525,-0.10358735173940659,-0.19720503687858582,-0.12931828200817108,-0.11482010036706924,-0.082970030605793,-0.07285640388727188,-0.04854384809732437,-0.06099098175764084,-0.033978186547756195,-0.02727915160357952,-0.0255892314016819,-0.041952941566705704,-0.024546600878238678,-0.04204332083463669,-0.03271199017763138,-0.03732813149690628,-0.054698191583156586,-0.021922528743743896,-0.042350754141807556,-0.0720309242606163,0.0004698025295510888,-0.035445503890514374,-0.06732922792434692,0.03756269812583923,-0.00848873145878315,-0.09601583331823349,0.015503821894526482,-0.002604179549962282,-0.02276529371738434,-0.04179065674543381,-0.1610979288816452,-0.016203224658966064,-0.00944045465439558,0.054271988570690155,-0.022405315190553665,-0.006221262272447348,0.005464821122586727,-0.019057156518101692,0.03145594149827957,-0.01459156908094883,0.01567128300666809,0.021621007472276688,-0.08616995066404343,0.03594755381345749,-0.05184970423579216,0.12321343272924423,-0.13590317964553833,0.03054395690560341,0.04954219609498978,0.14569483697414398,-0.08179726451635361,-0.08057420700788498,0.09450212866067886,-0.07167191058397293,0.3201045095920563,0.009599005803465843,0.024896403774619102,-0.2724485695362091,0.1367851048707962,0.05778820067644119,-0.10635429620742798,-0.026813549920916557,0.36388832330703735,-0.19581134617328644,0.13551469147205353,-0.12862463295459747,0.3136729598045349,-0.34296613931655884,0.21138697862625122,-0.283762663602829,-0.021018678322434425,0.06373417377471924,0.12288432568311691,-0.2152467668056488,0.45110219717025757,-0.4093153774738312,0.0921703353524208,0.005192857701331377,0.2640046179294586,-0.03843730688095093,-0.16086608171463013,-0.062267083674669266,0.032238394021987915,0.20151053369045258,-0.32940974831581116,0.5406954288482666,-0.06178606301546097,-0.12409980595111847,0.005962042137980461,0.24640345573425293,-0.34888920187950134,0.14922821521759033,0.4342038035392761,-0.4189131259918213,0.19154661893844604,0.1464705914258957,-0.017065763473510742,0.06775819510221481,-7.342588332903688e-07,0.013023202307522297,0.0002950899943243712,1.5404954183395603e-06,9.185121712107502e-07,-4.863241883867886e-06,0.0005955362576059997,2.6422228813171387,-0.4282974898815155,-0.024181876331567764,0.01705211214721203,-0.0061498344875872135,0.033319491893053055,-0.0034922424238175154,-0.054939355701208115,0.010679236613214016
761,0.0006349582108668983,0.005115739535540342,0.015916476026177406,0.024203449487686157,0.033134784549474716,0.025319306179881096,0.015758953988552094,0.010500669479370117,0.005447335075587034,-1.2277738278498873e-05,-0.0023663502652198076,-0.0031815620604902506,-0.004731983877718449,-0.006760851945728064,-0.008835699409246445,-0.010644694790244102,-0.011929108761250973,-0.010025999508798122,-0.014186671935021877,-0.01880863681435585,-0.02564367651939392,-0.03286170959472656,-0.021647581830620766,-0.025693731382489204,-0.026377679780125618,-0.014012332074344158,-0.018812472000718117,-0.011589008383452892,-0.01582488976418972,-0.016296178102493286,-0.02542002685368061,-0.014584040269255638,-0.00020750077965203673,0.018488040193915367,0.04361507296562195,0.0935211256146431,0.14456157386302948,0.12961196899414062,0.062179528176784515,0.005123082082718611,-0.018083984032273293,-0.03251003473997116,-0.04007091373205185,-0.04364350810647011,-0.05476684868335724,-0.01217783335596323,0.018681330606341362,0.033288899809122086,0.04728959873318672,0.03244387358427048,0.029026564210653305,0.011061771772801876,-0.00260974932461977,-0.009186328388750553,-0.02483244426548481,-0.016520192846655846,-0.03272273764014244,-0.020455874502658844,-0.03612957522273064,-0.04296265169978142,-0.02090412937104702,-0.031785450875759125,-0.04971945285797119,-0.011048239655792713,-0.0114452438428998,-0.030356282368302345,0.010116728022694588,0.013263149186968803,0.17678092420101166,-0.22683508694171906,-0.03912757709622383,-0.04728413373231888,0.14230261743068695,0.6743491291999817,-0.07316254079341888,-0.021369127556681633,-0.026948165148496628,-0.024797091260552406,0.005120762623846531,0.029280997812747955,0.3740726709365845,-0.10820600390434265,0.14658814668655396,0.13791634142398834,0.12383893132209778,-0.07294008880853653,0.08187968283891678,-0.04280683398246765,0.12051098793745041,-0.030559685081243515,0.02553149312734604,0.03327417001128197,0.11474941670894623,0.003785099368542433,-0.05334716662764549,0.07525813579559326,-0.013386291451752186,0.14636671543121338,0.056162334978580475,-0.01005259994417429,-0.10573095828294754,0.06359051167964935,0.012633456848561764,-0.05623727664351463,-0.0013358365977182984,-0.08315808326005936,0.09800569713115692,-0.13330785930156708,0.4966062903404236,-0.9417006969451904,0.4260930120944977,-0.5722737908363342,0.2690335214138031,-0.10122498869895935,-0.09848345816135406,-0.37308087944984436,0.02323911152780056,-0.5973014831542969,0.2112365961074829,-0.009463056921958923,0.1486903727054596,0.43008652329444885,-0.2597569525241852,-0.4915550947189331,-0.9400778412818909,0.411140501499176,0.1358599215745926,-0.7674649953842163,0.7447773814201355,-0.1221308782696724,-0.2694878876209259,0.15603171288967133,0.07545708864927292,-0.09486286342144012,0.06738214194774628,0.25662732124328613,-0.28850024938583374,0.040455784648656845,0.10042257606983185,-0.05698983371257782,0.0402740053832531,-3.5867643077835965e-07,0.009523345157504082,-0.0003209517162758857,3.160738231144933e-07,-8.815382557258999e-07,-2.2804588297731243e-05,-0.00047935170005075634,-0.2853744626045227,0.20704276859760284,0.014804860576987267,-0.008710761554539204,-0.017066530883312225,0.029360733926296234,0.006193905137479305,0.06246614456176758,-0.011946112848818302
762,-0.0012007153127342463,-0.005941776558756828,-0.01177334412932396,-0.015934454277157784,-0.01668114960193634,-0.0104203587397933,-0.0016565924743190408,0.0062498971819877625,0.011659378185868263,0.013687705621123314,0.007179119624197483,0.0012940907618030906,-0.003764135530218482,-0.009606696665287018,-0.0136590376496315,-0.017546070739626884,-0.019184747710824013,-0.017872005701065063,-0.024257346987724304,-0.028776178136467934,-0.03731665015220642,-0.04927343130111694,-0.0337713249027729,-0.033385924994945526,-0.029668767005205154,-0.011225095018744469,-0.006722589489072561,-0.0017265485366806388,-0.0022623916156589985,-0.010515004396438599,-0.03506261855363846,-0.043307848274707794,-0.039545688778162,-0.035258516669273376,-0.03410341963171959,-0.04449881985783577,-0.053599998354911804,-0.039643604308366776,-0.02335100993514061,-0.018883831799030304,-0.031551431864500046,-0.06017773598432541,-0.08605232834815979,-0.09097474068403244,-0.16962425410747528,-0.0986492782831192,-0.07775919139385223,-0.05103816092014313,-0.05021185800433159,-0.04444499313831329,-0.07693739980459213,-0.057026199996471405,-0.050455231219530106,-0.0401848629117012,-0.04674302414059639,-0.017735270783305168,-0.017029743641614914,-0.00915608648210764,-0.011295966804027557,-0.015907390043139458,-0.009177427738904953,-0.016543935984373093,-0.031600289046764374,-0.00616658478975296,-0.019919946789741516,-0.03199377655982971,0.03150050342082977,-0.0039060390554368496,-0.09482398629188538,0.021298551931977272,0.008308786898851395,-0.024036968126893044,-0.038053445518016815,-0.15252795815467834,-0.01846902444958687,-0.004997704643756151,0.05705558508634567,-0.02724219486117363,-0.010022605769336224,0.007186450995504856,-0.024257300421595573,0.03004678711295128,-0.02957066148519516,-0.007314060349017382,-0.01373984944075346,-0.06016089394688606,0.018419215455651283,-0.032730989158153534,0.04362906888127327,-0.11694548279047012,0.009478016756474972,0.04043427109718323,0.11714665591716766,-0.07695639133453369,-0.060130536556243896,0.08939725905656815,-0.04548186808824539,0.26441970467567444,0.009120992384850979,0.0283115915954113,-0.24794533848762512,0.14475375413894653,0.08054014295339584,-0.09297433495521545,-0.006172876339405775,0.31989768147468567,-0.22724220156669617,0.08622114360332489,-0.12361270934343338,0.2676917314529419,-0.23871660232543945,0.23610295355319977,-0.1439344584941864,0.01068755704909563,0.0645272359251976,0.09230615198612213,-0.19682492315769196,0.3307647407054901,-0.34807243943214417,0.10343119502067566,0.02073376066982746,0.21369458734989166,-0.06138531491160393,-0.12609054148197174,-0.028834816068410873,-0.011910023167729378,0.18129006028175354,-0.32220178842544556,0.5529853701591492,-0.06254030764102936,-0.14978738129138947,-0.008018303662538528,0.21116578578948975,-0.3089005649089813,0.12201274931430817,0.24657627940177917,-0.3803117275238037,0.08943124860525131,0.18599624931812286,-0.058594975620508194,0.06692519038915634,-8.222954761549772e-07,-0.014537489973008633,-0.0002459968382027,-8.440024430456106e-07,-1.0475241651874967e-06,-2.0864095858996734e-05,-0.0001762906467774883,1.7256157398223877,-0.1694713532924652,0.0198427215218544,0.006071301177144051,-0.008623684756457806,0.036555543541908264,0.008237922564148903,0.02342386171221733,0.04960726201534271
763,0.003995966631919146,0.022132299840450287,0.03940393030643463,0.027000488713383675,0.023776521906256676,0.012012632563710213,0.003806039225310087,0.000947972759604454,0.0016589992446824908,0.005389317870140076,0.006994021590799093,0.00788914505392313,0.00843188725411892,0.007831988856196404,0.0030452387873083353,-0.002754037966951728,-0.006556099280714989,-0.007974100299179554,-0.010880661197006702,-0.008719241246581078,-0.004484990611672401,0.024451708421111107,0.05932587385177612,0.14551854133605957,0.2524515688419342,0.1785278469324112,0.26036766171455383,0.17579244077205658,0.1521606147289276,0.09715479612350464,0.0934717059135437,0.02536017820239067,-0.005081473849713802,-0.01787646859884262,-0.026802580803632736,-0.04127367213368416,-0.05581343173980713,-0.04550813138484955,-0.02745704911649227,0.008038877509534359,0.07630917429924011,0.17830286920070648,0.2840029001235962,0.33562687039375305,0.5746313333511353,0.3043889105319977,0.18953613936901093,0.08699998259544373,0.05419367924332619,0.02613908424973488,0.06210130453109741,0.07560461759567261,0.10079877078533173,0.10307420045137405,0.12513864040374756,0.047437459230422974,0.026188552379608154,0.002272971672937274,-0.004464155528694391,0.004996621515601873,0.016106318682432175,0.03648873791098595,0.12422581017017365,0.0562623105943203,0.194218248128891,0.4418487548828125,-0.32824501395225525,0.37135088443756104,0.909209668636322,0.28674453496932983,0.3580174446105957,0.2785907983779907,0.13899287581443787,0.24828453361988068,0.12970338761806488,0.22001364827156067,-0.06179048493504524,0.27604445815086365,0.14867544174194336,0.00812895130366087,-0.02246076799929142,0.014040974900126457,-0.006441684905439615,-0.07128933817148209,-0.1914319396018982,0.39653709530830383,-0.09660523384809494,0.1912260353565216,-0.4030150771141052,0.44926217198371887,-0.3167477250099182,0.27752065658569336,-0.6168790459632874,1.6250711679458618,1.2809395790100098,-0.6434662342071533,0.6017855405807495,-0.34734296798706055,0.08324763923883438,-0.0022766711190342903,0.06799354404211044,-0.06761092692613602,-0.03526528924703598,0.13068826496601105,-0.10264357924461365,-0.7982923984527588,2.077895164489746,0.5236258506774902,1.6678102016448975,-1.9751237630844116,3.160127878189087,-1.2489854097366333,0.5857352018356323,-0.04634109139442444,0.13817322254180908,-0.25432518124580383,0.831791341304779,-0.8872696757316589,1.374449610710144,-0.32656019926071167,0.1707935631275177,-0.287026584148407,-0.0488220676779747,0.04501472786068916,0.17763842642307281,-0.13267403841018677,-0.6857165098190308,1.703319787979126,-3.0326175689697266,0.8753412961959839,1.1321110725402832,-0.6643365025520325,-5.159209251403809,4.026965141296387,-1.5764029026031494,-4.04002571105957,5.962400436401367,-1.8084232807159424,-1.896461844444275,0.3693296015262604,0.1311170905828476,9.539746770315105e-08,-0.008993414230644703,-0.00011054542846977711,-1.209351694342331e-06,2.601099993171374e-07,-1.1293902389297727e-05,-0.00020934271742589772,-8.989083290100098,0.24157485365867615,0.027843918651342392,-0.003724838374182582,-0.010768315754830837,0.012293526902794838,0.0277852900326252,0.03179837390780449,0.020911192521452904
764,-0.0010041119530797005,-0.003744566347450018,-0.004631614778190851,-7.642899436177686e-05,0.008107785135507584,0.013874778524041176,0.013967584818601608,0.01737004704773426,0.023733625188469887,0.03306614235043526,0.030184119939804077,0.019066015258431435,0.01398903876543045,0.004915120080113411,-0.004331049043685198,-0.011352632194757462,-0.01260783988982439,-0.007503631059080362,-0.0052262251265347,0.0002355746692046523,0.007341776043176651,0.022036895155906677,0.030969418585300446,0.055023983120918274,0.07072177529335022,0.04092083126306534,0.04837880656123161,0.0214375127106905,0.01629226841032505,0.008679881691932678,0.0016313692322000861,-0.01270913053303957,-0.0188580509275198,-0.023136945441365242,-0.031110430136322975,-0.05414199084043503,-0.0771889016032219,-0.05125320702791214,0.006317556835711002,0.050761058926582336,0.07408418506383896,0.07253129780292511,0.0485701747238636,-0.003108081640675664,-0.05826353654265404,-0.052527450025081635,-0.041187744587659836,-0.0058473884128034115,0.026297228410840034,0.053066186606884,0.11633889377117157,0.08494589477777481,0.05513989180326462,0.05272306129336357,0.08537174761295319,0.03596000745892525,0.07378575205802917,0.022994214668869972,0.03525589033961296,0.05550168827176094,-0.01686358079314232,0.008855254389345646,0.016016313806176186,-0.01860629767179489,-0.003361773444339633,0.014029269106686115,-0.01303060632199049,-0.009777214378118515,-0.03388121351599693,-0.02755426988005638,-0.021568721160292625,-0.020282115787267685,-0.012374508194625378,-0.006695426069200039,0.003949866164475679,-0.0321972630918026,-0.08772283047437668,-0.006789824925363064,0.0361422561109066,-0.08993645757436752,-0.08297805488109589,0.020801924169063568,-0.07037226855754852,-0.20225530862808228,-0.18445727229118347,0.097462497651577,-0.11699304729700089,0.006760597229003906,-0.2065916359424591,-0.005047061946243048,-0.09915900230407715,-0.06743054836988449,-0.1409076750278473,-0.02761244960129261,0.021932756528258324,-0.061036646366119385,0.00682962778955698,-0.04725898057222366,-0.061438195407390594,-0.012444968335330486,-0.14988796412944794,0.1223655715584755,0.045530904084444046,-0.08017576485872269,-0.0004103128158021718,0.3669852912425995,-0.20830819010734558,0.1265684962272644,-0.05884011462330818,0.38350340723991394,-0.39523187279701233,0.17712759971618652,-0.25455883145332336,0.023337334394454956,0.2798343896865845,0.12428557872772217,-0.15460394322872162,0.5299818515777588,-0.4202314615249634,0.11200075596570969,0.019559981301426888,0.1843869537115097,0.038426950573921204,-0.21045342087745667,-0.05317717790603638,0.015227630734443665,0.14022938907146454,-0.38913264870643616,0.4991096556186676,-0.10321082174777985,-0.051847975701093674,-0.07388358563184738,0.20546428859233856,-0.43526411056518555,0.1958000510931015,0.47184255719184875,-0.3308309316635132,0.20533908903598785,0.04851273447275162,0.12012871354818344,0.045560408383607864,-3.584255807709269e-07,-0.04361507669091225,-0.00031116942409425974,-2.385749894528999e-06,-7.905891834525391e-07,-1.2809034160454758e-05,-0.0003363439464010298,0.2985638976097107,-0.10436659306287766,-0.14575320482254028,-0.008410387672483921,-0.019133761525154114,-0.17954470217227936,-0.15392670035362244,-0.1270419955253601,-0.1773880124092102
765,-0.0009186838869936764,-0.004325420130044222,-0.0076298038475215435,-0.008313191123306751,-0.01002355944365263,-0.007926144637167454,-0.00582268089056015,-0.004938118159770966,-0.005029680673032999,-0.005273530725389719,-0.004044876899570227,-0.003417426021769643,-0.00321876909583807,0.00018953952530864626,0.015574931167066097,0.042616765946149826,0.07632193714380264,0.08296312391757965,0.09399598091840744,0.07115060836076736,0.05741359293460846,0.03334549069404602,0.00714836223050952,0.002928969683125615,0.0021900776773691177,0.000790879363194108,-0.001577039249241352,-0.004978542681783438,-0.010631381534039974,-0.015073609538376331,-0.026668988168239594,-0.007221568841487169,0.03505093604326248,0.10205469280481339,0.2119642049074173,0.41241466999053955,0.639878511428833,0.5660282969474792,0.43426212668418884,0.2298063188791275,0.17818664014339447,0.09053761512041092,0.027219295501708984,-0.015971016138792038,-0.06437081098556519,-0.04801884666085243,-0.04805970564484596,-0.04019506648182869,-0.04607732594013214,-0.03896692767739296,-0.05766623839735985,-0.03759368881583214,-0.03799035772681236,-0.02782426029443741,-0.01479312777519226,0.01695641502737999,0.07886569947004318,0.09112866967916489,0.1506679505109787,0.21791425347328186,0.08918724209070206,0.12307688593864441,0.06583428382873535,0.008208041079342365,-0.011290892958641052,-0.03527410328388214,0.03197581693530083,-0.013838602229952812,-0.06323659420013428,0.016561061143875122,-0.02170819602906704,-0.02573568932712078,-0.007361949421465397,0.04876302555203438,0.03128696605563164,0.051887307316064835,-0.018311981111764908,0.08181413263082504,0.00657807057723403,-0.005890573374927044,-0.017100177705287933,0.007449391297996044,-0.0118571687489748,-0.00997027289122343,-0.014205340296030045,-0.03261619806289673,0.004668949171900749,-0.01731666922569275,0.015000118874013424,-0.07310476154088974,-0.1401805728673935,-0.07748047262430191,-0.8129379153251648,0.1763484925031662,0.4166923463344574,-0.6967820525169373,0.03304542228579521,-0.752115786075592,-0.15162408351898193,-0.030492469668388367,0.028421465307474136,-0.0019610098097473383,-0.014334258623421192,-0.029912399128079414,-0.006095356773585081,0.10655409842729568,-0.20584553480148315,-0.017273128032684326,0.02471902407705784,-0.15336252748966217,0.37765830755233765,-0.7590286731719971,0.5128989815711975,0.3998970091342926,-0.1990232765674591,-0.036744363605976105,1.6665209531784058,-1.0078850984573364,1.3255854845046997,-0.1780545562505722,0.047438208013772964,-0.30310118198394775,0.07960807532072067,0.013967908918857574,0.010131435468792915,0.016659580171108246,0.09187494963407516,-0.10151544958353043,0.17310896515846252,-0.043173279613256454,0.14993514120578766,0.21571160852909088,-0.43147212266921997,0.9663857817649841,0.29658693075180054,-1.9279272556304932,2.3696448802948,-0.19333681464195251,-0.292749285697937,0.43334582448005676,-0.1457708179950714,2.0995733152062712e-08,-0.020345760509371758,-0.0002296142774866894,-2.0612690150301205e-06,3.440163425239007e-07,-1.800756399461534e-05,-0.0004518480272963643,-5.842568397521973,0.2806715965270996,0.05273125693202019,-0.005855087656527758,0.011752158403396606,0.026459841057658195,0.04016741365194321,0.0636657103896141,0.049579791724681854
766,-0.0011771614663302898,-0.005388133227825165,-0.008341922424733639,-0.007065768353641033,-0.0005885896389372647,0.008149721659719944,0.010183215141296387,0.008256804198026657,0.0033129688818007708,-0.002315637655556202,-0.004764118231832981,-0.005282451398670673,-0.006315826904028654,-0.006025053560733795,4.1020237404154614e-05,0.009621396660804749,0.01701076328754425,0.015827277675271034,0.01637757569551468,0.013424973003566265,0.009512531571090221,0.0010077239712700248,-0.010667279362678528,-0.021880727261304855,-0.028714193031191826,-0.013762667775154114,-0.007470007054507732,0.0062185958959162235,0.020471544936299324,0.02434154413640499,0.025392968207597733,-0.00758349196985364,-0.028261758387088776,-0.03740016743540764,-0.04296819865703583,-0.05954895168542862,-0.08352376520633698,-0.09225081652402878,-0.10108034312725067,-0.08433888107538223,-0.09452394396066666,-0.10704073309898376,-0.11011786013841629,-0.09679096937179565,-0.1654326617717743,-0.08938437700271606,-0.06704014539718628,-0.034938614815473557,-0.017583372071385384,0.00332268257625401,0.02540845051407814,0.022756941616535187,0.01150045357644558,-0.0030366284772753716,-0.027877716347575188,-0.02427946776151657,-0.04741150513291359,-0.03753865510225296,-0.043776508420705795,-0.05542020499706268,-0.015982823446393013,-0.025436418130993843,-0.030254080891609192,-0.007946767844259739,-0.016246648505330086,-0.021284082904458046,0.014106621034443378,-0.007965615950524807,-0.07983227074146271,-0.00012022758892271668,-0.008083357475697994,-0.03324911370873451,-0.03137561306357384,-0.11015202850103378,-0.005449735559523106,-0.00806411262601614,0.017503423616290092,-0.01871255226433277,-0.0036042958963662386,-0.004780131857842207,-0.028080523014068604,0.022221626713871956,-0.03274122625589371,-0.013067799620330334,-0.015828020870685577,-0.05805667117238045,0.021253326907753944,-0.03488693758845329,0.03727106377482414,-0.10817021131515503,-0.01161661185324192,0.009406746365129948,0.03640345111489296,-0.06494610011577606,-0.047910939902067184,0.032652124762535095,-0.05006757751107216,0.08673353493213654,-0.03778048977255821,0.003609293606132269,-0.2294391393661499,0.13711333274841309,0.08224005997180939,-0.09403412789106369,0.00566731346771121,0.27466920018196106,-0.2393537312746048,0.04944911226630211,-0.12653671205043793,0.25394874811172485,-0.24957355856895447,0.23540034890174866,-0.1510811448097229,0.003659413894638419,0.04482990875840187,0.062271103262901306,-0.1750146746635437,0.19944879412651062,-0.2427813559770584,0.08133653551340103,0.05855123698711395,0.06683262437582016,-0.03966450318694115,-0.0471036359667778,0.0056327348574995995,-0.023562947288155556,0.16911235451698303,-0.26488685607910156,0.43818870186805725,-0.07373149693012238,-0.025073107331991196,-0.0016225539147853851,0.17349311709403992,-0.2495180368423462,0.1433504968881607,0.2170649617910385,-0.3349241614341736,0.0670795887708664,0.16411316394805908,-0.05943341553211212,0.06321188062429428,-3.0266340900197974e-07,-0.039599619805812836,-0.00015053624520078301,-1.3691885669686599e-06,-2.5601281095077866e-07,1.6487078937643673e-06,-0.00016599097580183297,1.0309274196624756,-0.05744105204939842,0.031110569834709167,0.004446264822036028,-0.01632443070411682,0.0338776595890522,0.03128964081406593,0.026959488168358803,0.05923445150256157
767,-0.0012573393760249019,-0.00569316977635026,-0.01181184221059084,-0.015273856930434704,-0.014115594327449799,-0.005535184405744076,0.0037517002783715725,0.010967248119413853,0.012860250659286976,0.010239141061902046,0.0027810584288090467,-0.002085130661725998,-0.006229789927601814,-0.010623430833220482,-0.013140814378857613,-0.014188931323587894,-0.010124744847416878,-0.0011707154335454106,0.01110503077507019,0.02764310874044895,0.03802065923810005,0.039971109479665756,0.009751875884830952,-0.010768096894025803,-0.028232034295797348,-0.01993866264820099,-0.02980329841375351,-0.020784001797437668,-0.024472804740071297,-0.02892548218369484,-0.05657705292105675,-0.05565837770700455,-0.05279024317860603,-0.05575454980134964,-0.06505032628774643,-0.10195790231227875,-0.14396177232265472,-0.14770512282848358,-0.13979046046733856,-0.09921475499868393,-0.10061848908662796,-0.11059354990720749,-0.11487699300050735,-0.10448563098907471,-0.1986398994922638,-0.12913481891155243,-0.11506883800029755,-0.08343934267759323,-0.07710946351289749,-0.058880988508462906,-0.08479554951190948,-0.05552292242646217,-0.04028767719864845,-0.023276345804333687,-0.010780013166368008,-0.0001927982666529715,0.009065969847142696,-0.004181962925940752,-0.02111060358583927,-0.052949316799640656,-0.02236580103635788,-0.04491535201668739,-0.07261839509010315,0.0021443264558911324,-0.028384065255522728,-0.05606929212808609,0.03627348318696022,-0.009003597311675549,-0.08156564086675644,0.020435893908143044,0.00750880828127265,-0.015856806188821793,-0.03941730782389641,-0.18254561722278595,-0.026320990175008774,-0.011097968555986881,0.07695575803518295,-0.02308928593993187,-0.011141081340610981,-0.03384033218026161,-0.06415048986673355,0.013465682975947857,-0.03587151691317558,0.00033680672640912235,0.019374383613467216,-0.09553315490484238,0.03709455952048302,-0.055343106389045715,0.1472572237253189,-0.12585580348968506,0.03880302608013153,0.055038031190633774,0.15212257206439972,-0.07300947606563568,-0.07509876787662506,0.1091427206993103,-0.06060058996081352,0.34445640444755554,0.025450285524129868,0.044210679829120636,-0.2718707323074341,0.13732191920280457,0.06476293504238129,-0.10321652889251709,-0.029514282941818237,0.3171969950199127,-0.20552018284797668,0.1199384331703186,-0.15810424089431763,0.3235519826412201,-0.3588380813598633,0.19887739419937134,-0.23460634052753448,-0.018887097015976906,0.0891457349061966,0.09769853949546814,-0.18838746845722198,0.3725903034210205,-0.36817967891693115,0.0997035875916481,0.015708865597844124,0.28178906440734863,-0.03835644945502281,-0.19515037536621094,-0.10561693459749222,0.044360749423503876,0.20941586792469025,-0.3308497965335846,0.5324640274047852,-0.058554768562316895,-0.13142505288124084,0.011530805379152298,0.24015946686267853,-0.35917869210243225,0.12102128565311432,0.46111807227134705,-0.44392478466033936,0.19149158895015717,0.12773330509662628,-0.028372451663017273,0.06812764704227448,-1.0262068599331542e-06,0.044246215373277664,0.0002806328993756324,3.7293611967470497e-06,-1.7675445178610971e-06,-2.5120543796219863e-05,0.0015655343886464834,2.4095966815948486,-0.3992597162723541,-0.045237962156534195,0.02074323408305645,-0.01123224850744009,0.04370901361107826,-0.010232794098556042,-0.06637287884950638,-0.03431141376495361
768,-0.00034721646807156503,-0.002124251564964652,-0.0047097885981202126,-0.004315873607993126,-0.006391149014234543,-0.00543313380330801,-0.0033454601652920246,-0.0029445395339280367,-0.0028197483625262976,-0.0033607312943786383,-0.0026765652000904083,-0.002460450865328312,-0.002873932709917426,-0.003433923004195094,-0.002471598330885172,0.004296225495636463,0.018380872905254364,0.04055773839354515,0.07373971492052078,0.06966885179281235,0.07810384780168533,0.06620807945728302,0.019548499956727028,-0.0007356935529969633,-0.011346649378538132,-0.008739553391933441,-0.013322598300874233,-0.00993039458990097,-0.011680777184665203,-0.012483854778110981,-0.024746911600232124,-0.02197515033185482,-0.018690818920731544,-0.012791184708476067,-0.00885613914579153,-0.007850667461752892,-0.007774057798087597,-0.008593561127781868,-0.010520645417273045,-0.008908501826226711,-0.005354456137865782,0.016918780282139778,0.0881689190864563,0.2890189290046692,0.7549571990966797,0.7955374121665955,0.900921642780304,0.6921367049217224,0.5215280652046204,0.1738276481628418,0.0801856517791748,0.0012879237765446305,-0.01798003911972046,-0.02403792180120945,-0.027984410524368286,-0.01969158835709095,-0.013012770563364029,0.004623770248144865,0.021382328122854233,0.04616337642073631,0.06658684462308884,0.05947846919298172,0.13953781127929688,0.08934522420167923,0.05405434966087341,0.027002843096852303,0.0002738606126513332,-0.0325518399477005,-0.07606174051761627,-0.027336781844496727,-0.02029721811413765,-0.017510194331407547,-0.030869388952851295,-0.03523384779691696,-0.016073880717158318,0.0002652205585036427,-0.006265268661081791,0.052628614008426666,-0.013048481196165085,0.02022549696266651,0.10790682584047318,0.15756756067276,0.09594287723302841,0.04549408704042435,0.014103090390563011,0.012914583086967468,-0.038652174174785614,-0.02211976796388626,-0.04960694909095764,0.012045948766171932,-0.08017859607934952,-0.04632704704999924,-0.20370995998382568,-0.0004291135701350868,-0.010618993081152439,0.0161963552236557,-0.06515997648239136,0.0671384185552597,-0.04422518238425255,-0.012098146602511406,0.10779060423374176,0.1169620156288147,0.07556377351284027,0.43835243582725525,1.0258331298828125,-1.0921260118484497,2.9727942943573,0.004841845016926527,0.01588008552789688,-0.24350810050964355,0.06039497256278992,0.006257025059312582,-0.0756133496761322,-0.058892622590065,-0.02504166029393673,-0.0271754153072834,-0.054258644580841064,-0.10171248018741608,0.07877422869205475,-0.10475179553031921,-0.0471697635948658,-0.4255472421646118,0.12453969568014145,0.32719963788986206,0.0808923989534378,0.12977029383182526,-0.17123106122016907,0.3795985281467438,-1.2960935831069946,0.25527864694595337,1.465158462524414,-1.9502747058868408,-3.872668981552124,3.246051073074341,0.14366422593593597,-1.8930453062057495,1.0598385334014893,0.22328460216522217,0.11969108879566193,-0.6459402441978455,0.7177273035049438,2.683723998586629e-08,-0.006130645051598549,-1.8751130482996814e-05,-8.94976437848527e-07,2.1314511045034124e-08,-2.982123533001868e-06,7.967589226609562e-06,-5.3732008934021,0.2040511965751648,0.03800409287214279,-0.004371789284050465,0.009805751964449883,0.01587565243244171,0.038028400391340256,0.03197290003299713,0.021732835099101067
769,-0.001213922630995512,-0.0052677723579108715,-0.009524763561785221,-0.008795637637376785,-0.002201284747570753,0.009690798819065094,0.016752008348703384,0.022538619115948677,0.024226563051342964,0.024004653096199036,0.016648316755890846,0.01002927590161562,0.011181739158928394,0.014256374910473824,0.014862739481031895,0.010990677401423454,0.002784981159493327,-0.0018520969897508621,-0.0015827291645109653,0.005410426761955023,0.01947402022778988,0.04577536880970001,0.0493023581802845,0.058606769889593124,0.046252455562353134,0.01633443497121334,0.014669864438474178,0.007259428035467863,0.010128672234714031,0.010876831598579884,0.017198272049427032,0.008923239074647427,0.0023778341710567474,-0.0008375651086680591,-8.164376049535349e-05,0.0034752406645566225,0.008876470848917961,0.004545772913843393,-0.0020595078822225332,-0.001883974764496088,0.007896670140326023,0.01948884129524231,0.02631559781730175,0.002442494733259082,-0.03155150264501572,-0.04016783460974693,-0.04318905621767044,-0.028319496661424637,-0.023086102679371834,-0.009136807173490524,0.010104711167514324,0.03828149661421776,0.05400410667061806,0.07496477663516998,0.13312438130378723,0.057812854647636414,0.1110028475522995,0.030100209638476372,0.03224778547883034,0.036665573716163635,-0.01085395272821188,0.0035561658442020416,0.005772313103079796,-0.016198022291064262,-0.004043638240545988,0.010588988661766052,-0.010232719592750072,-0.01134810596704483,-0.03375445678830147,-0.026600996032357216,-0.01931324228644371,-0.018450090661644936,-0.009870036505162716,-0.014184393920004368,0.00588161451742053,-0.024219468235969543,-0.09741832315921783,-0.00431724963709712,0.0433453693985939,-0.12821261584758759,-0.10361115634441376,0.005148106720298529,-0.08893441408872604,-0.20856796205043793,-0.16145844757556915,0.0801888182759285,-0.09114869683980942,0.007996741682291031,-0.17077836394309998,-0.0344901904463768,-0.055829647928476334,-0.029858548194169998,-0.07590402662754059,-0.03571145981550217,0.012324821203947067,-0.0760682001709938,0.03229229152202606,-0.19944465160369873,-0.1282849758863449,-0.02895491197705269,-0.12757976353168488,0.11593098193407059,0.04219701886177063,-0.07966363430023193,-0.00641078082844615,0.35952603816986084,-0.20243243873119354,0.12203048169612885,-0.06912538409233093,0.3828390836715698,-0.39070555567741394,0.18525785207748413,-0.26185697317123413,0.0241177249699831,0.2812446057796478,0.12115199118852615,-0.14831264317035675,0.5286793112754822,-0.4065268337726593,0.11233799904584885,0.01859123259782791,0.1829785853624344,0.04612065851688385,-0.21114060282707214,-0.05618925392627716,0.0015303106047213078,0.13921880722045898,-0.3882087767124176,0.4892510771751404,-0.09486875683069229,-0.05455486476421356,-0.09222108870744705,0.1992536336183548,-0.43563956022262573,0.19978700578212738,0.47169989347457886,-0.3311123549938202,0.21175168454647064,0.04096740856766701,0.11924221366643906,0.04428728669881821,-7.252834848259226e-07,-0.05349785462021828,-0.0003555623407009989,-2.603326493044733e-06,-6.886921823934244e-07,-2.7991207389277406e-05,-0.00029170114430598915,0.2757350504398346,-0.10458598285913467,-0.14266228675842285,-0.008264540694653988,-0.014757269993424416,-0.18025338649749756,-0.14692437648773193,-0.12136191129684448,-0.17444095015525818
770,-0.0011534880613908172,-0.005506012123078108,-0.01144950371235609,-0.014949511736631393,-0.017745209857821465,-0.015069171786308289,-0.01048274151980877,-0.008567502722144127,-0.0051712412387132645,0.0008927443413995206,0.010148594155907631,0.01646636240184307,0.027085699141025543,0.033420637249946594,0.02668612264096737,0.013131529092788696,-0.0007084624376147985,-0.004346814472228289,-0.003928313497453928,0.0014899586094543338,0.010335720144212246,0.02863745205104351,0.035233017057180405,0.04929212108254433,0.04603925347328186,0.015495197847485542,0.0052519808523356915,-0.005162547342479229,-0.005567309446632862,0.003221080871298909,0.03296263888478279,0.051905255764722824,0.06094198673963547,0.07396958768367767,0.10572316497564316,0.14468953013420105,0.1519588679075241,0.07164603471755981,0.006134846713393927,-0.02697554975748062,-0.03960632160305977,-0.04613505303859711,-0.04752369970083237,-0.03541629761457443,-0.035464443266391754,0.001184737542644143,0.03187514841556549,0.03433375805616379,0.03673833608627319,0.03692757710814476,0.06513318419456482,0.03659992665052414,0.012314124032855034,0.005684760864824057,0.013289394788444042,0.00759291322901845,0.04027319699525833,0.013962243683636189,0.02708863839507103,0.042870063334703445,-0.023207664489746094,0.00882695335894823,0.030763063579797745,-0.02706584893167019,-0.006368136499077082,-0.010282677598297596,0.013834904879331589,-0.000678832468111068,-0.053052615374326706,0.0030389989260584116,-0.011208059266209602,-0.016407491639256477,-0.0025382614694535732,0.0679754838347435,0.005902393721044064,-0.02649923413991928,-0.058259811252355576,-0.01083720289170742,0.017397550866007805,-0.021257024258375168,-0.04384617879986763,0.019137661904096603,-0.06683599203824997,-0.20793791115283966,-0.20928797125816345,0.08195716142654419,-0.14769798517227173,0.02041744440793991,-0.21439586579799652,-0.023182857781648636,-0.03444960340857506,0.0063349055126309395,0.001078312867321074,-0.05741971731185913,0.06062356010079384,-0.151494562625885,0.09559659659862518,-0.48241546750068665,-0.26188379526138306,-0.09697113931179047,0.0713738426566124,0.028892554342746735,0.020168649032711983,-0.07743741571903229,-0.006839205976575613,0.3419840931892395,-0.19121865928173065,0.12153684347867966,-0.05235535651445389,0.40510159730911255,-0.39372944831848145,0.17368687689304352,-0.26929518580436707,0.047372110188007355,0.2748419940471649,0.12483766674995422,-0.1253892183303833,0.547654926776886,-0.4099362790584564,0.08754376322031021,0.01488419622182846,0.16338378190994263,0.07197060436010361,-0.22271430492401123,-0.05198970437049866,-0.028444591909646988,0.14901192486286163,-0.39395853877067566,0.5070854425430298,-0.09922617673873901,-0.04937058314681053,-0.10069061815738678,0.19193774461746216,-0.44690921902656555,0.2145363688468933,0.4825935363769531,-0.3161218464374542,0.22471724450588226,0.02320588193833828,0.11699437350034714,0.059721436351537704,-7.111731861186854e-07,-0.0501125194132328,-0.000265924638370052,-2.074268877549912e-06,-2.0890870189305133e-07,-2.068791218334809e-05,-0.00015227733820211142,0.2573547065258026,-0.08602826297283173,-0.12794354557991028,-0.008464125916361809,0.003651268780231476,-0.17913305759429932,-0.13655081391334534,-0.10077124834060669,-0.15267042815685272
771,0.004229748621582985,0.017995255067944527,0.03389192000031471,0.038278356194496155,0.037540409713983536,0.02050011418759823,0.005625252146273851,-0.002295869402587414,-0.006086528301239014,-0.008143504150211811,-0.006905509624630213,-0.005882081110030413,-0.00710516981780529,-0.01103686261922121,-0.012366803362965584,-0.015628952533006668,-0.017085451632738113,-0.013861781917512417,-0.01888049766421318,-0.023802073672413826,-0.032624416053295135,-0.04184289649128914,-0.03263967111706734,-0.03559879958629608,-0.03763147443532944,-0.02125893533229828,-0.02948528528213501,-0.019387586042284966,-0.022624656558036804,-0.026158101856708527,-0.050538450479507446,-0.046067316085100174,-0.03736718371510506,-0.03186555206775665,-0.025251833721995354,-0.017497820779681206,0.014312331564724445,0.06678565591573715,0.12710312008857727,0.13894975185394287,0.18009300529956818,0.20158155262470245,0.2194494903087616,0.172386035323143,0.30956366658210754,0.1563568264245987,0.13751861453056335,0.07943395525217056,0.03410959988832474,0.0008524843724444509,-0.036577437072992325,-0.03340025991201401,-0.021811971440911293,-0.006528965663164854,0.006043658591806889,0.004088364541530609,0.014435998164117336,0.0028183204121887684,0.0028228259179741144,0.0030239406041800976,-0.006530404556542635,-0.007098522037267685,-0.019018961116671562,-0.0033662058413028717,-0.01279368158429861,-0.04011162370443344,0.05390921235084534,0.0037677534855902195,-0.04732449725270271,0.0477098785340786,0.004714146256446838,-0.004730002023279667,-0.011905870400369167,-0.08594834804534912,0.004847916308790445,-0.0009631966822780669,-0.09827683120965958,-0.00940282829105854,0.04515969753265381,-0.17016685009002686,-0.18367765843868256,0.05251890793442726,-0.09481381624937057,-0.23256003856658936,-0.181514173746109,0.14402785897254944,-0.11485137045383453,0.040476661175489426,-0.17137077450752258,-0.07864035665988922,-0.023018937557935715,0.016170181334018707,0.06967677921056747,-0.06559839099645615,-0.04755178466439247,0.02345949597656727,-0.019923945888876915,0.013079715892672539,-0.05932420864701271,-0.002383084036409855,-0.17345735430717468,0.15668384730815887,0.0629197210073471,-0.1181756854057312,-0.005475763697177172,0.35626092553138733,-0.23773464560508728,0.13919593393802643,-0.12417255342006683,0.33118632435798645,-0.47966960072517395,0.18948262929916382,-0.18165680766105652,-0.06428692489862442,0.2783442735671997,0.08519942313432693,-0.22034744918346405,0.47215956449508667,-0.3920278251171112,0.07570827007293701,-0.003356512635946274,0.21738184988498688,-0.014807099476456642,-0.1857035905122757,-0.039987340569496155,0.021264025941491127,0.1704443097114563,-0.3386259078979492,0.48067304491996765,-0.06825841218233109,-0.09314296394586563,-0.0900755450129509,0.2452973872423172,-0.4515203833580017,0.14891904592514038,0.45464593172073364,-0.41658473014831543,0.24771571159362793,0.005346319172531366,0.0845513567328453,0.04717152938246727,-7.018637688815943e-07,0.027171041816473007,-0.00012121581676183268,1.3154740372556262e-06,-5.748478315581451e-07,-1.2220662938489113e-05,-0.00022921469644643366,0.8024065494537354,-0.13911591470241547,-0.14102160930633545,-0.009180749766528606,-0.031282100826501846,-0.18123114109039307,-0.1534893810749054,-0.0933930054306984,-0.1939263790845871
772,-0.0009598060278221965,-0.005457754246890545,-0.0117716109380126,-0.015448804944753647,-0.017431044951081276,-0.015039460733532906,-0.010633639059960842,-0.009632646106183529,-0.008821369148790836,-0.009498265571892262,-0.007666630204766989,-0.006551779340952635,-0.008389325812458992,-0.01152037177234888,-0.013338569551706314,-0.013155496679246426,-0.00593098858371377,0.007514589931815863,0.029173729941248894,0.05765358731150627,0.07665280252695084,0.0874057337641716,0.03266497328877449,0.0020154218655079603,-0.02301187813282013,-0.01950119622051716,-0.030107179656624794,-0.02073734998703003,-0.024711092934012413,-0.029005765914916992,-0.05778317525982857,-0.05680938810110092,-0.05258099362254143,-0.056581221520900726,-0.06537746638059616,-0.09524130076169968,-0.11367972195148468,-0.06898782402276993,-0.0027068716008216143,0.035329487174749374,0.0547255240380764,0.0339609794318676,-0.012718192301690578,-0.05781934782862663,-0.16248522698879242,-0.12166813760995865,-0.11475514620542526,-0.08303950726985931,-0.07788646966218948,-0.05812426656484604,-0.09158411622047424,-0.059893760830163956,-0.05090877786278725,-0.042598627507686615,-0.060971371829509735,-0.03025347925722599,-0.05287759751081467,-0.041363853961229324,-0.05344781279563904,-0.06982818245887756,-0.01697818748652935,-0.04017264395952225,-0.07306379824876785,0.0012360744876787066,-0.03481992706656456,-0.0638037919998169,0.041590362787246704,-0.01034327782690525,-0.09697910398244858,0.04082068055868149,-0.007395741529762745,-0.03492969647049904,-0.0493195615708828,-0.21427078545093536,-0.037653710693120956,-0.02662271074950695,0.07123667746782303,-0.022640936076641083,-0.015409966930747032,-0.08078319579362869,-0.0937044695019722,0.00801209919154644,-0.051115237176418304,-0.015420965850353241,0.007857403717935085,-0.07903270423412323,0.04459473863244057,-0.0581783689558506,0.13334429264068604,-0.14633683860301971,0.03191465511918068,0.07515379786491394,0.1525130718946457,-0.09765616804361343,-0.09369707852602005,0.10189682245254517,-0.06160556152462959,0.17529644072055817,-0.05034290626645088,-0.03774289786815643,0.01705474592745304,0.0035160519182682037,0.000460130802821368,-0.10405983775854111,-0.00028763030422851443,0.3427656292915344,-0.23985901474952698,0.16384091973304749,-0.1475333571434021,0.2838108241558075,-0.43984848260879517,0.24152955412864685,-0.2810777425765991,-0.0704151839017868,0.09087878465652466,0.08631056547164917,-0.17595401406288147,0.3446890711784363,-0.22972805798053741,0.11069536954164505,0.08139727264642715,0.005463388282805681,-0.0881989374756813,-0.1282125562429428,-0.09468360245227814,0.008135207928717136,0.22638747096061707,-0.32951095700263977,0.5268361568450928,-0.07055851072072983,-0.12490370869636536,-0.024026602506637573,0.24199551343917847,-0.3737345039844513,0.1532357931137085,0.4172227084636688,-0.4488829970359802,0.17223073542118073,0.119228295981884,-0.05129342898726463,0.08158209919929504,1.0201422810496297e-05,0.059368934482336044,0.0033871924970299006,3.7207239529379876e-06,5.041940312366933e-06,0.0003792774514295161,0.004715162329375744,2.7183690071105957,-0.2891848683357239,-0.030844949185848236,0.00638115219771862,0.028222424909472466,-0.07087931782007217,-0.0681568905711174,0.04833199456334114,-0.014764584600925446
773,-0.0015152875566855073,-0.006415037903934717,-0.013079536147415638,-0.01751616597175598,-0.019436420872807503,-0.015917910262942314,-0.011280180886387825,-0.009897342883050442,-0.008738999255001545,-0.009538629092276096,-0.007633761968463659,-0.00667168851941824,-0.008623901754617691,-0.011817553080618382,-0.013985364697873592,-0.01593756675720215,-0.014881380833685398,-0.00936769787222147,-0.006044341251254082,-8.67702838149853e-05,0.0015928864013403654,-0.003422299399971962,-0.012456038035452366,-0.024068856611847878,-0.03459173068404198,-0.02174450270831585,-0.03129968419671059,-0.02193192020058632,-0.025691699236631393,-0.030277736485004425,-0.05793345347046852,-0.05700137838721275,-0.053797125816345215,-0.0570775605738163,-0.06614580750465393,-0.10435374081134796,-0.14750345051288605,-0.1504019945859909,-0.14325851202011108,-0.10164599865674973,-0.10394628345966339,-0.11450882256031036,-0.11859520524740219,-0.10914956778287888,-0.20364589989185333,-0.13578009605407715,-0.114191435277462,-0.07347580790519714,-0.0482279472053051,-0.011859561316668987,0.012585124932229519,0.021422158926725388,0.014000286348164082,0.009071921929717064,0.004373473115265369,-0.0016306595643982291,-0.0033029646147042513,-0.012573787942528725,-0.030619371682405472,-0.06361715495586395,-0.03064417466521263,-0.049398407340049744,-0.07934896647930145,-0.004922857508063316,-0.03904341906309128,-0.07024174183607101,0.03649907931685448,-0.011787750758230686,-0.11256798356771469,0.019941581413149834,0.0009649889543652534,-0.02966363914310932,-0.05208038538694382,-0.20070281624794006,-0.029774218797683716,-0.022759050130844116,0.07635331153869629,-0.04583767428994179,-0.009175924584269524,0.03669217973947525,-0.00026053268811665475,0.03251494839787483,-0.018381988629698753,0.006921214051544666,0.00826325174421072,-0.10176344215869904,0.02622346207499504,-0.06382299214601517,0.12477140873670578,-0.13868571817874908,0.030211912468075752,0.05332086607813835,0.15402817726135254,-0.08079559355974197,-0.09316155314445496,0.10016988217830658,-0.05721622332930565,0.3119747042655945,0.0007492472068406641,0.03607983887195587,-0.253042608499527,0.13525784015655518,0.054331835359334946,-0.1077682375907898,-0.032428078353405,0.36645546555519104,-0.1973189413547516,0.11721862852573395,-0.13614235818386078,0.3265523910522461,-0.2637906074523926,0.2468288242816925,-0.21788524091243744,-0.028431100770831108,0.06674720346927643,0.1092507466673851,-0.22291480004787445,0.3598767817020416,-0.37582772970199585,0.10109811276197433,0.026125838980078697,0.2654184103012085,-0.05135650932788849,-0.19755792617797852,-0.09059026837348938,0.040741339325904846,0.20091398060321808,-0.34817424416542053,0.5407714247703552,-0.06195646896958351,-0.1657891720533371,0.04138483479619026,0.2930382788181305,-0.3635485768318176,0.10934308916330338,0.3739502727985382,-0.4002853035926819,0.1463208645582199,0.1874808520078659,-0.051973406225442886,0.0698719397187233,-9.466309052186261e-07,0.027504077181220055,-6.843292067060247e-05,2.387026142969262e-06,-9.15116572741681e-07,-1.9782819435931742e-05,-0.0001980780070880428,2.7283668518066406,-0.27908435463905334,0.019643262028694153,0.0005856244824826717,0.028751103207468987,0.038465119898319244,0.019198602065443993,0.017299342900514603,0.015137184411287308
774,0.0033186753280460835,0.011219142936170101,0.017133692279458046,0.01665305346250534,0.013569998554885387,0.005612795241177082,-0.0010428237728774548,-0.0051887682639062405,-0.0070291850715875626,-0.008700012229382992,-0.007143748924136162,-0.005940501112490892,-0.007395751774311066,-0.011088431812822819,-0.012715605087578297,-0.01591508835554123,-0.017614927142858505,-0.014366253279149532,-0.019385479390621185,-0.024496255442500114,-0.033192526549100876,-0.0423426479101181,-0.03267546743154526,-0.036014243960380554,-0.03777826949954033,-0.021170152351260185,-0.0294653307646513,-0.01940993219614029,-0.023050611838698387,-0.026538144797086716,-0.05008451268076897,-0.04428589716553688,-0.03334704041481018,-0.022975603118538857,-0.007811150513589382,0.020561473444104195,0.07727430760860443,0.12685492634773254,0.16566996276378632,0.14740046858787537,0.17059458792209625,0.17180486023426056,0.17360346019268036,0.11682941764593124,0.18224690854549408,0.07174881547689438,0.04609333723783493,0.014808236621320248,-0.008325348608195782,-0.020792599767446518,-0.050077442079782486,-0.0345580019056797,-0.02011738531291485,-0.004344729706645012,0.0081246979534626,0.0041841245256364346,0.013147878460586071,0.002550785429775715,0.00038976551149971783,0.000377119256881997,-0.005493509117513895,-0.00802579801529646,-0.020502515137195587,-0.003857846837490797,-0.01499408669769764,-0.039723243564367294,0.04855775833129883,0.0015595715958625078,-0.05319935455918312,0.04352030158042908,0.004535901825875044,-0.006595400627702475,-0.0171135812997818,-0.08128489553928375,0.0037203547544777393,-0.005569880362600088,-0.10278096795082092,-0.001427265116944909,0.03133078292012215,-0.17365044355392456,-0.1904563307762146,0.0032807455863803625,-0.10823480784893036,-0.18786869943141937,-0.13949434459209442,0.07450573891401291,-0.04527172073721886,-0.005054457578808069,-0.03255187347531319,-0.10370707511901855,0.0033460697159171104,0.03743738308548927,0.09139931946992874,-0.06694521009922028,-0.047647543251514435,0.027165228500962257,-0.022386478260159492,0.05057526007294655,-0.02789522148668766,0.002893157536163926,-0.19341765344142914,0.1529933363199234,0.0609409436583519,-0.11491741240024567,-0.008621803484857082,0.3570387363433838,-0.22950348258018494,0.13452893495559692,-0.11885569244623184,0.33305755257606506,-0.46297556161880493,0.19629336893558502,-0.20056775212287903,-0.06414768099784851,0.2520509958267212,0.0909135639667511,-0.19744515419006348,0.49176809191703796,-0.3867185711860657,0.0869659036397934,-0.009601742029190063,0.23213690519332886,-0.012155059725046158,-0.17318567633628845,-0.051800332963466644,0.030090922489762306,0.1649107038974762,-0.34735023975372314,0.48677560687065125,-0.07624218612909317,-0.09441773593425751,-0.08498702198266983,0.23827920854091644,-0.4231785833835602,0.14916245639324188,0.4499002993106842,-0.45773565769195557,0.2415703535079956,0.031956590712070465,0.06994234770536423,0.042088937014341354,-4.331403147261881e-07,0.026575159281492233,-0.0001368610974168405,1.1352611863912898e-06,-6.696654395454971e-07,-1.2064523616572842e-05,-0.00022886856459081173,0.9838902354240417,-0.17822383344173431,-0.14857183396816254,-0.009838561527431011,-0.031792182475328445,-0.18463654816150665,-0.15495604276657104,-0.12738242745399475,-0.19716224074363708
775,0.001255593029782176,0.005387145560234785,0.006741694640368223,0.002138931304216385,-0.00357984472066164,-0.007223187945783138,-0.007146006915718317,-0.006792139261960983,-0.005010954570025206,-0.002657549222931266,0.0020807874388992786,0.005621497519314289,0.009340344928205013,0.010862116701900959,0.005804791115224361,-0.0045045423321425915,-0.013350625522434711,-0.016534047201275826,-0.02367238514125347,-0.026844603940844536,-0.03531719371676445,-0.0473204031586647,-0.03183409199118614,-0.031088490039110184,-0.024693593382835388,-0.00499612046405673,0.010929196141660213,0.017772240564227104,0.023913666605949402,0.013559580780565739,-0.004796029068529606,-0.03308870643377304,-0.044503502547740936,-0.05220241844654083,-0.060415416955947876,-0.07779575884342194,-0.07408371567726135,-0.023278113454580307,0.028177592903375626,0.053151898086071014,0.08554846793413162,0.10829779505729675,0.10374943166971207,0.06748872995376587,0.06465525925159454,-0.01608441397547722,-0.05674417316913605,-0.06407882273197174,-0.07117237150669098,-0.05328069254755974,-0.06641577184200287,-0.0259139034897089,-0.004064792301505804,0.01596677117049694,0.027348138391971588,0.0026239336002618074,-0.01586914248764515,-0.02732667326927185,-0.04632120579481125,-0.0615997239947319,-0.028177915140986443,-0.040366221219301224,-0.04667956009507179,-0.00481056235730648,-0.011860423721373081,-0.00739001389592886,-0.01912800222635269,-0.021063577383756638,-0.010028351098299026,-0.038804393261671066,-0.0012712888419628143,-0.01992800645530224,-0.027493847534060478,-0.15553154051303864,-0.028130166232585907,-0.03375229239463806,0.06085410714149475,-0.03554131090641022,-0.0014789365231990814,-0.006556546315550804,-0.035539861768484116,0.032832637429237366,-0.022684654220938683,-0.013051829300820827,-0.04305229336023331,-0.014764722436666489,0.007413192186504602,-0.040022850036621094,0.0523209422826767,-0.11168096959590912,-0.009465934708714485,0.004667455330491066,-0.02547922171652317,-0.009062022902071476,-0.010508155450224876,-0.06056489795446396,-0.03915475308895111,0.041663624346256256,-0.008782561868429184,0.02713632397353649,-0.25655585527420044,0.1590895652770996,0.07951657474040985,-0.11995737254619598,0.016105614602565765,0.1994481235742569,-0.16602958738803864,-0.0615515373647213,-0.10246346890926361,0.07582174241542816,0.0035032741725444794,0.12098383903503418,-0.09650281071662903,-0.005802794825285673,0.047221310436725616,0.10032526403665543,-0.18468818068504333,0.15120533108711243,-0.10375842452049255,0.05875692889094353,0.10240112245082855,-0.08649049699306488,0.026246361434459686,0.0032888122368603945,0.07934853434562683,-0.0430547334253788,0.12897734344005585,-0.16761870682239532,0.3962988257408142,-0.06280355900526047,-0.003071182407438755,0.01579779013991356,0.15377694368362427,0.16993600130081177,0.08171980082988739,-0.2700357735157013,0.2234407216310501,-0.1562361717224121,0.1033022478222847,-0.008929378353059292,0.055501051247119904,-1.8091849085521972e-07,-0.021680530160665512,9.09238078747876e-05,-6.000392431815271e-07,-1.0678099471306268e-07,1.616277586435899e-05,0.000411861838074401,0.32149869203567505,0.028030643239617348,0.039699967950582504,0.0020201450679451227,-0.02805611677467823,0.02583724819123745,0.030769234523177147,0.023076213896274567,0.0658099427819252
776,0.006519536022096872,0.018390798941254616,0.021655837073922157,0.01640954054892063,0.015838824212551117,0.014106839895248413,0.009707200340926647,0.005165969952940941,-0.0005323773948475718,-0.005263551138341427,-0.006087221205234528,-0.00569697143509984,-0.007125351577997208,-0.011024827137589455,-0.012400870211422443,-0.015494251623749733,-0.01721343584358692,-0.013850211165845394,-0.01884671486914158,-0.02374347671866417,-0.032736700028181076,-0.04165178909897804,-0.03249708190560341,-0.03576386719942093,-0.037713129073381424,-0.021158093586564064,-0.029500264674425125,-0.01932874694466591,-0.022897273302078247,-0.026683693751692772,-0.052628014236688614,-0.050917208194732666,-0.04566880688071251,-0.042369358241558075,-0.03129473328590393,-0.002972228219732642,0.07335800677537918,0.15057724714279175,0.2100803554058075,0.19298827648162842,0.2253703474998474,0.22557732462882996,0.21555526554584503,0.1413545310497284,0.21295711398124695,0.09026304632425308,0.06706201285123825,0.028259143233299255,0.003173049073666334,-0.005600776989012957,-0.01885620504617691,-0.012745519168674946,-0.008086364716291428,0.001163896406069398,0.010860158130526543,0.005046095699071884,0.014828016981482506,0.0029217253904789686,0.0017542849527671933,0.0024235970340669155,-0.005534380208700895,-0.006962588056921959,-0.01834108680486679,-0.003964187577366829,-0.014145606197416782,-0.04165447875857353,0.051597386598587036,0.002432035282254219,-0.04802219197154045,0.04662185534834862,0.0033501365687698126,-0.005736959166824818,-0.01544330082833767,-0.08536240458488464,0.003969418350607157,-0.005407209042459726,-0.13865892589092255,0.004827285185456276,0.047102268785238266,-0.19568072259426117,-0.20646566152572632,0.03290117532014847,-0.10629738122224808,-0.21760176122188568,-0.15383943915367126,0.13229092955589294,-0.07213228940963745,0.022393733263015747,-0.09486987441778183,-0.09349839389324188,-0.008207735605537891,0.023076256737113,0.06294145435094833,-0.05550944060087204,-0.03440164774656296,-0.004495387896895409,-0.010754566639661789,-0.01482459343969822,-0.06944509595632553,-0.005273443181067705,-0.16046182811260223,0.1392209827899933,0.053768422454595566,-0.11962781846523285,-0.0035462146624922752,0.3573759198188782,-0.23210066556930542,0.13960325717926025,-0.12045948207378387,0.33392322063446045,-0.476944237947464,0.20578917860984802,-0.1882583051919937,-0.07039160281419754,0.27920788526535034,0.08284100890159607,-0.20371979475021362,0.4799622595310211,-0.38640081882476807,0.07953504472970963,-0.009474441409111023,0.22551420331001282,-0.014175663702189922,-0.17775341868400574,-0.041826870292425156,0.025526976212859154,0.16295474767684937,-0.3434081971645355,0.4824182689189911,-0.064188651740551,-0.10084819793701172,-0.10265889763832092,0.24552753567695618,-0.4428286552429199,0.14891856908798218,0.4443196952342987,-0.4452275335788727,0.24845238029956818,0.011049131862819195,0.08345841616392136,0.03659662976861,-4.902534556094906e-07,0.02734735608100891,-0.00020983850117772818,7.770227057335433e-07,-8.342901764990529e-07,-1.2186875210318249e-05,-0.0002721552737057209,0.8361502289772034,-0.12893126904964447,-0.14010100066661835,-0.00982626061886549,-0.03131486475467682,-0.17212384939193726,-0.15340885519981384,-0.07310114800930023,-0.19487209618091583
777,-0.0008151096408255398,-0.003894347697496414,-0.004706868901848793,-0.0011375192552804947,0.004980827681720257,0.009461740963160992,0.008869361132383347,0.008232299238443375,0.0084705650806427,0.012439318001270294,0.009703995659947395,0.008129697293043137,0.008260082453489304,0.01103968732059002,0.016350336372852325,0.020156903192400932,0.01820380799472332,0.016266128048300743,0.02221125364303589,0.0285580325871706,0.039202798157930374,0.04642001911997795,0.0208831038326025,0.01222984865307808,0.008198555558919907,0.003835199633613229,0.005993609316647053,0.006470479071140289,0.013996326364576817,0.022323504090309143,0.04531550779938698,0.02893814630806446,0.009881838224828243,0.0022061667405068874,0.002399618737399578,-0.0012009773636236787,-0.006514642853289843,-0.0023381938226521015,0.02197495475411415,0.03902357071638107,0.05183081328868866,0.049834687262773514,0.02593091130256653,0.009446660988032818,0.02586592175066471,0.022276725620031357,0.0213756263256073,0.025135736912488937,0.04713231325149536,0.052237752825021744,0.09703196585178375,0.05124747008085251,0.033761829137802124,0.022418584674596786,0.03302980586886406,0.015345758758485317,0.0203560683876276,0.013991118408739567,0.022165309637784958,0.0458064042031765,0.016963664442300797,0.021639380604028702,0.010600815527141094,-0.006170129869133234,-0.009194707497954369,-0.011170453391969204,0.001792834373190999,-0.012523719109594822,-0.04180678352713585,-0.013863792642951012,-0.009041526354849339,-0.01300855167210102,-0.007190065924078226,-0.013603129424154758,0.013853022828698158,0.005639859475195408,-0.03201078623533249,0.02972349151968956,0.045866161584854126,-0.0065825581550598145,-0.03480757027864456,0.040195006877183914,-0.02963135577738285,-0.04149103909730911,-0.08066282421350479,0.060838546603918076,-0.0319906622171402,0.011159834451973438,-0.0583314523100853,0.010910349898040295,-0.034763362258672714,0.019650820642709732,-0.052930720150470734,-0.017594804987311363,-0.010019977577030659,-0.050056569278240204,-0.043263502418994904,-0.07904790341854095,-0.05821976810693741,-0.07771977037191391,0.06889738142490387,-0.09362653642892838,-0.07579519599676132,-0.019973043352365494,-0.018389219418168068,-0.17075097560882568,0.047390542924404144,-0.07167448103427887,-0.09960807859897614,-0.02290494740009308,0.07250946760177612,0.08176087588071823,-0.04442398250102997,0.0014851910527795553,-0.06702243536710739,-0.07813858985900879,0.03480534255504608,-0.211968794465065,0.13178589940071106,-0.05310747027397156,0.017519652843475342,-0.3244832754135132,0.027885159477591515,0.09611109644174576,0.23740254342556,-0.0014343664515763521,0.003375033847987652,0.13987866044044495,-0.2394603192806244,-0.11609023809432983,0.13029265403747559,0.06471466273069382,0.0838882252573967,0.2890302240848541,0.06425920873880386,-0.4151073694229126,0.2674039304256439,-0.1220625564455986,0.13252907991409302,0.01023570541292429,0.026984991505742073,1.354240168893739e-07,-0.05125521123409271,-0.0001784247870091349,-2.0922038856951986e-06,9.416825719199551e-07,-2.788498386507854e-05,0.00013061962090432644,-0.16641734540462494,0.14507998526096344,0.03877265751361847,-0.0010545828845351934,-0.01763922907412052,0.03736620023846626,0.031887486577034,0.060923729091882706,0.037562157958745956
778,-0.0010699810227379203,-0.005536205600947142,-0.010488750413060188,-0.010384718887507915,-0.01440475694835186,-0.012794558890163898,-0.008765817619860172,-0.007767713163048029,-0.0068304999731481075,-0.008102580904960632,-0.004585844464600086,-0.0012477057753130794,0.005645661614835262,0.023939354345202446,0.05116991326212883,0.08007466793060303,0.09095663577318192,0.07439518719911575,0.0758582055568695,0.0530846007168293,0.040599096566438675,0.02628696896135807,0.009283517487347126,0.006597850006073713,0.006194327026605606,0.0008903227862901986,-0.0069769336842000484,-0.012563574127852917,-0.020680641755461693,-0.02841380052268505,-0.05700519308447838,-0.057422250509262085,-0.05253011733293533,-0.05552610754966736,-0.0704474151134491,-0.09846564382314682,-0.14077641069889069,-0.12062650173902512,-0.1104663759469986,-0.06220975145697594,-0.027336586266756058,0.02289898693561554,0.08810409158468246,0.12013187259435654,0.24105152487754822,0.1489480584859848,0.11966858059167862,0.08178947120904922,0.08634430170059204,0.04497908800840378,0.04608997330069542,0.004025681875646114,-0.019916608929634094,-0.03297850117087364,-0.05957401916384697,-0.036567650735378265,-0.05952787026762962,-0.04347323998808861,-0.05249040201306343,-0.07581454515457153,-0.03525249660015106,-0.0484013557434082,-0.08477127552032471,-0.015754787251353264,-0.0484442263841629,-0.0700146034359932,0.0219320859760046,-0.02056441828608513,-0.03936585783958435,-0.00901852361857891,0.023190604522824287,0.09479550272226334,0.11392629146575928,0.28689834475517273,0.08660798519849777,0.07444077730178833,-0.047194693237543106,0.0837327390909195,0.04237387701869011,-0.005173243582248688,-0.03333529084920883,0.005796433426439762,-0.013329981826245785,0.004229474812746048,0.01998438686132431,-0.09232936054468155,0.027926256880164146,-0.0370548777282238,0.08040530979633331,-0.14797258377075195,-0.003017423441633582,0.03853028267621994,0.1496295928955078,-0.11169760674238205,-0.07647758722305298,0.04901145026087761,-0.04042474180459976,-0.024334728717803955,0.05393640324473381,-0.01932351104915142,0.3227832615375519,-0.15553465485572815,-0.0538349375128746,0.07873637229204178,-0.002230406040325761,-0.1623377501964569,-0.05080217495560646,-0.02887609414756298,-0.06695052236318588,0.3055431544780731,-0.29878485202789307,0.35160887241363525,-0.1879604309797287,0.05910467728972435,0.05444404110312462,0.11323831975460052,-0.22003032267093658,0.39074447751045227,-0.327835351228714,0.11665095388889313,0.11601134389638901,0.16946110129356384,-0.01824083738029003,-0.013341696932911873,0.10047806054353714,0.035113375633955,-0.08298380672931671,0.7064378261566162,-0.8802173137664795,-0.08896979689598083,0.3574897348880768,0.15943801403045654,-0.6110373139381409,0.5565244555473328,0.12021814286708832,0.049716293811798096,-0.33167576789855957,0.21626950800418854,0.23842112720012665,-0.11925715208053589,0.048066794872283936,1.01395336571386e-07,-0.010159773752093315,-0.00033301854273304343,-2.0980330646125367e-06,6.196584649842407e-07,-2.5814055334194563e-05,-0.0007542903767898679,-0.6974323987960815,0.12561550736427307,0.05949854105710983,-0.0008381063817068934,0.00994542334228754,0.038455817848443985,0.0717824324965477,0.053070031106472015,0.05171132832765579
779,0.006555730942636728,0.017168691381812096,0.016314003616571426,0.004223163705319166,-0.007195078767836094,-0.011144180782139301,-0.009762389585375786,-0.009466584771871567,-0.00857645645737648,-0.009239131584763527,-0.007263935171067715,-0.005950259510427713,-0.007458191830664873,-0.01108725555241108,-0.012731056660413742,-0.01586834527552128,-0.01774410530924797,-0.014426647685468197,-0.019427549093961716,-0.024548571556806564,-0.033400073647499084,-0.04229699820280075,-0.032539792358875275,-0.03619851917028427,-0.037829868495464325,-0.021077677607536316,-0.02940317615866661,-0.019294437021017075,-0.023110339418053627,-0.026415375992655754,-0.04908762499690056,-0.04201884940266609,-0.02930157445371151,-0.01516695786267519,0.006775637622922659,0.05156879872083664,0.1292257457971573,0.1805151253938675,0.21417181193828583,0.18367460370063782,0.21250709891319275,0.20603488385677338,0.18992222845554352,0.10451196134090424,0.1119229644536972,0.014855637215077877,-0.014304768294095993,-0.025554809719324112,-0.03340118005871773,-0.03375595062971115,-0.05756373330950737,-0.03417714312672615,-0.018059326335787773,-0.0025542662478983402,0.008467817679047585,0.0039234827272593975,0.011862432584166527,0.0025561852380633354,-0.00019831309327855706,-0.00016181980026885867,-0.005357000511139631,-0.008397312834858894,-0.020255345851182938,-0.004011902492493391,-0.015971196815371513,-0.040366772562265396,0.04787430167198181,-0.00040024888585321605,-0.0531032532453537,0.04239525645971298,0.002527692122384906,-0.006520595867186785,-0.017126411199569702,-0.053565625101327896,0.00045619066804647446,-0.016948740929365158,-0.17103807628154755,0.007042739540338516,0.02960948646068573,-0.20258577167987823,-0.2266165167093277,-0.015247056260704994,-0.11505913734436035,-0.17345775663852692,-0.11406317353248596,0.04650584235787392,-0.02127542532980442,-0.02263246290385723,0.04815779998898506,-0.11288733035326004,0.018811451271176338,0.0485236681997776,0.09445483237504959,-0.06045551598072052,-0.040785714983940125,0.010808296501636505,-0.016576386988162994,0.036252956837415695,-0.026848863810300827,-0.0003217108314856887,-0.19327643513679504,0.14836955070495605,0.05767780542373657,-0.11860571056604385,-0.008990734815597534,0.35621196031570435,-0.22783419489860535,0.132099911570549,-0.11140583455562592,0.3326385021209717,-0.4629022181034088,0.21039828658103943,-0.2044980376958847,-0.06187329813838005,0.26165738701820374,0.09354126453399658,-0.18751871585845947,0.4994213879108429,-0.37706494331359863,0.09234670549631119,-0.016719356179237366,0.24088793992996216,-0.015197846107184887,-0.1609644740819931,-0.05067857727408409,0.03888261318206787,0.15870727598667145,-0.3532615602016449,0.48669683933258057,-0.07543551921844482,-0.10330623388290405,-0.09237224608659744,0.2363690733909607,-0.40986037254333496,0.1513068675994873,0.43867820501327515,-0.4879475235939026,0.2402902990579605,0.03233146294951439,0.06436740607023239,0.03692397102713585,-4.4244828245609824e-07,0.03566613793373108,-8.301736670546234e-05,1.8508385437598918e-06,-6.382971946550242e-07,-1.1974019798799418e-05,-0.00018943431496154517,0.9468198418617249,-0.16567833721637726,-0.14921416342258453,-0.01071025338023901,-0.031742408871650696,-0.18442797660827637,-0.15939627587795258,-0.11436840891838074,-0.20878742635250092
780,-0.0008250816026702523,-0.003294466994702816,-0.004144296981394291,-0.0002059845719486475,0.005871167406439781,0.009321754798293114,0.006110640708357096,0.0021733311004936695,-0.0021736964117735624,-0.0061917975544929504,-0.005727509036660194,-0.005360838491469622,-0.006327902898192406,-0.01023660134524107,-0.011264003813266754,-0.01230640709400177,-0.009857828728854656,-0.003943942952901125,-0.0008571401704102755,0.0024725417606532574,0.009360100142657757,0.03540818765759468,0.07334078103303909,0.1623845249414444,0.2619342505931854,0.1670621633529663,0.20036111772060394,0.08421904593706131,0.045017581433057785,0.006286875810474157,-0.019172022119164467,-0.008842472918331623,0.030203500762581825,0.08924970030784607,0.18387244641780853,0.2816314399242401,0.3207342326641083,0.16267207264900208,0.032258763909339905,-0.04207572340965271,-0.07096870243549347,-0.08834615349769592,-0.09843992441892624,-0.09536352008581161,-0.17811636626720428,-0.10689260065555573,-0.09555613249540329,-0.05833263322710991,-0.045295678079128265,-0.024644047021865845,-0.04325217008590698,-0.030318759381771088,-0.03011688031256199,-0.031647007912397385,-0.05498946085572243,-0.024008305743336678,-0.04398868978023529,-0.017700688913464546,-0.03307875990867615,-0.039497651159763336,-0.0014591302024200559,-0.025078579783439636,-0.05364619567990303,0.0016819931333884597,-0.02263311855494976,-0.04613139107823372,0.030574090778827667,-0.00019422467448748648,-0.03786753863096237,-0.01047810260206461,-0.025353718549013138,-0.01659310795366764,-0.015565399080514908,-0.11436764895915985,-0.004376680590212345,0.024364035576581955,0.06571339815855026,-0.019621385261416435,0.0026855221949517727,-0.016236521303653717,-0.02761828526854515,0.0498812310397625,-0.021707482635974884,-0.16439849138259888,-0.1369454264640808,0.08082970976829529,-0.13590048253536224,0.05598859488964081,-0.3963432013988495,0.4971925616264343,-0.12239187210798264,-0.17053787410259247,-0.49499717354774475,0.02442789264023304,0.10224185138940811,-0.08439096063375473,0.024199694395065308,-0.4201718270778656,-0.18594121932983398,-0.005923664662986994,1.2064552307128906,-0.4978208541870117,-0.05186858028173447,0.023809215053915977,0.016249125823378563,0.25334420800209045,-0.19568748772144318,-0.010723591782152653,-0.061129048466682434,-0.09756693243980408,0.3295431137084961,0.033958159387111664,0.031228505074977875,0.03747659921646118,0.08834013342857361,0.09063497930765152,-0.11038806289434433,0.36588817834854126,-0.33899152278900146,0.09068036079406738,0.0981304794549942,0.16507631540298462,0.05069827288389206,-0.15436826646327972,-0.030008530244231224,-0.0170141588896513,0.13526494801044464,-0.2354363352060318,0.33679628372192383,-0.07391536980867386,0.031215138733386993,-0.04861551895737648,0.09452541172504425,0.17611190676689148,0.030441919341683388,-0.48915642499923706,-0.11605279892683029,-0.15614444017410278,0.12354101240634918,-0.015390058048069477,0.02822747826576233,-3.028590924714081e-07,-0.02276022918522358,0.00015536190767306834,-1.7736284974034788e-07,-7.971439117682166e-07,2.596363628981635e-05,0.0003023514000233263,0.29064488410949707,0.09657081961631775,0.0007702732109464705,-0.0016468046233057976,-0.01694674976170063,0.026012219488620758,-0.056075818836688995,-0.0029299966990947723,0.008099950850009918
781,0.005431025288999081,0.025834210216999054,0.04482300952076912,0.03887585178017616,0.026009997352957726,0.006227726582437754,-0.0034680431708693504,-0.0072304424829781055,-0.007888386026024818,-0.008810102008283138,-0.0067904358729720116,-0.005890270695090294,-0.007045488804578781,-0.011091988533735275,-0.012499681673943996,-0.015738656744360924,-0.01715577021241188,-0.014087953604757786,-0.018927669152617455,-0.023905359208583832,-0.03264806419610977,-0.041307903826236725,-0.03235200420022011,-0.03531716763973236,-0.03748198598623276,-0.02114908955991268,-0.029430553317070007,-0.01912502758204937,-0.022504039108753204,-0.025935767218470573,-0.05215974524617195,-0.05056409910321236,-0.046598996967077255,-0.04593035951256752,-0.03953329846262932,-0.025726264342665672,0.023997314274311066,0.07809153944253922,0.12669214606285095,0.13010694086551666,0.19172635674476624,0.2571621537208557,0.33354994654655457,0.30008071660995483,0.5056754350662231,0.1818954050540924,0.07448223978281021,-0.010845410637557507,-0.043334320187568665,-0.04518706351518631,-0.07691530138254166,-0.05061095952987671,-0.03492289036512375,-0.023303957656025887,-0.02507772482931614,-0.008336503989994526,-0.001520137651823461,0.0042480225674808025,0.018763013184070587,0.03342241421341896,-0.011487521231174469,0.00014655879931524396,-0.01889253407716751,0.0002817199274431914,-0.014514307491481304,-0.04328181967139244,0.05333232879638672,0.003075031330808997,-0.04293275997042656,0.05495130270719528,0.007527462672442198,0.0037038142327219248,-0.0093067092821002,-0.13447444140911102,0.004538675304502249,-0.00010370503878220916,-0.09081056714057922,-0.006941365078091621,0.0783773884177208,-0.1886206418275833,-0.21521086990833282,0.07485932111740112,-0.08352350443601608,-0.3018888235092163,-0.25329214334487915,0.2162695974111557,-0.12710407376289368,0.010512378066778183,-0.026617716997861862,-0.11660787463188171,0.03164838254451752,0.07001693546772003,0.14262722432613373,-0.09934407472610474,-0.07663435488939285,0.06721612066030502,-0.030154936015605927,0.05233045667409897,-0.07265332341194153,-0.022441107779741287,-0.12665203213691711,0.12096347659826279,0.05621109902858734,-0.11590328067541122,-0.004491797182708979,0.3633559048175812,-0.24008256196975708,0.12838350236415863,-0.10509686172008514,0.3126896321773529,-0.47389671206474304,0.19448263943195343,-0.1613883674144745,-0.0968029573559761,0.29227960109710693,0.06655339896678925,-0.23618923127651215,0.4770107865333557,-0.3758201599121094,0.07820161432027817,-0.0007094772881828249,0.24597713351249695,-0.035602666437625885,-0.1671951413154602,-0.02525085024535656,0.044261496514081955,0.17071488499641418,-0.32036492228507996,0.4731387794017792,-0.052314694970846176,-0.09262391179800034,-0.10443734377622604,0.25371137261390686,-0.43449416756629944,0.1516597419977188,0.4374425709247589,-0.4510723948478699,0.24420152604579926,-0.0012708690483123064,0.0804639458656311,0.056492868810892105,-5.623053311865078e-07,0.03862786665558815,-3.6710356653202325e-05,2.93202333523368e-06,-5.679500532096426e-07,-1.9718363546417095e-05,-0.00018867383187171072,0.7649837732315063,-0.12973520159721375,-0.13848285377025604,-0.009978046640753746,-0.027100419625639915,-0.16908563673496246,-0.1443832814693451,-0.06613350659608841,-0.20071418583393097
782,-0.001024911878630519,-0.005636051297187805,-0.010234875604510307,-0.01439853198826313,-0.016283607110381126,-0.014527863822877407,-0.010421570390462875,-0.008873624727129936,-0.0073372661136090755,-0.006500887218862772,-0.0020588149782270193,0.0023219131398946047,0.00860687531530857,0.013102851808071136,0.01374855823814869,0.006207398138940334,-0.002780464943498373,-0.004952901974320412,-0.004321068990975618,0.0005744454683735967,0.004393717274069786,0.00978989340364933,0.007409164682030678,0.009137416258454323,0.010058518499135971,0.004374451469630003,0.004607743117958307,0.002373247407376766,0.0027039474807679653,-0.0013408205704763532,-0.0193633995950222,-0.03775204345583916,-0.045855287462472916,-0.05422360077500343,-0.06672056019306183,-0.10373740643262863,-0.14589937031269073,-0.1422727257013321,-0.13570719957351685,-0.0949045792222023,-0.09609242528676987,-0.10674820095300674,-0.11340837925672531,-0.10351154953241348,-0.1951131373643875,-0.12677432596683502,-0.1109432801604271,-0.07504399120807648,-0.056459859013557434,-0.03160381689667702,-0.04151272401213646,-0.025334002450108528,-0.024904295802116394,-0.016414541751146317,-0.014320260845124722,-0.004653212148696184,0.004345677327364683,0.00894840992987156,0.0031729298643767834,0.0006629552808590233,-0.007744344417005777,-0.01596212387084961,-0.03533761203289032,-0.0022116112522780895,-0.0220275167375803,-0.0400274284183979,0.03477521240711212,-0.006293537560850382,-0.10326626896858215,0.019819660112261772,-0.01528165489435196,-0.04463481158018112,-0.044041410088539124,-0.1787327229976654,-0.023856231942772865,-0.012192999944090843,0.07896759361028671,-0.024751249700784683,-0.007741075940430164,-0.025679901242256165,-0.056425344198942184,0.009299006313085556,-0.03673849254846573,-0.01131031196564436,-0.020022166892886162,-0.050019070506095886,0.009981612674891949,-0.028167320415377617,0.0032971680629998446,-0.09831883013248444,-0.009463961236178875,0.019598979502916336,0.05776367336511612,-0.06985315680503845,-0.05102306604385376,0.05521214008331299,-0.04714804142713547,0.23339852690696716,-0.011425535194575787,0.02997247315943241,-0.28803321719169617,0.15965472161769867,0.06282562017440796,-0.08778030425310135,0.006731294561177492,0.35775038599967957,-0.22917310893535614,0.1409151554107666,-0.10666047781705856,0.3308541178703308,-0.3780573606491089,0.23707282543182373,-0.27948883175849915,-0.0026155461091548204,0.10055934637784958,0.13982680439949036,-0.21216847002506256,0.3320602476596832,-0.28050538897514343,0.0876772552728653,0.05952897667884827,0.09171997010707855,-0.07620780915021896,0.0015263950917869806,0.08856645226478577,-0.02430657297372818,0.17415520548820496,-0.1745978593826294,0.3738660216331482,-0.06964157521724701,-0.016497835516929626,-0.014610731042921543,0.22034969925880432,-0.30860450863838196,0.17715486884117126,0.42287638783454895,-0.43339744210243225,0.12433932721614838,0.12388876080513,0.016386572271585464,0.10240340232849121,-5.581077857641503e-07,-0.0049271360039711,-0.0002260026230942458,-9.560665148455882e-07,-6.915370249771513e-07,-1.610102117410861e-05,-0.0003676843480207026,1.8567445278167725,-0.18644972145557404,0.0022849286906421185,0.00560406967997551,0.005856689997017384,0.039182450622320175,0.024408265948295593,-0.008093772456049919,0.015506758354604244
783,0.0017245846102014184,0.006226731464266777,0.006407735403627157,-0.00042881997069343925,-0.008333002217113972,-0.011442018672823906,-0.010117997415363789,-0.009852861054241657,-0.008819791488349438,-0.009630694054067135,-0.007625557482242584,-0.0067186495289206505,-0.008623847737908363,-0.011810083873569965,-0.014311579056084156,-0.016488103196024895,-0.014819641597568989,-0.009473470039665699,-0.006309521850198507,-0.00026521101244725287,0.0014535188674926758,-0.003468853421509266,-0.012385849840939045,-0.024212226271629333,-0.03465535119175911,-0.021402793005108833,-0.030697625130414963,-0.021051529794931412,-0.025563104078173637,-0.029291121289134026,-0.05773518979549408,-0.05652622506022453,-0.053320616483688354,-0.05546871945261955,-0.0611661896109581,-0.08232320845127106,-0.07805122435092926,-0.024945788085460663,0.02226046659052372,0.024473750963807106,0.015654945746064186,-0.011346406303346157,-0.03967098146677017,-0.060501761734485626,-0.147537961602211,-0.11199349164962769,-0.1101541668176651,-0.08270019292831421,-0.07800231128931046,-0.06262131035327911,-0.08892785757780075,-0.061441920697689056,-0.05068177357316017,-0.043379683047533035,-0.05829731002449989,-0.024010222405195236,-0.033405955880880356,-0.011580504477024078,0.005145311821252108,0.033981163054704666,0.002527519129216671,-0.002221359871327877,-0.02925962023437023,0.0026766855735331774,-0.027330398559570312,-0.05670741945505142,0.04998810961842537,-0.0017713579582050443,-0.09440745413303375,0.042667847126722336,0.02628895454108715,-0.003062519244849682,-0.03514491766691208,-0.1836240142583847,-0.0190241951495409,-0.010186946950852871,0.0861174538731575,-0.03711484372615814,-0.015453312546014786,0.04256695881485939,-0.0012625579256564379,0.03140968829393387,-0.013147326186299324,0.01769517920911312,0.021722959354519844,-0.08851412683725357,0.04843371361494064,-0.05087410286068916,0.1568053811788559,-0.13392820954322815,0.05137022212147713,0.06813469529151917,0.15496784448623657,-0.08049065619707108,-0.08836852759122849,0.11495701223611832,-0.0443599708378315,0.21513114869594574,-0.025647100061178207,-0.004303302150219679,-0.19636012613773346,0.12738096714019775,0.07159294188022614,-0.09779468178749084,-0.019084621220827103,0.3600671589374542,-0.2189846783876419,0.13664138317108154,-0.1639356166124344,0.37131670117378235,-0.36583638191223145,0.2292575091123581,-0.21033644676208496,-0.03989099711179733,0.10779056698083878,0.11359097808599472,-0.18452395498752594,0.16454434394836426,-0.21848368644714355,0.10305432230234146,0.018514558672904968,0.26315024495124817,-0.03793900087475777,-0.20217370986938477,-0.08705567568540573,0.05393906682729721,0.200006902217865,-0.3375271260738373,0.5949667692184448,-0.06163136661052704,-0.1655801385641098,0.041764285415410995,0.23589135706424713,-0.37502965331077576,0.11781966686248779,0.30657514929771423,-0.37720993161201477,0.034946002066135406,0.18539415299892426,-0.11326707899570465,0.03236783668398857,-7.762411513567713e-08,-0.014558032155036926,0.001040013274177909,2.1878340703551657e-06,4.448963863978861e-06,4.0800190618028864e-05,0.0030003301799297333,2.0536699295043945,-0.2556116580963135,0.02062329277396202,0.01990683563053608,-0.033196352422237396,0.03662911802530289,0.027756137773394585,-0.012798032723367214,0.0962594524025917
784,0.0076643419452011585,0.02816138230264187,0.046150606125593185,0.04658123478293419,0.04498109966516495,0.024948997423052788,0.00821834895759821,-0.0007527850684709847,-0.005428904201835394,-0.007822541519999504,-0.006707217078655958,-0.005829544272273779,-0.00689814193174243,-0.010999875143170357,-0.012190083041787148,-0.015345084480941296,-0.016823671758174896,-0.01348789781332016,-0.018400512635707855,-0.02324466034770012,-0.03229547291994095,-0.041235800832509995,-0.032480210065841675,-0.03535470366477966,-0.0375257283449173,-0.021221645176410675,-0.029477667063474655,-0.019275730475783348,-0.022360434755682945,-0.025820346549153328,-0.050044864416122437,-0.04558224603533745,-0.0369146391749382,-0.03120223619043827,-0.02372228540480137,-0.014146375469863415,0.017540987581014633,0.06730839610099792,0.13328279554843903,0.1598060578107834,0.22846563160419464,0.28248974680900574,0.3225049078464508,0.269088476896286,0.46950504183769226,0.22255739569664001,0.17951320111751556,0.09434767067432404,0.03897610306739807,0.0022052880376577377,-0.03604520857334137,-0.033104777336120605,-0.02142694592475891,-0.006081581115722656,0.006843146868050098,0.005245037376880646,0.015567449852824211,0.0025997485499829054,0.002165079116821289,0.0008806410478428006,-0.006026384420692921,-0.007524037268012762,-0.019254671409726143,-0.0034302358981221914,-0.011724669486284256,-0.03867463022470474,0.05433320254087448,0.003953247331082821,-0.04131390526890755,0.04989124834537506,0.002125556580722332,-0.004581613000482321,-0.010279467329382896,-0.07109449803829193,0.004333970602601767,-0.0011058155214414,-0.12861314415931702,-0.012824540957808495,0.06502676755189896,-0.19813519716262817,-0.2226528525352478,0.09035518020391464,-0.08679221570491791,-0.2651335597038269,-0.19333034753799438,0.20211206376552582,-0.1569792479276657,0.08090385794639587,-0.26360294222831726,-0.06301694363355637,-0.03517943248152733,0.007023788522928953,0.05247188359498978,-0.05464956536889076,-0.030964259058237076,-0.010031314566731453,-0.011576746590435505,-0.054668307304382324,-0.09293942153453827,-0.007690217345952988,-0.16220664978027344,0.1573328673839569,0.061905667185783386,-0.12389802187681198,-0.0025281694252043962,0.357653945684433,-0.23922879993915558,0.14427541196346283,-0.1265478879213333,0.32863613963127136,-0.493083119392395,0.1986767053604126,-0.16916091740131378,-0.06850668787956238,0.31237471103668213,0.07307863235473633,-0.2269212305545807,0.464272141456604,-0.3834418058395386,0.07249314337968826,-0.005358866881579161,0.2139991968870163,-0.018291205167770386,-0.18682239949703217,-0.03186136111617088,0.02017679251730442,0.1659839153289795,-0.33592042326927185,0.4714239537715912,-0.05621255189180374,-0.09903647005558014,-0.10858067870140076,0.2517378628253937,-0.46890172362327576,0.14997951686382294,0.451997309923172,-0.4089403748512268,0.25076887011528015,-0.01866442710161209,0.09969620406627655,0.04344803839921951,-3.610147985000367e-07,0.026139646768569946,-8.711392729310319e-05,1.4010556697030552e-06,-4.849039214605e-07,-1.2424671695043799e-05,-0.00023170527128968388,0.591618001461029,-0.09392748028039932,-0.13654504716396332,-0.009380240924656391,-0.030808985233306885,-0.18025456368923187,-0.1516808569431305,-0.06978332251310349,-0.19106194376945496
785,-0.0010111486772075295,-0.005827157758176327,-0.013015113770961761,-0.016086874529719353,-0.018005574122071266,-0.015123317018151283,-0.010776018723845482,-0.009593946859240532,-0.008795247413218021,-0.009401310235261917,-0.007893463596701622,-0.006732617039233446,-0.008758732117712498,-0.01205577701330185,-0.01434364728629589,-0.016629017889499664,-0.015167313627898693,-0.009650655090808868,-0.0061803217977285385,-8.431055903201923e-05,0.0015717350179329515,-0.003656233660876751,-0.012627176009118557,-0.02455630712211132,-0.035131826996803284,-0.022098476067185402,-0.03174137696623802,-0.021920278668403625,-0.02594015933573246,-0.030230173841118813,-0.05867404118180275,-0.057087238878011703,-0.04987313970923424,-0.046846769750118256,-0.04129907861351967,-0.03783765807747841,-0.015091104432940483,0.021562237292528152,0.055111173540353775,0.05634637922048569,0.07186755537986755,0.061102744191884995,0.02024989202618599,-0.034364860504865646,-0.13830573856830597,-0.12257949262857437,-0.11810105293989182,-0.08948294073343277,-0.08295880258083344,-0.06344038993120193,-0.09414215385913849,-0.062111977487802505,-0.05677051842212677,-0.045748643577098846,-0.06285214424133301,-0.03048045001924038,-0.05593382567167282,-0.04754630848765373,-0.057702936232089996,-0.08046147227287292,-0.024597957730293274,-0.044843487441539764,-0.07590722292661667,0.0014596546534448862,-0.02912924252450466,-0.05756334587931633,0.04875342920422554,-0.012939998880028725,-0.10382217913866043,0.03940922021865845,0.0023856689222157,-0.036369115114212036,-0.05726715549826622,-0.21634626388549805,-0.03829491138458252,-0.025800922885537148,0.09257618337869644,-0.026705898344516754,0.0016774096293374896,0.034361351281404495,0.0040665483102202415,0.03191722556948662,-0.001243026228621602,0.04971720650792122,0.051878541707992554,-0.13519573211669922,0.03453537076711655,-0.08124538511037827,0.13608039915561676,-0.15944258868694305,0.0396810844540596,0.07815667986869812,0.14983466267585754,-0.09650524705648422,-0.10008472949266434,0.08863474428653717,-0.04366271570324898,0.21286849677562714,-0.01799127645790577,0.013543006032705307,-0.21316751837730408,0.13302108645439148,0.06228572875261307,-0.09180839359760284,-0.014772462658584118,0.3724913001060486,-0.21961596608161926,0.16970038414001465,-0.1589445173740387,0.32275187969207764,-0.32870835065841675,0.2645606994628906,-0.21933212876319885,0.012646275572478771,0.05559994652867317,0.08867786824703217,-0.17970797419548035,0.1314900666475296,-0.19802160561084747,0.09886756539344788,0.04269147664308548,0.01837313361465931,-0.10773037374019623,-0.08536642044782639,-0.031125344336032867,0.027815280482172966,0.23278672993183136,-0.3283945322036743,0.5594283938407898,-0.04299398511648178,-0.13952605426311493,0.05878577008843422,0.23011741042137146,-0.3372628688812256,0.1117556169629097,0.4678172767162323,-0.4419754147529602,0.16014589369297028,0.1578294187784195,-0.05111756548285484,0.11379272490739822,-2.9896970232812237e-08,0.05961601436138153,0.0010540502844378352,5.62315699426108e-06,2.2253260567595134e-07,4.553895996650681e-05,0.0020487073343247175,2.548273801803589,-0.2700599431991577,-0.0032248252537101507,0.003605661215260625,0.02936459705233574,0.02449079044163227,0.028197091072797775,0.03421845659613609,-0.0061598606407642365
786,-0.0009886912303045392,-0.0042514498345553875,-0.009012294001877308,-0.008720866404473782,-0.01246131956577301,-0.010326015762984753,-0.0062123751267790794,-0.0015596324810758233,0.00831819511950016,0.029692066833376884,0.03750361129641533,0.041776347905397415,0.05045964941382408,0.05430442839860916,0.03256616368889809,0.008331193588674068,-0.008777813985943794,-0.01543985866010189,-0.022127339616417885,-0.025355227291584015,-0.03442807495594025,-0.04394342750310898,-0.029305746778845787,-0.028797108680009842,-0.02044657990336418,0.0040100752376019955,0.042238447815179825,0.06343542039394379,0.1044924259185791,0.10687297582626343,0.13671289384365082,0.05483169108629227,-0.0058737220242619514,-0.03495548292994499,-0.05508297681808472,-0.09053513407707214,-0.12976668775081635,-0.11644575744867325,-0.11166399717330933,-0.08208361268043518,-0.08505787700414658,-0.07431615889072418,-0.025848492980003357,0.07074039429426193,0.33553963899612427,0.3404814302921295,0.35502371191978455,0.21443763375282288,0.14434218406677246,0.02749628946185112,-0.034856878221035004,-0.03860776498913765,-0.04208950698375702,-0.03917279839515686,-0.05823402479290962,-0.027411967515945435,-0.045204322785139084,-0.030492929741740227,-0.028816988691687584,-0.012009155005216599,0.0008620033622719347,0.05557789281010628,0.1801631897687912,0.05538874492049217,0.03779449313879013,0.02688048593699932,0.0032987352460622787,-0.025537677109241486,-0.0808861032128334,0.00037089537363499403,-0.009771947748959064,-0.03908567875623703,-0.06528988480567932,-0.14184966683387756,-0.03551686555147171,-0.03391079604625702,0.012786608189344406,0.04470109939575195,0.06716470420360565,0.08078873157501221,-0.07830963283777237,0.05640475079417229,0.02756735309958458,-0.07142829895019531,-0.004317812621593475,-0.08686663210391998,0.023144463077187538,-0.050948917865753174,0.1413632184267044,-0.11568672209978104,0.03790575638413429,0.02552463859319687,0.10990191996097565,-0.046153176575899124,0.014618811197578907,-0.21911540627479553,0.2514418363571167,-0.9565652012825012,-0.0025916045997291803,-0.04530862346291542,0.09988418966531754,0.035843316465616226,0.03498319536447525,-0.0745973065495491,-0.04132505878806114,0.24493978917598724,-0.4015410244464874,0.014641715213656425,-0.13624991476535797,0.274558424949646,-0.20825612545013428,0.06907046586275101,-0.07214263826608658,0.24180445075035095,-0.11344169080257416,-0.15516789257526398,0.2197706699371338,-0.28510957956314087,-0.1024465262889862,0.089348703622818,0.09353315830230713,0.23397842049598694,-0.0890350416302681,-0.16633006930351257,-0.08050421625375748,-0.07585212588310242,0.23889726400375366,-0.11449113488197327,-0.1469642072916031,-0.029113812372088432,0.9550134539604187,0.030669545754790306,0.02929368056356907,0.7125881910324097,0.10973595827817917,-0.02887241542339325,-0.30996206402778625,0.12851892411708832,0.03588758036494255,-0.08696690201759338,0.04152492433786392,3.7343059489103325e-07,-0.014975194819271564,0.0014968106988817453,-5.072952262707986e-06,-4.831755632039858e-06,0.00029055430786684155,0.002512854291126132,-0.7238184809684753,0.1230827271938324,0.03339342772960663,-0.0014463989064097404,0.0005304920487105846,-0.004756697453558445,0.005052946973592043,0.02561959996819496,0.04134661331772804
787,0.0003701843088492751,0.0029995155055075884,0.007122483570128679,0.007339890580624342,0.003403532551601529,-0.0024793697521090508,-0.005791079252958298,-0.007927707396447659,-0.00804515928030014,-0.009279689751565456,-0.00761037040501833,-0.006562873255461454,-0.008508429862558842,-0.011845896020531654,-0.014442124404013157,-0.017693260684609413,-0.019343577325344086,-0.018120428547263145,-0.02514360286295414,-0.02959696389734745,-0.037748612463474274,-0.0498206801712513,-0.03497304394841194,-0.037183329463005066,-0.039976611733436584,-0.022442147135734558,-0.031265150755643845,-0.021429147571325302,-0.024919630959630013,-0.027667678892612457,-0.04815155267715454,-0.03890112042427063,-0.027950327843427658,-0.02331319823861122,-0.02658042311668396,-0.04422008991241455,-0.06457281112670898,-0.06193073093891144,-0.049959685653448105,-0.028531737625598907,-0.018363308161497116,-0.015841837972402573,-0.022677605971693993,-0.03570277616381645,-0.08902892470359802,-0.07142876088619232,-0.07282998412847519,-0.06192430481314659,-0.0666431188583374,-0.05694799870252609,-0.08668597787618637,-0.061171822249889374,-0.05375867709517479,-0.04514767602086067,-0.06197270750999451,-0.0307594183832407,-0.05533671751618385,-0.04488545283675194,-0.057168152183294296,-0.0839015319943428,-0.02892960049211979,-0.04807555675506592,-0.07576644420623779,0.0020655286498367786,-0.028284436091780663,-0.06048988178372383,0.047205932438373566,-0.008311562240123749,-0.09645982831716537,0.027611901983618736,0.0016505367821082473,-0.02706584706902504,-0.05462539196014404,-0.207346573472023,-0.03666035830974579,-0.020505499094724655,0.0798254907131195,-0.022895436733961105,-0.0012582625495269895,0.014117952436208725,-0.01962580531835556,0.03606608882546425,-0.015764622017741203,0.012452964670956135,0.014961848966777325,-0.09076705574989319,0.029611995443701744,-0.054968155920505524,0.1265159398317337,-0.1324637532234192,0.04256214573979378,0.06131638586521149,0.16062507033348083,-0.08899134397506714,-0.10106112062931061,0.11282148957252502,-0.05183806270360947,0.3426198661327362,0.006806576624512672,0.0377839170396328,-0.27948594093322754,0.15088941156864166,0.0638415664434433,-0.1062621995806694,-0.03101186454296112,0.35949039459228516,-0.20371045172214508,0.12639957666397095,-0.14857353270053864,0.317853182554245,-0.28358694911003113,0.23507322371006012,-0.20569057762622833,0.011852240189909935,0.078236423432827,0.11988873034715652,-0.18607059121131897,0.36128929257392883,-0.33437469601631165,0.10890296846628189,0.03194105252623558,0.2531329095363617,-0.05292382836341858,-0.1692693829536438,-0.09644848108291626,0.05873022601008415,0.24157162010669708,-0.3080897629261017,0.5526155233383179,-0.03214497119188309,-0.13108187913894653,0.04786278307437897,0.23913948237895966,-0.32348304986953735,0.10394410789012909,0.4634990990161896,-0.4398784935474396,0.18738903105258942,0.14931665360927582,-0.03658333048224449,0.08751555532217026,1.2940681699546985e-06,0.04214863106608391,0.0007954039028845727,6.088714144425467e-06,2.99313143159452e-07,4.4754626287613064e-05,-3.594678855733946e-05,2.6804752349853516,-0.42539864778518677,-0.04399065300822258,0.01851496659219265,-0.028499023988842964,-0.010518855415284634,0.0011807259870693088,-0.04643518477678299,-0.022156953811645508
788,-0.0010525529505684972,-0.005545924883335829,-0.010213534347712994,-0.013850393705070019,-0.01619177870452404,-0.014526612125337124,-0.010236088186502457,-0.008969733491539955,-0.007906511425971985,-0.009315271861851215,-0.00758116040378809,-0.006419908255338669,-0.008589510805904865,-0.011724353767931461,-0.014200115576386452,-0.01619921810925007,-0.014869637787342072,-0.009501640684902668,-0.0062390160746872425,-0.0008558978443033993,0.00040960568003356457,-0.004116801079362631,-0.012381798587739468,-0.023324280977249146,-0.0333857461810112,-0.01898549124598503,-0.018881816416978836,-0.0008193714893423021,0.020175518468022346,0.04561053216457367,0.09288845211267471,0.056402865797281265,0.009497630409896374,-0.025679465383291245,-0.05543961375951767,-0.0964074656367302,-0.1440521776676178,-0.1381743848323822,-0.13553008437156677,-0.09455976635217667,-0.09429264813661575,-0.10663861036300659,-0.11341480910778046,-0.10619184374809265,-0.19831809401512146,-0.12522663176059723,-0.11627646535634995,-0.08435672521591187,-0.07965531200170517,-0.05372476205229759,-0.08628547191619873,-0.05138259753584862,-0.037247080355882645,-0.02038990706205368,-0.013733060099184513,-0.006806778721511364,-0.014782228507101536,-0.020562049001455307,-0.03233558312058449,-0.046628665179014206,-0.01722174696624279,-0.030380474403500557,-0.043621670454740524,-0.005244136787950993,-0.014770369045436382,-0.017512857913970947,0.01618886925280094,-0.007299304939806461,-0.1046152114868164,0.00878108385950327,-0.008522376418113708,-0.038196858018636703,-0.057504259049892426,-0.18847568333148956,-0.02065984718501568,-0.008956216275691986,0.07815762609243393,-0.037380386143922806,-0.0170759130269289,0.000521965092048049,-0.02270788885653019,0.017832456156611443,-0.01429901272058487,0.02473892644047737,0.037367768585681915,-0.08332981169223785,0.03375575318932533,-0.03478193283081055,0.040031976997852325,-0.09530416876077652,-0.01016001682728529,0.017058106139302254,0.0712834969162941,-0.08762765675783157,-0.06243639811873436,0.07627756893634796,-0.07347932457923889,0.20007923245429993,-0.0402635894715786,-0.014338291250169277,-0.09841795265674591,0.0724514052271843,0.029454877600073814,-0.11214721202850342,0.01056857779622078,0.3899717330932617,-0.2653473913669586,0.14619609713554382,-0.043090205639600754,0.3918720483779907,-0.37965127825737,0.284541517496109,-0.28096964955329895,0.0337158739566803,0.1310303807258606,0.19121360778808594,-0.20883414149284363,0.5678312182426453,-0.3842722475528717,0.11080732941627502,0.056912053376436234,0.21524913609027863,-0.05172940716147423,-0.04180773347616196,0.0625750720500946,-0.03727857396006584,0.1637156903743744,-0.133586123585701,0.3645649552345276,-0.0683090090751648,0.006492259446531534,-0.016056183725595474,0.20716801285743713,-0.19838127493858337,0.1617387980222702,0.17730025947093964,-0.3744250237941742,0.13997730612754822,0.18679066002368927,-0.019011417403817177,0.08339475840330124,1.296268351325125e-06,0.007269738242030144,0.0004680952406488359,1.204550812872185e-06,1.1319357007266717e-08,6.901917367940769e-05,0.0007544962572865188,1.8660224676132202,-0.1860782653093338,0.023928167298436165,0.0036805893760174513,0.027866220101714134,0.016185954213142395,0.06481996178627014,0.022200478240847588,0.043238647282123566
789,-0.0009868916822597384,-0.005028394982218742,-0.010287570767104626,-0.009694861248135567,-0.01449609361588955,-0.012399202212691307,-0.008800613693892956,-0.007470805197954178,-0.006240291986614466,-0.006324330810457468,-0.0012381949927657843,0.005428088363260031,0.020732225850224495,0.04955753684043884,0.08087337017059326,0.09720470756292343,0.08691024780273438,0.06646079570055008,0.05825459584593773,0.04271335154771805,0.03512049838900566,0.03119981847703457,0.011916747316718102,-5.317090108292177e-05,-0.015959804877638817,-0.016504332423210144,-0.02824532426893711,-0.022730976343154907,-0.02623947523534298,-0.030114922672510147,-0.05822867900133133,-0.05876079201698303,-0.05263238027691841,-0.05526096373796463,-0.06753617525100708,-0.09759973734617233,-0.13338692486286163,-0.10637561976909637,-0.07733511179685593,-0.024120932444930077,0.013697303831577301,0.05357467383146286,0.07300969213247299,0.06700903922319412,0.1067572608590126,0.05986756831407547,0.054423727095127106,0.047832660377025604,0.0636756643652916,0.043870992958545685,0.05277795344591141,0.01408733893185854,-0.0040549724362790585,-0.014819292351603508,-0.037481337785720825,-0.026723748072981834,-0.04917160049080849,-0.042611364275217056,-0.05388733372092247,-0.07138846814632416,-0.030892953276634216,-0.04385894909501076,-0.07505455613136292,-0.0009180983179248869,-0.0310406144708395,-0.03323367238044739,0.0025490669067949057,-0.014690657146275043,0.0450461246073246,-0.010660669766366482,0.02923785336315632,0.05798572301864624,0.0726577565073967,0.1684693843126297,0.058222901076078415,0.02299387939274311,-0.08953560143709183,0.05233530327677727,0.022332971915602684,-0.011809665709733963,-0.03421880304813385,0.0036608183290809393,-0.013109616003930569,0.011300114914774895,0.03185155615210533,-0.08922506868839264,0.04081008583307266,-0.03163295239210129,0.08903828263282776,-0.14901381731033325,0.009206646122038364,0.03751662001013756,0.11840443313121796,-0.07353627681732178,-0.034160688519477844,-0.01917239837348461,0.0037186923436820507,-0.15939511358737946,0.013569573871791363,-0.058024171739816666,0.26281097531318665,-0.1459130048751831,-0.08782757073640823,0.036240916699171066,0.002361280145123601,-0.0777256041765213,-0.11580848693847656,-0.023828912526369095,-0.06353020668029785,0.28650617599487305,-0.2884432077407837,0.31614699959754944,-0.22348733246326447,0.04165126755833626,0.07302054017782211,0.14079095423221588,-0.1863754838705063,0.4662540555000305,-0.32466426491737366,0.07431234419345856,0.05202807858586311,-0.001417040592059493,-0.06056138873100281,0.05984580144286156,0.17900563776493073,0.0853981077671051,-0.13008220493793488,0.6140758991241455,-0.6979013085365295,-0.13084931671619415,0.2811916470527649,0.28039658069610596,-0.20217585563659668,0.3043282926082611,0.09520301222801208,0.10784625262022018,-0.3503422737121582,0.19336025416851044,0.18224558234214783,-0.02046249434351921,0.049062397330999374,-3.571301920857195e-09,-0.01097810361534357,-0.00029435812029987574,-1.5879639931881684e-06,4.954801511303231e-07,-2.5091638235608116e-05,-0.0005224751075729728,0.03331315144896507,0.09789325296878815,0.041902683675289154,-0.00014010847371537238,0.007874337024986744,0.033080074936151505,0.061593908816576004,0.0426066629588604,0.04086229205131531
790,-0.001046490389853716,-0.00565127981826663,-0.01170579344034195,-0.014949235133826733,-0.01641424559056759,-0.010670917108654976,-0.0024148786906152964,0.005192147567868233,0.011150488629937172,0.013857025653123856,0.007508682087063789,0.001887501566670835,-0.003065722296014428,-0.008600386790931225,-0.011038360185921192,-0.01003908272832632,-0.003979427274316549,0.0025283442810177803,0.007142094429582357,0.009772317484021187,0.009717452339828014,0.013915766030550003,0.009339979849755764,0.005666221957653761,-0.007359488867223263,-0.012045202776789665,-0.024467844516038895,-0.019845062866806984,-0.02488418109714985,-0.029267309233546257,-0.05747981369495392,-0.05713575333356857,-0.05336602032184601,-0.056222230195999146,-0.06591766327619553,-0.10206156969070435,-0.13862931728363037,-0.1262667179107666,-0.10325904935598373,-0.0651257187128067,-0.06276550889015198,-0.07495719194412231,-0.08983718603849411,-0.0947471410036087,-0.19241708517074585,-0.1223517432808876,-0.1084146499633789,-0.06989403814077377,-0.05375760793685913,-0.030200110748410225,-0.03767719119787216,-0.024118099361658096,-0.02267601527273655,-0.01832161657512188,-0.02396983653306961,-0.01316701341420412,-0.015556147322058678,-0.009717785753309727,-0.008385683409869671,-0.008769876323640347,-0.008307627402245998,-0.018209127709269524,-0.038883160799741745,-0.0007648692117072642,-0.023954235017299652,-0.04492173716425896,0.041789960116147995,-0.003326145466417074,-0.0919046476483345,0.02087574265897274,0.0055602299980819225,-0.02307898737490177,-0.03215717524290085,-0.16868922114372253,-0.022563641890883446,-0.010844022035598755,0.047797199338674545,-0.023230621591210365,-0.00740895327180624,-0.03629304841160774,-0.05243061110377312,0.022780343890190125,-0.03853863850235939,-0.021856557577848434,-0.014730784110724926,-0.06368384510278702,0.03169756010174751,-0.039720285683870316,0.10101832449436188,-0.1216513067483902,0.014388450421392918,0.0384846106171608,0.11464131623506546,-0.08400894701480865,-0.06565195322036743,0.10173165798187256,-0.046272631734609604,0.2732331454753876,0.0029023599345237017,0.02705107256770134,-0.23561535775661469,0.13334405422210693,0.057296186685562134,-0.09983373433351517,-0.003295618575066328,0.2982996106147766,-0.23897455632686615,0.09464438259601593,-0.1330840289592743,0.2918860912322998,-0.34497812390327454,0.22482258081436157,-0.19155412912368774,-0.035184722393751144,0.0874834880232811,0.1020696759223938,-0.22265370190143585,0.35675960779190063,-0.3257121741771698,0.10705258697271347,0.03488902002573013,0.15806736052036285,-0.06661058962345123,-0.11960820108652115,-0.04120631515979767,-0.004104495979845524,0.18437230587005615,-0.2799682021141052,0.48599275946617126,-0.0784420594573021,-0.05782860517501831,0.0021652530413120985,0.18646836280822754,-0.28184571862220764,0.12652359902858734,0.30428725481033325,-0.4318747818470001,0.12608708441257477,0.1821356564760208,-0.06546678394079208,0.06829183548688889,-6.804485792599735e-07,-0.018563339486718178,-0.00015998975140973926,-7.794622547407926e-07,-5.884058396077307e-07,-1.2921997949888464e-05,-4.148092193645425e-05,1.9303011894226074,-0.2043117880821228,0.014513581991195679,0.01034211739897728,-0.008092977106571198,0.04249301552772522,0.025758536532521248,-0.001923374948091805,0.043239858001470566
791,0.005104647949337959,0.02148696593940258,0.03714527562260628,0.03541659936308861,0.028584560379385948,0.010998019948601723,-0.000269766227575019,-0.005553030408918858,-0.007295673713088036,-0.00851674284785986,-0.006799655966460705,-0.005856113974004984,-0.007001579273492098,-0.01104285940527916,-0.01238118577748537,-0.015636960044503212,-0.01704515889286995,-0.013904417864978313,-0.018923206254839897,-0.023848842829465866,-0.03261925280094147,-0.04151596501469612,-0.03245430439710617,-0.03538437932729721,-0.0374772772192955,-0.02119172178208828,-0.029387349262833595,-0.019220100715756416,-0.022375542670488358,-0.025948815047740936,-0.051843028515577316,-0.049650322645902634,-0.04419165477156639,-0.0422944538295269,-0.03722652420401573,-0.030853481963276863,0.006871484220027924,0.0702853575348854,0.14529238641262054,0.16370515525341034,0.22318582236766815,0.2567787170410156,0.2782299816608429,0.22064165771007538,0.37551063299179077,0.16176006197929382,0.10668256878852844,0.03236997872591019,-0.012342602014541626,-0.03080182522535324,-0.06850967556238174,-0.049867842346429825,-0.0350811704993248,-0.019690120592713356,-0.009648244827985764,0.0016972748562693596,0.018242953345179558,0.006989484652876854,0.011071170680224895,0.012765122577548027,-0.008382110856473446,-0.0034150807186961174,-0.015322813764214516,-0.003271931316703558,-0.012931772507727146,-0.04270985350012779,0.056288495659828186,0.003150573233142495,-0.04428383335471153,0.05244704335927963,0.006326908245682716,-0.0018929153447970748,-0.011064670979976654,-0.09599623829126358,0.004177294671535492,-0.000684124999679625,-0.09275391697883606,-0.013617239892482758,0.054264772683382034,-0.17518430948257446,-0.21580974757671356,0.0668782889842987,-0.10273050516843796,-0.2680118680000305,-0.20104670524597168,0.15926474332809448,-0.11597124487161636,0.02788834646344185,-0.11896883696317673,-0.09521131217479706,0.007599310018122196,0.049420688301324844,0.1172749400138855,-0.08248452097177505,-0.06374657899141312,0.050961848348379135,-0.027404069900512695,0.053152162581682205,-0.05554131045937538,-0.007288414053618908,-0.15561355650424957,0.1480405181646347,0.06255695223808289,-0.12126313149929047,-0.004284859634935856,0.35703256726264954,-0.2433633655309677,0.13777916133403778,-0.12311910092830658,0.3187390863895416,-0.4811275899410248,0.1979430913925171,-0.16727744042873383,-0.07761919498443604,0.28585508465766907,0.08239800482988358,-0.2262655347585678,0.4733506739139557,-0.3771239221096039,0.07402494549751282,-0.0016776573611423373,0.22793523967266083,-0.028803108260035515,-0.17140233516693115,-0.031711645424366,0.028348393738269806,0.17135407030582428,-0.3255128264427185,0.477657675743103,-0.0585523322224617,-0.09643358737230301,-0.09585726261138916,0.25397172570228577,-0.4416668713092804,0.14704962074756622,0.44927531480789185,-0.43652763962745667,0.25020548701286316,-0.0016851280815899372,0.08211804926395416,0.05542033538222313,-6.311566949079861e-07,0.031826045364141464,-0.00017009950533974916,1.486401743022725e-06,-5.747685918322532e-07,-1.5881936633377336e-05,-0.00035041067167185247,0.7777690887451172,-0.14104972779750824,-0.14147934317588806,-0.009125740267336369,-0.03152430057525635,-0.16941261291503906,-0.1520986407995224,-0.10050955414772034,-0.1987209916114807
792,-0.0013801881577819586,-0.005952639039605856,-0.012177485972642899,-0.01664593257009983,-0.018958082422614098,-0.015612666495144367,-0.010968136601150036,-0.009895551018416882,-0.008887126110494137,-0.009382512420415878,-0.007854340597987175,-0.0062101660296320915,-0.007468760944902897,-0.008854378014802933,-0.0057012587785720825,0.00033296464243903756,0.006988798268139362,0.005792715586721897,0.0015266782138496637,-0.007393145002424717,-0.021648425608873367,-0.038325242698192596,-0.03208913281559944,-0.036645591259002686,-0.039294421672821045,-0.02221900224685669,-0.03081507422029972,-0.02100381627678871,-0.024859663099050522,-0.02908872812986374,-0.05534612014889717,-0.05436116084456444,-0.04951539635658264,-0.04840583726763725,-0.04638174548745155,-0.036613740026950836,0.015731442719697952,0.07696254551410675,0.08670686185359955,0.03411959484219551,0.004683205392211676,0.004959635902196169,0.06436598300933838,0.1239999532699585,0.3842664361000061,0.2494368851184845,0.18849623203277588,0.08913590759038925,0.04546704143285751,0.05189080536365509,0.11951304227113724,0.10741569101810455,0.07276683300733566,0.058294691145420074,0.05976980924606323,0.00903892982751131,0.0022324721794575453,-0.002679159864783287,0.003094037063419819,0.015390727669000626,-0.004252913407981396,-0.01129159051924944,-0.039980679750442505,0.0009939081501215696,-0.022757509723305702,-0.033923983573913574,0.02668587677180767,-0.0003135977894999087,-0.07238154858350754,0.029554886743426323,0.024300087243318558,-0.00391375320032239,-0.022898448631167412,-0.12197427451610565,-4.11365253967233e-05,0.015512530691921711,0.059073928743600845,-0.01933952234685421,-0.012495171278715134,0.033248770982027054,0.0035970171447843313,0.012632559984922409,-0.006237532943487167,-0.007758557330816984,-0.08679553121328354,0.0373680517077446,-0.16126415133476257,0.0377538688480854,-0.22896915674209595,-0.07640796899795532,-0.029928240925073624,0.0042908224277198315,0.008143370971083641,-0.07698449492454529,0.0022132587619125843,-0.032069914042949677,-0.03494035452604294,0.1242295652627945,0.029016874730587006,0.03933006897568703,-0.24807019531726837,0.16566963493824005,0.04969644546508789,-0.08914957195520401,-0.03677807375788689,0.37264952063560486,-0.18604601919651031,0.15481598675251007,-0.09332595765590668,0.4021994471549988,-0.39195603132247925,0.13262169063091278,-0.23892636597156525,0.010315499268472195,0.1963586062192917,0.11166949570178986,-0.19657863676548004,0.5353053212165833,-0.4813257157802582,0.06853454560041428,0.0036093969829380512,0.22725512087345123,0.015712937340140343,-0.21120350062847137,-0.0662955641746521,0.024465708062052727,0.15025827288627625,-0.4023921489715576,0.553162157535553,-0.1061188206076622,-0.08033471554517746,-0.004145230166614056,0.231259286403656,-0.4615322947502136,0.16468404233455658,0.48071375489234924,-0.35063785314559937,0.17732959985733032,0.06577190011739731,0.09688204526901245,0.08512964099645615,-8.034654115363082e-07,-0.008004565723240376,0.0002038307284237817,5.621640184472199e-07,1.2560028608277207e-06,1.0996632227033842e-05,0.0005532803479582071,1.1813695430755615,-0.21731603145599365,-0.1608692854642868,-0.011735028587281704,0.018627068027853966,-0.21274779736995697,-0.14253033697605133,-0.18063800036907196,-0.21035923063755035
793,-0.0009745672577992082,-0.004095503594726324,-0.0058866036124527454,-0.0017084208084270358,0.006364203989505768,0.011203896254301071,0.008524932898581028,0.0037531426642090082,-0.001694199163466692,-0.006312346085906029,-0.006861851550638676,-0.006423188839107752,-0.008537874557077885,-0.011905888095498085,-0.014487917535007,-0.01778959296643734,-0.019413741305470467,-0.018072107806801796,-0.025287047028541565,-0.029653239995241165,-0.03821911662817001,-0.050029829144477844,-0.03516923636198044,-0.037627484649419785,-0.04026234522461891,-0.0224614217877388,-0.03134575113654137,-0.021374763920903206,-0.0254460871219635,-0.02961854636669159,-0.05781630054116249,-0.05635034292936325,-0.052267350256443024,-0.05224495008587837,-0.052634965628385544,-0.06009100005030632,-0.040885280817747116,0.00813579186797142,0.04257283732295036,0.0307741928845644,0.014516178518533707,-0.018628055229783058,-0.05765063315629959,-0.08157220482826233,-0.18477176129817963,-0.13098308444023132,-0.11305779963731766,-0.07529394328594208,-0.05842610448598862,-0.03527936711907387,-0.0459880568087101,-0.035040244460105896,-0.03913994878530502,-0.03858578950166702,-0.05884475260972977,-0.03026166558265686,-0.05598283186554909,-0.044145453721284866,-0.05639904737472534,-0.0821722224354744,-0.027214478701353073,-0.047862764447927475,-0.07693398743867874,0.0024036080576479435,-0.02787131816148758,-0.05874435231089592,0.04829816520214081,-0.009080950170755386,-0.0917399525642395,0.03549331799149513,0.004267554730176926,-0.024552196264266968,-0.055476114153862,-0.20693589746952057,-0.03551403805613518,-0.018388772383332253,0.08304393291473389,-0.019933102652430534,0.0033743823878467083,0.022933611646294594,-0.011857637204229832,0.03598862886428833,-0.01151133794337511,0.012489255517721176,0.00688657583668828,-0.08097852021455765,0.026411037892103195,-0.05612175166606903,0.14229021966457367,-0.13141454756259918,0.05141882598400116,0.06661996245384216,0.15564212203025818,-0.08385666459798813,-0.10018370300531387,0.1074620857834816,-0.05013652518391609,0.3283912241458893,0.005385742522776127,0.04367827996611595,-0.27745458483695984,0.1525811105966568,0.0661260262131691,-0.10611890256404877,-0.040743615478277206,0.38441482186317444,-0.21513637900352478,0.1451738476753235,-0.17506812512874603,0.3374263346195221,-0.3121538758277893,0.2368670552968979,-0.1951204538345337,0.02101328782737255,0.08226090669631958,0.09352020174264908,-0.1784653216600418,0.25782081484794617,-0.29269081354141235,0.11160565167665482,0.03641826659440994,0.252517431974411,-0.0553986020386219,-0.2021666020154953,-0.1336331069469452,0.08158016204833984,0.26223474740982056,-0.33406874537467957,0.550740659236908,-0.037402477115392685,-0.12776243686676025,0.061531104147434235,0.24201437830924988,-0.32130667567253113,0.10387535393238068,0.45789286494255066,-0.45007675886154175,0.17848487198352814,0.14852182567119598,-0.04746004566550255,0.09336414933204651,3.5508540463524696e-07,0.03487582877278328,0.000886371242813766,5.520413651538547e-06,1.0293405239281128e-06,2.0093226339668036e-05,0.0013431794941425323,2.7131600379943848,-0.3963470757007599,-0.030514003708958626,0.014560995623469353,-0.020885160192847252,-0.012975344434380531,0.012867331504821777,-0.03901075944304466,-0.029532117769122124
794,-0.0009190865093842149,-0.003535287454724312,-0.006393834948539734,-0.006399042438715696,-0.006340506486594677,-0.0037013981491327286,0.0014590296195819974,0.007965441793203354,0.018463030457496643,0.03592946380376816,0.037136469036340714,0.027997400611639023,0.03160416707396507,0.02477543242275715,0.009005159139633179,-0.0015362751437351108,-0.00828048586845398,-0.008271929807960987,-0.012233231216669083,-0.014666442759335041,-0.01967339590191841,-0.024639295414090157,-0.01847887597978115,-0.018172839656472206,-0.012057549320161343,0.0011631599627435207,0.018421461805701256,0.03087281435728073,0.04502487555146217,0.04529282823204994,0.0443340465426445,0.0060099768452346325,-0.014737493358552456,-0.02709745615720749,-0.03928077965974808,-0.052667535841464996,-0.07070706784725189,-0.055846624076366425,-0.025973578914999962,0.032210275530815125,0.1137777715921402,0.31568726897239685,0.5782623887062073,0.6103339791297913,1.2387583255767822,0.8034763336181641,0.5906339883804321,0.3135668933391571,0.17396144568920135,0.047492362558841705,0.016882382333278656,-0.011921345256268978,-0.02391890436410904,-0.023669913411140442,-0.024877432733774185,-0.008796796202659607,0.004448114428669214,0.021644439548254013,0.033327069133520126,0.0832306519150734,0.04929095506668091,0.07162028551101685,0.0809626430273056,5.085711018182337e-05,7.138133514672518e-05,-0.021281957626342773,0.01406013872474432,-0.01714884489774704,-0.09663743525743484,-0.005062461830675602,-0.05123597010970116,-0.040767911821603775,0.014787286520004272,0.1067478358745575,-0.0011647415813058615,0.018178321421146393,0.025664037093520164,0.07117084413766861,-0.03824529051780701,0.00787420105189085,0.12463432550430298,-0.03362404555082321,0.08522158116102219,0.05122947692871094,0.09525016695261002,-0.11699439585208893,0.019820773974061012,-0.017442775890231133,-0.016635868698358536,0.017208537086844444,-0.06995794922113419,-0.3271785080432892,-0.49923625588417053,0.4640462100505829,-0.2790296673774719,-0.18753433227539062,0.1699099987745285,-1.0199044942855835,0.05050698295235634,0.028066853061318398,0.028785821050405502,0.026955369859933853,-0.01951969973742962,-0.04456509277224541,0.06494751572608948,0.07842475175857544,-0.018969811499118805,-0.06080660969018936,-0.2732442021369934,-0.6483743786811829,0.5097446441650391,-1.6897118091583252,0.8419866561889648,-0.5193156599998474,-0.7857316732406616,0.05613169074058533,-0.0014055020874366164,0.152757465839386,-0.1891971230506897,-0.026230618357658386,0.004168774001300335,-0.08051266521215439,-0.15460734069347382,1.302943229675293,-0.7682189345359802,-1.803789734840393,-1.5580220222473145,2.757465124130249,-3.438491106033325,1.0559226274490356,-0.9108359813690186,-0.047962866723537445,0.040215492248535156,-0.03642367944121361,0.17171873152256012,0.0023018857464194298,-0.13618099689483643,0.04909737408161163,0.07922693341970444,-0.018373792991042137,0.045542191714048386,-9.938352008020956e-08,-0.007802274078130722,-0.0001528201246401295,-1.6851455484356848e-06,6.447486100569222e-08,-1.577898729010485e-05,-0.00030885636806488037,2.759833574295044,0.24219445884227753,0.0380110964179039,-0.006139159202575684,-0.003927675075829029,0.022072603926062584,0.038774531334638596,0.05147378146648407,0.019443051889538765
795,-0.0007806229987181723,-0.003568443236872554,-0.0036618283484131098,0.00012825141311623156,0.006507815793156624,0.011178243905305862,0.014089412987232208,0.02007417194545269,0.029871903359889984,0.04789292812347412,0.037170011550188065,0.027801740914583206,0.01963058114051819,0.009193665347993374,-0.003738523693755269,-0.013059664517641068,-0.01621912606060505,-0.013565821573138237,-0.013802871108055115,-0.007628674153238535,0.0007239360711537302,0.016055727377533913,0.020566867664456367,0.03345992788672447,0.04457220062613487,0.023610474541783333,0.02204802818596363,0.0030792001634836197,-0.009591932408511639,-0.02079140953719616,-0.04169754311442375,-0.030810128897428513,-0.009452485479414463,0.011440017260611057,0.028561003506183624,0.031395044177770615,0.0022092873696237803,-0.03723548725247383,-0.058608390390872955,-0.05159406736493111,-0.0536961555480957,-0.06553030014038086,-0.0696999579668045,-0.06505515426397324,-0.09116487950086594,-0.03309104964137077,-0.0012393523938953876,0.02985607273876667,0.058490317314863205,0.0610286220908165,0.10305951535701752,0.05227493494749069,0.0358930304646492,0.02514505572617054,0.0400736927986145,0.02244429849088192,0.04619231075048447,0.05175486579537392,0.11092663556337357,0.16436900198459625,0.06926483660936356,0.08329350501298904,0.034654732793569565,-0.005178559571504593,-0.015688976272940636,-0.028927816078066826,0.03276688978075981,-0.0058660912327468395,-0.04851638153195381,-0.016528967767953873,0.019961193203926086,0.03290801867842674,0.028282051905989647,0.13821299374103546,0.029427651315927505,0.014802103862166405,-0.04203953593969345,0.011042994447052479,0.002720084274187684,0.003466281108558178,-0.007680355571210384,0.045076388865709305,-0.0216095931828022,-0.029649527743458748,-0.08426570147275925,0.13804899156093597,-0.069759801030159,0.010158081538975239,-0.060763441026210785,-0.04538516700267792,-0.001416363869793713,-0.0011340558994561434,0.018484055995941162,-0.03319454565644264,-0.010107641108334064,-0.10965605080127716,-0.01617324911057949,-0.30717092752456665,-0.08419661968946457,-0.09683053195476532,0.125001922249794,-0.0424608550965786,-0.02336709387600422,-0.08376768231391907,0.03984140232205391,0.20038272440433502,-0.16365933418273926,-0.07430616021156311,0.002923764521256089,-0.0013812450924888253,0.4364209771156311,-0.13049043715000153,0.08409927040338516,0.04754377901554108,-0.004292015917599201,0.009971865452826023,-0.07104567438364029,-0.02707516774535179,0.05891979858279228,0.012447329238057137,0.15695464611053467,-0.5111884474754333,0.11769799143075943,0.4960700273513794,0.4428085386753082,-0.0763610377907753,0.05714163929224014,-0.06335226446390152,0.4364616274833679,-0.10180702805519104,-0.026715407148003578,0.018737688660621643,0.08744629472494125,0.4654160141944885,-0.15047955513000488,-0.9898410439491272,1.045418620109558,-0.040605075657367706,-0.2936186194419861,0.007355262525379658,0.02396748773753643,2.2685711087433447e-07,-0.03275593742728233,-0.0003444534377194941,-3.078890358665376e-06,6.360610882438777e-07,-2.7311385565553792e-05,-0.0007840503822080791,-1.5936610698699951,0.19814817607402802,0.056066300719976425,-0.003200856503099203,-0.018199270591139793,0.03653322905302048,0.05145448446273804,0.07775355130434036,0.0637224093079567
796,-0.0013376222923398018,-0.0058907512575387955,-0.012344729155302048,-0.01687956042587757,-0.019041409716010094,-0.015598778612911701,-0.010993422009050846,-0.009904065169394016,-0.008675712160766125,-0.009463469497859478,-0.007696830667555332,-0.006530551705509424,-0.008433062583208084,-0.011563959531486034,-0.013811422511935234,-0.015764538198709488,-0.014690584503114223,-0.009333360940217972,-0.006269901525229216,-0.00020339508773759007,0.0009129171376116574,-0.003955935128033161,-0.012407650239765644,-0.023781321942806244,-0.03371221572160721,-0.020315000787377357,-0.026679787784814835,-0.015011686831712723,-0.011113554239273071,-0.006852212827652693,-0.009902598336338997,-0.02051212079823017,-0.03240695595741272,-0.045724641531705856,-0.06107785180211067,-0.09938125312328339,-0.13712668418884277,-0.1305224448442459,-0.10794047266244888,-0.06701036542654037,-0.06309608370065689,-0.07531210780143738,-0.09065697342157364,-0.09402134269475937,-0.19004851579666138,-0.12499009072780609,-0.10486448556184769,-0.06211285665631294,-0.03474051505327225,-0.007333672605454922,-0.0014808023115620017,-0.007968520745635033,-0.02272065170109272,-0.030967161059379578,-0.052757516503334045,-0.029524080455303192,-0.05141552910208702,-0.038822174072265625,-0.04377574846148491,-0.05685589089989662,-0.019696321338415146,-0.036219097673892975,-0.0662788450717926,-0.0028212564066052437,-0.03735299035906792,-0.06759791821241379,0.039646297693252563,-0.010007774457335472,-0.09757877886295319,0.025239907205104828,-0.00027681197389028966,-0.026884060353040695,-0.05359023064374924,-0.20489318668842316,-0.03919996693730354,-0.026764478534460068,0.07272668927907944,-0.025697043165564537,-0.006934056524187326,-0.01619970053434372,-0.04887887090444565,0.028183821588754654,-0.02532140351831913,0.010399213060736656,0.0219354759901762,-0.09713766723871231,0.034459758549928665,-0.0552540048956871,0.12026387453079224,-0.12474096566438675,0.023888029158115387,0.04762008786201477,0.14025302231311798,-0.08006097376346588,-0.07828707247972488,0.09199219942092896,-0.06303802132606506,0.2818607985973358,0.0003574008005671203,0.02160218171775341,-0.2380402833223343,0.13224367797374725,0.04985380172729492,-0.11029462516307831,-0.02721872180700302,0.36997121572494507,-0.19324009120464325,0.13351468741893768,-0.13401715457439423,0.3080679476261139,-0.2960957884788513,0.22818970680236816,-0.2558053731918335,-0.032238978892564774,0.06236720457673073,0.10871222615242004,-0.20021358132362366,0.44792771339416504,-0.39636677503585815,0.10001116991043091,0.03270026668906212,0.2285989671945572,-0.045233648270368576,-0.21025311946868896,-0.13227161765098572,0.052620597183704376,0.21943093836307526,-0.33575358986854553,0.5320274829864502,-0.058815453201532364,-0.08308522403240204,0.02710193768143654,0.2314756065607071,-0.34590715169906616,0.1308552324771881,0.4149459898471832,-0.44074568152427673,0.20235992968082428,0.142497718334198,-0.040972523391246796,0.07127924263477325,2.173097527702339e-06,-0.009717801585793495,0.0007930488209240139,-1.9047806176786253e-07,3.713967544172192e-06,6.943628250155598e-05,0.0013254459481686354,2.9538018703460693,-0.4060705006122589,-0.024665076285600662,0.011689073406159878,0.028025522828102112,-0.01298767700791359,-0.014404523186385632,-0.0017796215834096074,-0.015036334283649921
797,0.002459137002006173,0.012968473136425018,0.026570433750748634,0.030729489400982857,0.02366463840007782,0.010044355876743793,0.002987304935231805,0.00434855418279767,0.009194783866405487,0.014128783717751503,0.010899161919951439,0.00500813452526927,1.9200406313757412e-05,-0.006903501693159342,-0.012209584936499596,-0.016806352883577347,-0.01888544112443924,-0.017375191673636436,-0.02361784502863884,-0.02880259044468403,-0.03681608662009239,-0.04866502061486244,-0.03453090414404869,-0.036958951503038406,-0.039837546646595,-0.022146383300423622,-0.030941013246774673,-0.021077102050185204,-0.024819381535053253,-0.029005074873566628,-0.05645427107810974,-0.05552024394273758,-0.05206090956926346,-0.05375839024782181,-0.05988260358572006,-0.08473901450634003,-0.10322629660367966,-0.09248559921979904,-0.08612263947725296,-0.06836701184511185,-0.07486297190189362,-0.07463953644037247,-0.04911975935101509,-0.007554422132670879,0.05928530544042587,0.04805724322795868,0.025819478556513786,-0.0063552758656442165,-0.027182821184396744,-0.02436678670346737,-0.02420184202492237,-0.0052628954872488976,-0.006184583529829979,-0.010866042226552963,-0.02983514405786991,-0.02049349434673786,-0.03941158950328827,-0.02927536517381668,-0.03518403321504593,-0.0507613942027092,-0.016514761373400688,-0.036694638431072235,-0.0701383650302887,0.006362070329487324,-0.029611246660351753,-0.06262798607349396,0.049414049834012985,0.0006972994888201356,-0.09013745188713074,0.033187102526426315,0.02064412273466587,-0.00611331919208169,-0.033973172307014465,-0.17900840938091278,-0.02411951869726181,-0.0022793207317590714,0.08714233338832855,-0.023698028177022934,-0.006061709951609373,0.004084455315023661,-0.02969110570847988,0.02935633808374405,-0.015127280727028847,0.011156215332448483,0.0055216033942997456,-0.06257270276546478,0.016810452565550804,-0.030087275430560112,0.06363078206777573,-0.11956614255905151,0.027375416830182076,0.04661216586828232,0.13247179985046387,-0.07199426740407944,-0.0636005699634552,0.0826583057641983,-0.05780283734202385,0.2963272035121918,0.028063703328371048,0.040507134050130844,-0.2395593523979187,0.140861377120018,0.06285780668258667,-0.1065947487950325,-0.029880132526159286,0.34503453969955444,-0.1901625245809555,0.10381519049406052,-0.10583490878343582,0.3327283561229706,-0.33989593386650085,0.18658427894115448,-0.23231829702854156,-0.03269309550523758,0.09473713487386703,0.11436741799116135,-0.19541749358177185,0.46701082587242126,-0.4413190484046936,0.08663288503885269,0.02039215713739395,0.2904300093650818,-0.015637565404176712,-0.1846253126859665,-0.09307687729597092,0.05238763242959976,0.19911980628967285,-0.3196205794811249,0.5087577104568481,-0.07183478772640228,-0.06721064448356628,0.02165580913424492,0.2395911067724228,-0.36723044514656067,0.1291998326778412,0.3899742066860199,-0.4132450222969055,0.19241198897361755,0.15617768466472626,-0.023556722328066826,0.07093414664268494,3.619687731770682e-06,0.01889076642692089,0.0009714174084365368,2.1893959001317853e-06,1.9012838947674027e-06,0.00011013475159415975,0.0006917144637554884,2.286424398422241,-0.34962373971939087,-0.0672859475016594,0.027595464140176773,-0.02899932488799095,0.0244282316416502,-0.08070555329322815,-0.12900467216968536,0.019754108041524887
798,0.00895125512033701,0.03394142910838127,0.05584601312875748,0.05685970559716225,0.058986689895391464,0.03854212909936905,0.01951511763036251,0.008492694236338139,-0.00011069900938309729,-0.00527452165260911,-0.005988569464534521,-0.005671639461070299,-0.006679733749479055,-0.01090203132480383,-0.011993277817964554,-0.015170222148299217,-0.01650882698595524,-0.013137090019881725,-0.017868371680378914,-0.02274092100560665,-0.03186143562197685,-0.04075761139392853,-0.03241267800331116,-0.03492201492190361,-0.03714672848582268,-0.021165866404771805,-0.029422812163829803,-0.01933920942246914,-0.02215365692973137,-0.02602333389222622,-0.05186883360147476,-0.05108335614204407,-0.047262392938137054,-0.04912295192480087,-0.04945657402276993,-0.05403917282819748,-0.027708405628800392,0.03350464627146721,0.11163429170846939,0.15748107433319092,0.24425458908081055,0.330361545085907,0.39441078901290894,0.34993472695350647,0.6401938796043396,0.32726648449897766,0.28351080417633057,0.16508054733276367,0.09960480034351349,0.049435608088970184,0.03110230714082718,0.0007302813464775681,-0.007322441786527634,-0.0012899792054668069,0.009604615159332752,0.0066582015715539455,0.02018926851451397,0.003562488127499819,0.0040914821438491344,0.002413626993075013,-0.007175065577030182,-0.006852046586573124,-0.01735146902501583,-0.0037047897931188345,-0.010717963799834251,-0.0411824956536293,0.056905779987573624,0.005581595003604889,-0.03965023159980774,0.050221387296915054,-2.4863556973286904e-05,-0.004735257476568222,-0.005755091086030006,-0.09834690392017365,0.007338103838264942,0.0036729497369378805,-0.09773179143667221,-0.013293835334479809,0.0800178200006485,-0.2082793414592743,-0.2106238603591919,0.13875678181648254,-0.05920935422182083,-0.312561571598053,-0.23323798179626465,0.2620583772659302,-0.24777163565158844,0.14543434977531433,-0.4395637512207031,-0.020634464919567108,-0.0821617841720581,-0.029874490574002266,-0.007044491358101368,-0.030938852578401566,-0.00698635820299387,-0.03767349198460579,-0.00978568010032177,-0.11042662709951401,-0.1426689475774765,-0.024728424847126007,-0.12204501032829285,0.1231166273355484,0.04875985160470009,-0.11256960779428482,0.002647912595421076,0.3618793189525604,-0.23123934864997864,0.1496175080537796,-0.12701410055160522,0.3284122347831726,-0.4998380243778229,0.1907750815153122,-0.16976942121982574,-0.06842844933271408,0.33157169818878174,0.05851192772388458,-0.2281554937362671,0.45581895112991333,-0.38969796895980835,0.060644831508398056,-0.009554692544043064,0.2025342732667923,-0.007181800436228514,-0.20300132036209106,-0.030227046459913254,0.006167585030198097,0.16022896766662598,-0.3390839695930481,0.4649479389190674,-0.055416032671928406,-0.09275166690349579,-0.11985698342323303,0.2525510787963867,-0.4885675609111786,0.16169093549251556,0.464016318321228,-0.37107205390930176,0.26101186871528625,-0.041961733251810074,0.11790742725133896,0.03715994954109192,-5.775372073912877e-07,0.02700125239789486,-0.00039336111512966454,-4.1039356801775284e-07,-5.11155064941704e-07,-2.830884295690339e-05,-0.0006410678033716977,0.35389962792396545,-0.06092768535017967,-0.13071566820144653,-0.008532501757144928,-0.03101223334670067,-0.1677006483078003,-0.1407107710838318,-0.06393396854400635,-0.18412712216377258
799,0.0025580970104783773,0.005599192809313536,0.00210515852086246,-0.0056823925115168095,-0.012644819915294647,-0.013186661526560783,-0.01029399037361145,-0.009660445153713226,-0.008642949163913727,-0.009309818968176842,-0.007442038971930742,-0.006051265634596348,-0.007764167618006468,-0.0112113943323493,-0.013027654029428959,-0.01637321151793003,-0.018138380721211433,-0.015038730576634407,-0.02016673982143402,-0.025421053171157837,-0.034135594964027405,-0.04368916526436806,-0.033025890588760376,-0.0367092601954937,-0.0381767712533474,-0.02132500521838665,-0.029623419046401978,-0.01965518295764923,-0.023502927273511887,-0.0268496535718441,-0.05013388395309448,-0.042900450527668,-0.029673729091882706,-0.015094366855919361,0.006943134590983391,0.0518195703625679,0.13225987553596497,0.18359161913394928,0.20542220771312714,0.15978968143463135,0.17171604931354523,0.16098272800445557,0.14758430421352386,0.08085425943136215,0.08938656002283096,0.00973657239228487,-0.016279608011245728,-0.02600497379899025,-0.03442196920514107,-0.03518274053931236,-0.05911969393491745,-0.035727180540561676,-0.019937774166464806,-0.003907701466232538,0.007321688812226057,0.003007897874340415,0.011828755959868431,0.0029052363242954016,0.00014027459837961942,0.0011437780922278762,-0.005112863145768642,-0.008129972964525223,-0.02058360166847706,-0.004713462200015783,-0.017593495547771454,-0.04122106730937958,0.045306626707315445,-0.0018979959422722459,-0.06198820471763611,0.03960039094090462,0.005659999325871468,-0.006534230895340443,-0.019778532907366753,-0.07194186747074127,0.0030927550978958607,-0.006936124991625547,-0.10666276514530182,0.002622797852382064,0.0161824319511652,-0.16380001604557037,-0.17234642803668976,-0.01326505932956934,-0.09166286885738373,-0.11933444440364838,-0.08928442746400833,-0.001790132955648005,-0.005364895798265934,-0.03437219187617302,0.07336429506540298,-0.11718178540468216,0.021422389894723892,0.053385380655527115,0.1093096137046814,-0.06894854456186295,-0.049799393862485886,0.0379057340323925,-0.033396486192941666,0.10327300429344177,-0.0037018069997429848,0.009113794192671776,-0.21344558894634247,0.1521439105272293,0.06283705681562424,-0.10802043974399567,-0.012673933058977127,0.3610003888607025,-0.21853211522102356,0.13572409749031067,-0.10923744738101959,0.34602275490760803,-0.44755616784095764,0.18712732195854187,-0.2218875288963318,-0.060424428433179855,0.21877610683441162,0.09874921292066574,-0.19370631873607635,0.5140112042427063,-0.40585753321647644,0.09756825864315033,-0.014019334688782692,0.2537630796432495,-0.013351371511816978,-0.16804008185863495,-0.061077781021595,0.04547400400042534,0.16486112773418427,-0.3633502423763275,0.503727912902832,-0.08955204486846924,-0.10344703495502472,-0.0655793771147728,0.24477273225784302,-0.409871906042099,0.1531703919172287,0.4605974853038788,-0.48138177394866943,0.23258076608181,0.0549711175262928,0.050144635140895844,0.050500866025686264,-8.759137131164607e-07,0.03657292202115059,-0.0001827774103730917,1.4015068927619723e-06,-1.0762971669464605e-06,-1.2029777280986309e-05,-0.0002356465847697109,1.135258674621582,-0.21229006350040436,-0.15734131634235382,-0.011626830324530602,-0.032500386238098145,-0.18789057433605194,-0.16742919385433197,-0.13954071700572968,-0.21240444481372833
800,0.007612884510308504,0.02889532782137394,0.041013944894075394,0.02788570336997509,0.012297331355512142,-0.0019648841116577387,-0.006697343196719885,-0.008335372433066368,-0.0081270020455122,-0.008828457444906235,-0.006562875583767891,-0.005849880166351795,-0.006941455416381359,-0.01101227942854166,-0.012379756197333336,-0.015681924298405647,-0.017046546563506126,-0.014059196226298809,-0.018998360261321068,-0.024143943563103676,-0.03282934054732323,-0.04120415821671486,-0.03230662643909454,-0.03514896705746651,-0.03724150359630585,-0.021169759333133698,-0.029294434934854507,-0.019093168899416924,-0.022140419110655785,-0.025721613317728043,-0.05212854593992233,-0.05092720687389374,-0.048697926104068756,-0.05196250602602959,-0.052577242255210876,-0.05444813519716263,-0.010738298296928406,0.07677792757749557,0.18009619414806366,0.21303729712963104,0.3163421154022217,0.38643237948417664,0.41583165526390076,0.29814061522483826,0.3602432608604431,0.06990847736597061,-0.02174174226820469,-0.05286810174584389,-0.059290602803230286,-0.04994633048772812,-0.0812140703201294,-0.055196188390254974,-0.04227185994386673,-0.03243226930499077,-0.037246789783239365,-0.010979839600622654,-0.00014720979379490018,0.008019891567528248,0.024274703115224838,0.04249518737196922,-0.0066994610242545605,0.005930923856794834,-0.014879749156534672,-0.0004929604474455118,-0.01567230001091957,-0.04760260879993439,0.05351269617676735,-0.005710689816623926,-0.04727517068386078,0.05505937710404396,0.0012171892449259758,-0.0012181412894278765,-0.010613784193992615,-0.1559404879808426,0.006613872945308685,9.099902672460303e-05,-0.0947846844792366,-0.005586405750364065,0.07872974127531052,-0.21017275750637054,-0.3008444905281067,0.03444402664899826,-0.10569604486227036,-0.31722819805145264,-0.22743894159793854,0.17694807052612305,-0.05986684933304787,-0.02590421587228775,0.1080779954791069,-0.1312428116798401,0.02326655201613903,0.07057969272136688,0.14900057017803192,-0.09215385466814041,-0.07439877837896347,0.08534599840641022,-0.03735807165503502,0.11649562418460846,-0.044737737625837326,-0.022447548806667328,-0.1252046376466751,0.11662593483924866,0.04892329126596451,-0.12116435915231705,0.003072052961215377,0.36160409450531006,-0.24008594453334808,0.13540217280387878,-0.11605614423751831,0.30277225375175476,-0.4779309332370758,0.22301216423511505,-0.15903909504413605,-0.11890634149312973,0.28201717138290405,0.07014205306768417,-0.23368047177791595,0.4804449677467346,-0.35741040110588074,0.07956939190626144,-0.00023089606838766485,0.25842419266700745,-0.05519597977399826,-0.15345646440982819,-0.026575174182653427,0.04395781829953194,0.1718532145023346,-0.31869935989379883,0.47106438875198364,-0.053824424743652344,-0.10034394264221191,-0.10388942062854767,0.276174932718277,-0.4116228520870209,0.16310717165470123,0.4301632344722748,-0.49834442138671875,0.2627408504486084,0.008262690156698227,0.06396910548210144,0.0556592121720314,-2.7670967028825544e-07,0.04237693175673485,8.354171586688608e-05,4.00801263822359e-06,-4.563379150113178e-07,-1.1891631402249914e-05,-0.00035044457763433456,0.8455237746238708,-0.1365428864955902,-0.14018237590789795,-0.00958119798451662,-0.028226392343640327,-0.16388949751853943,-0.14391176402568817,-0.06112266704440117,-0.20400121808052063
801,-0.0009530850220471621,-0.00519208051264286,-0.010036668740212917,-0.009881626814603806,-0.014035498723387718,-0.011665340512990952,-0.007374596782028675,-0.003787863301113248,0.001073194551281631,0.008407250046730042,0.010989862494170666,0.013104381039738655,0.018926359713077545,0.028917094692587852,0.04197671636939049,0.0563642792403698,0.06085708364844322,0.05380437895655632,0.05079333111643791,0.038190633058547974,0.03356363996863365,0.03694583475589752,0.02173440344631672,0.016166947782039642,0.002618316328153014,-0.007590199820697308,-0.020542053505778313,-0.01976066455245018,-0.024916931986808777,-0.029065459966659546,-0.056525494903326035,-0.05509647727012634,-0.046818818897008896,-0.04278453066945076,-0.04260297119617462,-0.05231418088078499,-0.06340786814689636,-0.05334785580635071,-0.045676182955503464,-0.02793075703084469,-0.019041521474719048,-0.009191226214170456,0.0016287800390273333,0.00522060040384531,0.022039353847503662,0.02259286493062973,0.0404859259724617,0.050190702080726624,0.07030275464057922,0.045361872762441635,0.049581773579120636,0.012986690737307072,-0.0014302263734862208,-0.0070732347667217255,-0.01973324455320835,-0.01627819426357746,-0.03333693742752075,-0.028636576607823372,-0.03685428574681282,-0.03971526399254799,-0.013369436375796795,-0.015270428732037544,-0.021350039169192314,-0.005229280795902014,-0.01200796291232109,-0.012102183885872364,-0.00932843703776598,-0.019385244697332382,-0.006283422466367483,-0.012596909888088703,0.0052355267107486725,0.017041804268956184,0.03119785524904728,0.1171395555138588,0.03997040539979935,0.013138500973582268,-0.054523877799510956,0.035431016236543655,0.03513152152299881,-0.012374320067465305,-0.0379602424800396,0.017140446230769157,-0.025162458419799805,-0.00023803913791198283,0.01067044772207737,-0.0646599754691124,0.023236025124788284,-0.03521912544965744,0.054143816232681274,-0.12383247911930084,0.000634358380921185,0.026916831731796265,0.049472831189632416,-0.05214639753103256,-0.025964869186282158,-0.007516591344028711,-0.02498280070722103,-0.07753468304872513,-0.03755781427025795,-0.06831786036491394,0.11212228983640671,-0.09003061801195145,-0.06359689682722092,-0.01545395702123642,-0.00794287584722042,-0.012986432760953903,-0.11201224476099014,-0.029932105913758278,-0.09569168835878372,0.21019761264324188,-0.21448127925395966,0.2341674566268921,-0.16397398710250854,-0.002530434401705861,0.024061957374215126,0.07705634087324142,-0.15983836352825165,0.14589762687683105,-0.1662360280752182,0.0394580103456974,0.020699072629213333,-0.06540606170892715,-0.03466237336397171,0.02227732539176941,0.11568515747785568,0.0761108249425888,0.001225848332978785,0.28597116470336914,-0.32589662075042725,-0.11133211106061935,0.12182240188121796,0.15623153746128082,-0.05819939821958542,0.2401360273361206,0.0899583250284195,0.003991942852735519,-0.17150497436523438,0.025286346673965454,0.12620829045772552,-0.027503488585352898,0.04907827451825142,5.102500111320296e-08,-0.029216669499874115,-0.0002567504998296499,-2.5711965463415254e-06,3.3676059274512227e-07,-2.684703576960601e-05,-0.0002752398722805083,0.3213415741920471,0.07703068107366562,0.03528659790754318,0.0007244912558235228,-0.001987969968467951,0.037704214453697205,0.051423776894807816,0.037316493690013885,0.04103849455714226
802,-0.0013233909849077463,-0.00586717389523983,-0.012338307686150074,-0.01687968149781227,-0.018821192905306816,-0.014547962695360184,-0.00812352541834116,-0.002657482633367181,0.004482227377593517,0.01147021446377039,0.011777324602007866,0.0075249155052006245,0.003502876730635762,-0.0037581187207251787,-0.009936234913766384,-0.014459770172834396,-0.014355051331222057,-0.009277915582060814,-0.006326844450086355,-0.00026463656104169786,0.0009166328236460686,-0.0039531453512609005,-0.012435944750905037,-0.023923417553305626,-0.03432279825210571,-0.021292388439178467,-0.030718956142663956,-0.021158065646886826,-0.024791834875941277,-0.029258238151669502,-0.056868474930524826,-0.05611187219619751,-0.052743323147296906,-0.05598876625299454,-0.06561203300952911,-0.10159941017627716,-0.13831086456775665,-0.13097605109214783,-0.10808280110359192,-0.06676039099693298,-0.06305760145187378,-0.07513764500617981,-0.09044825285673141,-0.09402073174715042,-0.19022902846336365,-0.1243574321269989,-0.1043204590678215,-0.06178989261388779,-0.03493513911962509,-0.00757491122931242,-0.0015009641647338867,-0.008205483667552471,-0.022544289007782936,-0.030416443943977356,-0.051671989262104034,-0.027518954128026962,-0.04725560545921326,-0.03227739408612251,-0.031693845987319946,-0.03299408778548241,-0.011889809742569923,-0.02454294264316559,-0.054772187024354935,-0.00021912303054705262,-0.0337151475250721,-0.06477029621601105,0.04165732115507126,-0.008333534002304077,-0.09399057924747467,0.02158312126994133,0.0037658943329006433,-0.021034155040979385,-0.043442025780677795,-0.19141651690006256,-0.032391324639320374,-0.01988544873893261,0.07604850828647614,-0.024702560156583786,-0.007218368351459503,-0.016803884878754616,-0.048059895634651184,0.03058776631951332,-0.025600595399737358,0.011409779079258442,0.024847332388162613,-0.09448562562465668,0.03790108859539032,-0.0538979172706604,0.12330668419599533,-0.12510383129119873,0.02381480671465397,0.048357170075178146,0.14271199703216553,-0.07677061855792999,-0.07756192237138748,0.09408697485923767,-0.06172053515911102,0.27932682633399963,-0.00109442591201514,0.021397029981017113,-0.2244861125946045,0.12835116684436798,0.051830586045980453,-0.10587933659553528,-0.02527347020804882,0.3741476535797119,-0.18959110975265503,0.12869097292423248,-0.12251830101013184,0.3075941205024719,-0.28536179661750793,0.22428129613399506,-0.23979581892490387,-0.0359019972383976,0.07365433126688004,0.11208584904670715,-0.19280259311199188,0.46944379806518555,-0.4086853861808777,0.09818486869335175,0.027786215767264366,0.2390594333410263,-0.03724879398941994,-0.21178367733955383,-0.13324125111103058,0.049379266798496246,0.21013668179512024,-0.33999598026275635,0.539512574672699,-0.0621434785425663,-0.08416197448968887,0.021405590698122978,0.22890256345272064,-0.35046184062957764,0.13448289036750793,0.4273533821105957,-0.442598432302475,0.20948758721351624,0.1458253264427185,-0.034821249544620514,0.06658066064119339,2.208902742495411e-06,-0.009902555495500565,0.0008055907092057168,-3.101537231486873e-07,3.660554511952796e-06,6.950783426873386e-05,0.0013298267731443048,2.8747427463531494,-0.3892761468887329,-0.039612412452697754,0.013880549930036068,-0.004277890082448721,-0.012995438650250435,-0.014391394332051277,-0.026302911341190338,-0.015052597969770432
803,-0.0011241333559155464,-0.0059893750585615635,-0.012612071819603443,-0.015003722161054611,-0.017993560060858727,-0.014834534376859665,-0.010414828546345234,-0.009300639852881432,-0.008430338464677334,-0.009205599315464497,-0.007169441320002079,-0.006539513356983662,-0.008214064873754978,-0.011793057434260845,-0.013218569569289684,-0.011910847388207912,-0.0014441660605370998,0.017580917105078697,0.05370393395423889,0.09033884108066559,0.12328706681728363,0.14161992073059082,0.05805567279458046,0.01625956781208515,-0.017441794276237488,-0.018926145508885384,-0.030728695914149284,-0.021855268627405167,-0.026062609627842903,-0.02970859594643116,-0.058729685842990875,-0.05894836410880089,-0.05439440906047821,-0.059003379195928574,-0.06764315813779831,-0.10347174853086472,-0.1419377326965332,-0.13074760138988495,-0.10815966129302979,-0.06759800016880035,-0.06531664729118347,-0.07808384299278259,-0.09294381737709045,-0.09862281382083893,-0.1933533400297165,-0.11877426505088806,-0.07140075415372849,0.006738108582794666,0.11154253780841827,0.1634850651025772,0.2860705554485321,0.14960864186286926,0.0713317021727562,0.010900742374360561,-0.03197069466114044,-0.02655804716050625,-0.043243780732154846,-0.022877119481563568,-0.009562833234667778,0.011317201890051365,0.0031410304363816977,-0.005939522758126259,-0.03377719223499298,-0.004226077347993851,-0.02435946650803089,-0.052578821778297424,0.05210928991436958,-0.012161501683294773,-0.10712068527936935,0.02190960757434368,-0.013879765756428242,-0.04981738328933716,-0.06230770796537399,-0.23640616238117218,-0.05650918185710907,-0.0425703190267086,0.042937446385622025,-0.011960496194660664,0.000547944160643965,-0.10468623042106628,-0.11821386963129044,0.031225377693772316,-0.05053464323282242,-0.026291247457265854,-0.012508123181760311,-0.09417036920785904,0.029326368123292923,-0.06181004270911217,0.08168307691812515,-0.11997558176517487,0.0008962822030298412,0.04030408710241318,0.1263706535100937,-0.0891190841794014,-0.09134368598461151,0.1119254007935524,-0.028544755652546883,0.27171245217323303,-0.018605725839734077,0.005184958688914776,-0.1646953523159027,0.11510811746120453,0.03827787935733795,-0.10807672888040543,0.01647212915122509,0.34198758006095886,-0.23437264561653137,0.05489496514201164,-0.08266361057758331,0.15614669024944305,-0.018803374841809273,0.21432867646217346,-0.12099669128656387,-0.014627364464104176,0.04300171881914139,0.09136661142110825,-0.1875901222229004,0.29802241921424866,-0.2095210701227188,0.08370283246040344,0.06268835812807083,-0.01945972442626953,-0.0613531656563282,-0.11216434836387634,-0.08977466076612473,0.016405818983912468,0.22291196882724762,-0.23839613795280457,0.3717328608036041,-0.08841558545827866,0.081355020403862,0.0184206310659647,0.1753646433353424,-0.27998870611190796,0.11241286247968674,0.37701863050460815,-0.49048691987991333,0.1715514361858368,0.14708729088306427,-0.11676178872585297,0.06646831333637238,3.7843751670152415e-06,-0.010098825208842754,0.0012557338923215866,-5.262315383447458e-08,2.985398452892696e-07,0.00017377742915414274,0.0013242884306237102,2.132269859313965,-0.14355282485485077,-0.01125186588615179,0.006287803873419762,0.028471121564507484,-0.012591990642249584,-0.014078957960009575,-0.05049392580986023,-0.014343413524329662
804,0.005361880175769329,0.025685593485832214,0.04467959702014923,0.03864601254463196,0.025929369032382965,0.006210070103406906,-0.0034560447093099356,-0.007230982184410095,-0.007879802957177162,-0.00881245732307434,-0.006782661657780409,-0.00587303563952446,-0.007017894648015499,-0.011078206822276115,-0.012516628950834274,-0.015734851360321045,-0.017124880105257034,-0.014081819914281368,-0.01889909617602825,-0.023911459371447563,-0.03259454295039177,-0.04124242812395096,-0.03231917694211006,-0.03525127097964287,-0.03742077574133873,-0.021094156429171562,-0.029357340186834335,-0.01907963491976261,-0.022437667474150658,-0.025819264352321625,-0.05207833647727966,-0.050477754324674606,-0.046582259237766266,-0.045896824449300766,-0.039496906101703644,-0.025740601122379303,0.023822158575057983,0.07896021753549576,0.13016243278980255,0.1365630030632019,0.20484931766986847,0.27757206559181213,0.3526134192943573,0.3059038817882538,0.49072185158729553,0.16136112809181213,0.05289938673377037,-0.021431833505630493,-0.0477113239467144,-0.046598006039857864,-0.07790710031986237,-0.051579419523477554,-0.03602263331413269,-0.024362411350011826,-0.02587033063173294,-0.008146241307258606,-0.0005111262435093522,0.004589164163917303,0.019187934696674347,0.033594220876693726,-0.011575107462704182,0.0004779454611707479,-0.019010676071047783,0.0004529219295363873,-0.014271615073084831,-0.043275509029626846,0.05386748164892197,0.003157468745484948,-0.042129211127758026,0.055568426847457886,0.007784999907016754,0.0032247917260974646,-0.00910085067152977,-0.13151849806308746,0.00448424369096756,-0.0005478467792272568,-0.09217362105846405,-0.009830520488321781,0.07584220170974731,-0.187641441822052,-0.22441375255584717,0.07356087863445282,-0.0936296358704567,-0.3057386875152588,-0.24709607660770416,0.20718377828598022,-0.12678752839565277,0.0112979207187891,-0.02468235231935978,-0.1168227419257164,0.0322023406624794,0.06862211972475052,0.14274880290031433,-0.0992295891046524,-0.07709424942731857,0.06838931143283844,-0.02950340509414673,0.04940182343125343,-0.07332135736942291,-0.021533755585551262,-0.12444980442523956,0.12198346108198166,0.0567680262029171,-0.11617228388786316,-0.004640307743102312,0.36119258403778076,-0.24157632887363434,0.12989787757396698,-0.10897820442914963,0.3104736804962158,-0.47657373547554016,0.1984853893518448,-0.1616745889186859,-0.0948227196931839,0.2929416596889496,0.06839464604854584,-0.229679137468338,0.4774470627307892,-0.3708861470222473,0.0769408568739891,-0.00301508791744709,0.24604514241218567,-0.035354938358068466,-0.16631534695625305,-0.026898788288235664,0.04166281223297119,0.16993215680122375,-0.31467559933662415,0.4754601716995239,-0.051723115146160126,-0.09483594447374344,-0.10799094289541245,0.24841049313545227,-0.4307878017425537,0.15257743000984192,0.44225752353668213,-0.45484864711761475,0.24709752202033997,-0.003745101857930422,0.08270452916622162,0.057034268975257874,-5.353382448447519e-07,0.0386221669614315,0.00010935193131444976,3.525350848576636e-06,-4.889834031018836e-07,-8.18709213490365e-06,-0.00018711169832386076,0.7673389911651611,-0.13968157768249512,-0.14009013772010803,-0.008934267796576023,-0.027079282328486443,-0.16909554600715637,-0.1454840898513794,-0.07918190956115723,-0.2007974237203598
805,0.0046123722568154335,0.0199651550501585,0.04010021686553955,0.051886118948459625,0.06226404011249542,0.0453329011797905,0.023916734382510185,0.010852728970348835,0.0007562063983641565,-0.005071473773568869,-0.006094314157962799,-0.005730065051466227,-0.006930117961019278,-0.010995622724294662,-0.012187410145998001,-0.015399342402815819,-0.0168315339833498,-0.013468479737639427,-0.01839844323694706,-0.02326553501188755,-0.03224409371614456,-0.041643377393484116,-0.03279956057667732,-0.03533973544836044,-0.037572238594293594,-0.02137497067451477,-0.029675638303160667,-0.019669493660330772,-0.02271094173192978,-0.02669963426887989,-0.053098153322935104,-0.05248630791902542,-0.049007877707481384,-0.05235391855239868,-0.05584695562720299,-0.06537958234548569,-0.037603918462991714,0.03484439104795456,0.11326474696397781,0.13936156034469604,0.1852053701877594,0.22126491367816925,0.24673768877983093,0.20908917486667633,0.3986970782279968,0.22705112397670746,0.22365954518318176,0.15362417697906494,0.10793215781450272,0.06251631677150726,0.04804179444909096,0.007207113318145275,-0.005665119271725416,-0.001469116541557014,0.007328341715037823,0.004374218173325062,0.015232758596539497,0.002458736998960376,0.0032065999694168568,0.0035202375147491693,-0.007289152126759291,-0.006933259312063456,-0.01712721586227417,-0.004110331647098064,-0.012103985995054245,-0.04123426973819733,0.054517436772584915,0.0048507992178201675,-0.04892409220337868,0.045207347720861435,0.0003230071743018925,-0.008206376805901527,-0.008089922368526459,-0.10321761667728424,0.007227024063467979,0.0038844840601086617,-0.05865996330976486,-0.007453674916177988,0.05111221969127655,-0.16643919050693512,-0.1677759289741516,0.07972341030836105,-0.07924291491508484,-0.2553618252277374,-0.20921464264392853,0.18899446725845337,-0.18434691429138184,0.10252153873443604,-0.33099883794784546,-0.0339081771671772,-0.07714887708425522,-0.03225308284163475,-0.008386706933379173,-0.03999117389321327,-0.023274939507246017,-0.007327694911509752,-0.017194688320159912,-0.03355679661035538,-0.09237164258956909,-0.01335399504750967,-0.15156449377536774,0.13877631723880768,0.05087020993232727,-0.1139693483710289,-0.0015976635040715337,0.36070361733436584,-0.23143431544303894,0.14269140362739563,-0.12598906457424164,0.3374687135219574,-0.48429417610168457,0.18363919854164124,-0.18809080123901367,-0.056611016392707825,0.2943561375141144,0.07370232045650482,-0.22707036137580872,0.4635004997253418,-0.4021461009979248,0.07054722309112549,-0.004605364520102739,0.2016761600971222,-0.004234237130731344,-0.20651064813137054,-0.04022088274359703,0.008448964916169643,0.1626952439546585,-0.34465357661247253,0.474656343460083,-0.06967978179454803,-0.08530660718679428,-0.09674257785081863,0.2477462887763977,-0.4769223630428314,0.1614103466272354,0.4532492458820343,-0.3748762905597687,0.2502060830593109,-0.013741758652031422,0.1033090129494667,0.03663211315870285,-4.2902183849946596e-07,0.030536474660038948,-0.00024504403700120747,7.719505674685934e-07,-6.254137474570598e-07,-1.2747604159812909e-05,-0.0004395978176034987,0.6103330850601196,-0.098603755235672,-0.1337677389383316,-0.0090347770601511,-0.03110159933567047,-0.17133721709251404,-0.14009125530719757,-0.06834907829761505,-0.1852869689464569
806,-0.0009938664734363556,-0.00556451128795743,-0.01044878177344799,-0.014662627130746841,-0.01664324849843979,-0.014735850505530834,-0.010636257007718086,-0.009212078526616096,-0.008272555656731129,-0.009235495701432228,-0.007642726879566908,-0.006338713690638542,-0.008256928063929081,-0.01048877090215683,-0.009517795406281948,-0.005165874492377043,0.002498109359294176,0.007105166558176279,0.00828064326196909,0.006889610551297665,0.005203003529459238,0.010347573086619377,0.009823148138821125,0.01050930842757225,0.00829659216105938,0.004759208299219608,0.011176375672221184,0.009683728218078613,0.012235223315656185,0.009283199906349182,-0.0009177737520076334,-0.02378462441265583,-0.038093265146017075,-0.05011295899748802,-0.06492028385400772,-0.10313474386930466,-0.14665400981903076,-0.14378969371318817,-0.13686220347881317,-0.09535420686006546,-0.09681379795074463,-0.10572255402803421,-0.11171900480985641,-0.09732716530561447,-0.17007561028003693,-0.09772375971078873,-0.0754881426692009,-0.04618332162499428,-0.038018446415662766,-0.0257972851395607,-0.038581348955631256,-0.023718956857919693,-0.02375653386116028,-0.017587970942258835,-0.017909860238432884,-0.007429168559610844,-0.0005772248841822147,0.002125132828950882,-0.0031552868895232677,-0.0069054807536304,-0.009447189047932625,-0.021234415471553802,-0.04471364989876747,0.0014800871722400188,-0.023516330868005753,-0.04867734760046005,0.04659074544906616,-0.00410000653937459,-0.10328872501850128,0.024640381336212158,-0.005612448789179325,-0.04271586611866951,-0.04320909455418587,-0.17585064470767975,-0.02047463320195675,-0.0036872620694339275,0.06852387636899948,-0.021929655224084854,-0.006893771234899759,-0.0208399910479784,-0.04973788931965828,0.010894162580370903,-0.036434464156627655,-0.025173276662826538,-0.04613962024450302,-0.029395468533039093,0.0008681854233145714,-0.0263680387288332,0.008102563209831715,-0.10510290414094925,-0.007645854726433754,0.021481262519955635,0.062457580119371414,-0.07350555807352066,-0.05456460639834404,0.06432859599590302,-0.04710177332162857,0.23191899061203003,-0.009030160494148731,0.027106067165732384,-0.26844337582588196,0.1580611616373062,0.07038343697786331,-0.07190787047147751,5.884942220291123e-05,0.3697975277900696,-0.2305196076631546,0.14922425150871277,-0.10936439037322998,0.33817175030708313,-0.3996865749359131,0.21904057264328003,-0.2381855547428131,0.012477760203182697,0.09754886478185654,0.11698569357395172,-0.19204893708229065,0.30594977736473083,-0.2790673077106476,0.09339522570371628,0.05057579278945923,0.12569153308868408,-0.07685446739196777,-0.04706845432519913,0.04860403761267662,-0.01697947084903717,0.1708255112171173,-0.19389599561691284,0.38251128792762756,-0.06969691067934036,-0.011183797381818295,-0.0073136333376169205,0.20524050295352936,-0.2928207814693451,0.17512203752994537,0.4556233286857605,-0.4440020024776459,0.13017305731773376,0.09445307403802872,0.04245278984308243,0.10652974247932434,-9.240463896276196e-07,-0.01908157207071781,-0.00013780065637547523,-6.137166792541393e-07,-7.604397751492797e-07,-3.7543827602348756e-06,-0.0002784396638162434,1.7946258783340454,-0.20822112262248993,0.0022969217970967293,0.006798951420933008,0.020922301337122917,0.04056210815906525,0.01868578791618347,-0.007846320979297161,0.013326682150363922
807,0.003287892322987318,0.015961630269885063,0.02040904387831688,0.011022982187569141,0.00310382223688066,-0.00392904644832015,-0.0059974538162350655,-0.006783122196793556,-0.006316265556961298,-0.007424457464367151,-0.005687987897545099,-0.005381843540817499,-0.007059729658067226,-0.010980378836393356,-0.013307002373039722,-0.016414262354373932,-0.017663152888417244,-0.017097534611821175,-0.02342825010418892,-0.0265443604439497,-0.03390710428357124,-0.04668372869491577,-0.032613590359687805,-0.03364485874772072,-0.037730902433395386,-0.021910997107625008,-0.030269932001829147,-0.020633826032280922,-0.023379957303404808,-0.027283482253551483,-0.0550217442214489,-0.05379414185881615,-0.04786277189850807,-0.04948873445391655,-0.04686040058732033,-0.03800157457590103,0.018798887729644775,0.10149276256561279,0.18347716331481934,0.18497411906719208,0.2519267201423645,0.31145796179771423,0.2803308367729187,0.18383081257343292,0.1997615098953247,0.023272112011909485,-0.042684994637966156,-0.06272709369659424,-0.07198036462068558,-0.05352703109383583,-0.08656934648752213,-0.05410176143050194,-0.052709002047777176,-0.03831616789102554,-0.04061330109834671,-0.014199307188391685,-0.0030740355141460896,0.015926722437143326,0.03282923623919487,0.04685639590024948,0.011375447735190392,0.0180282611399889,-0.0051149288192391396,-0.0027361870743334293,-0.012172735296189785,-0.037630099803209305,0.05015285313129425,-0.00857582874596119,-0.0911208912730217,0.043294139206409454,-0.03720186650753021,-0.06015060096979141,-0.05699937045574188,-0.19578735530376434,-0.01499271485954523,-0.014217362739145756,-0.035455480217933655,0.05719020590186119,0.08540274947881699,-0.08344082534313202,-0.1264897733926773,0.08486279100179672,0.014554748311638832,0.02527335099875927,-0.040816500782966614,0.08268537372350693,-0.016139918938279152,-0.04063989222049713,0.06583425402641296,-0.14263704419136047,-0.0029905301053076982,0.06312139332294464,0.09646566212177277,-0.1269526332616806,-0.08716748654842377,0.07710680365562439,-0.021318040788173676,0.09161277115345001,-0.03254280984401703,-0.025090292096138,-0.013709686696529388,0.006058225873857737,-0.008999941870570183,-0.0734982118010521,0.04721776023507118,0.26677483320236206,-0.30071935057640076,0.1430765986442566,-0.15926799178123474,0.1796431988477707,-0.4216407835483551,0.3399684429168701,-0.2240879088640213,-0.07493453472852707,0.055691640824079514,0.03881048038601875,0.10177704691886902,-0.5961040258407593,0.6230939626693726,-0.039465658366680145,0.20366990566253662,-1.0044387578964233,0.6584606170654297,0.2649170458316803,0.09815820306539536,-0.034995075315237045,-0.046112969517707825,-0.10659738630056381,0.3389746844768524,-0.0742507353425026,-0.07864982634782791,-0.045522987842559814,0.2108232080936432,-0.2020016759634018,0.1416291445493698,0.12534970045089722,-0.024189917370676994,-0.14469923079013824,0.14192959666252136,0.002743709832429886,-0.14378274977207184,9.593048133638149e-08,0.03550480306148529,-0.0003367869649082422,-3.526161833633523e-07,2.384769288710231e-07,-2.6766016162582673e-05,-0.0007512134616263211,-0.1004684790968895,0.08433420211076736,0.03907046839594841,-0.00028197496430948377,-0.02802547812461853,0.03524600341916084,0.032806091010570526,0.04311110079288483,0.010175918228924274
808,-0.0010453140130266547,-0.0054144165478646755,-0.010360972955822945,-0.010919702239334583,-0.014289872720837593,-0.012862111441791058,-0.008795244619250298,-0.00770947989076376,-0.006707378197461367,-0.007557332515716553,-0.0033569338265806437,0.002023374428972602,0.014994669705629349,0.0420413501560688,0.07421810179948807,0.10540751367807388,0.11148868501186371,0.08509425073862076,0.08391889184713364,0.05989541858434677,0.03958594426512718,0.011656236834824085,-0.012793861329555511,-0.026953810825943947,-0.036224253475666046,-0.023033060133457184,-0.03151406720280647,-0.023766277357935905,-0.02605823054909706,-0.031465109437704086,-0.05843283608555794,-0.05730608478188515,-0.050857167690992355,-0.05540003627538681,-0.06848786771297455,-0.095887690782547,-0.1374468356370926,-0.11544941365718842,-0.09773706644773483,-0.0466923862695694,-0.006821911782026291,0.04153822362422943,0.09019789844751358,0.0959293395280838,0.16378632187843323,0.0989660993218422,0.07861287891864777,0.06347568333148956,0.07104199379682541,0.043552860617637634,0.05649027228355408,0.012973014265298843,-0.009002077393233776,-0.023816071450710297,-0.051361557096242905,-0.034324031323194504,-0.058403871953487396,-0.04679913818836212,-0.04973757266998291,-0.07482187449932098,-0.032768286764621735,-0.04507414624094963,-0.08453592658042908,-0.011038660071790218,-0.04363306984305382,-0.05769553780555725,0.014545653946697712,-0.010937991552054882,0.02704172395169735,-0.013053759932518005,0.048699360340833664,0.10362093150615692,0.13272039592266083,0.28204667568206787,0.06929614394903183,0.05175981670618057,-0.04548965021967888,0.0638725534081459,0.024494586512446404,-0.010957038961350918,-0.022021492943167686,-0.0005314771551638842,0.0023745575454086065,0.031027257442474365,0.05523980036377907,-0.11299020797014236,0.039617981761693954,-0.02864968031644821,0.0993841290473938,-0.14198441803455353,-0.008396359160542488,0.05797833204269409,0.1429743617773056,-0.0938703641295433,-0.04456085339188576,0.018705887719988823,0.005970871075987816,-0.1628824919462204,0.10079346597194672,-1.2337098269199487e-05,0.33576488494873047,-0.22073151171207428,-0.039075449109077454,0.0039431266486644745,-0.04608052596449852,-0.17979182302951813,-0.1247958391904831,-0.013130933977663517,-0.04383406043052673,0.3522687256336212,-0.3346148431301117,0.39042386412620544,-0.2442033290863037,0.06131203845143318,0.11224358528852463,0.143350288271904,-0.22659912705421448,0.4690595269203186,-0.3222772777080536,0.08229027688503265,0.1069568544626236,0.11086771637201309,-0.08102292567491531,0.23304209113121033,0.1878516674041748,-0.13097895681858063,-0.24057595431804657,1.0728085041046143,-0.8552553653717041,-0.05464806780219078,0.24492409825325012,0.1546947956085205,-0.6271747350692749,0.3852628469467163,0.12239926308393478,0.13645899295806885,-0.48214584589004517,0.31205299496650696,0.2282179296016693,-0.058089904487133026,0.04491288959980011,-1.2454690079266584e-07,0.00031132757430896163,-0.00011110866034869105,2.6013199772023654e-07,-1.0869941746705081e-07,-4.231715138303116e-06,-0.00031563331140205264,-0.516786515712738,0.14051534235477448,0.05896042287349701,-0.0016213603084906936,0.010103024542331696,0.036105431616306305,0.0668722540140152,0.052794065326452255,0.049912478774785995
809,-0.0010731357615441084,-0.005579464603215456,-0.012022263370454311,-0.015818677842617035,-0.018168538808822632,-0.015170005150139332,-0.010732165537774563,-0.009653743356466293,-0.00868446659296751,-0.009417399764060974,-0.007532091345638037,-0.006483261939138174,-0.008349300362169743,-0.01153483521193266,-0.013609922491014004,-0.01456147339195013,-0.01031462475657463,-0.0009553144918754697,0.011583896353840828,0.028673989698290825,0.039095886051654816,0.041560541838407516,0.009953427128493786,-0.010788431391119957,-0.02811557613313198,-0.01931389793753624,-0.026293816044926643,-0.014938239008188248,-0.011023923754692078,-0.006744690705090761,-0.009584681130945683,-0.020388592034578323,-0.0324605293571949,-0.04607096314430237,-0.06162329018115997,-0.09980115294456482,-0.13739483058452606,-0.12753626704216003,-0.10521060228347778,-0.06597171723842621,-0.06265493482351303,-0.07473652809858322,-0.09000091254711151,-0.09348519891500473,-0.189890518784523,-0.12350353598594666,-0.10448116064071655,-0.06160535663366318,-0.03528808429837227,-0.007404112722724676,-0.0010465956293046474,-0.008305329829454422,-0.023559661582112312,-0.03113003820180893,-0.053070563822984695,-0.028263410553336143,-0.04525022953748703,-0.027433451265096664,-0.020833760499954224,-0.010430174879729748,-0.006485510617494583,-0.015559283085167408,-0.043065719306468964,-0.0007438265020027757,-0.030419062823057175,-0.05900302529335022,0.04519321769475937,-0.007752915844321251,-0.09419333934783936,0.03141655772924423,-0.0025556571781635284,-0.033978261053562164,-0.0475962869822979,-0.20735572278499603,-0.04057144373655319,-0.024209946393966675,0.0660276934504509,-0.02280692383646965,-0.016530772671103477,-0.07733675837516785,-0.1042964905500412,0.007693917490541935,-0.047771528363227844,-0.011425063014030457,0.007475487422198057,-0.0852346271276474,0.03352269157767296,-0.047314126044511795,0.08246667683124542,-0.11732114851474762,9.703052637632936e-05,0.03369181975722313,0.11201199144124985,-0.09120476245880127,-0.08017289638519287,0.10982086509466171,-0.058424707502126694,0.30259034037590027,-0.008756063878536224,0.013962363824248314,-0.21858744323253632,0.1289377510547638,0.05251976475119591,-0.09993387758731842,-0.004211120773106813,0.3492802083492279,-0.22587384283542633,0.1289851814508438,-0.1414542943239212,0.2760979235172272,-0.33196505904197693,0.23130682110786438,-0.24862247705459595,-0.04033088684082031,0.07753008604049683,0.09913530945777893,-0.1912955492734909,0.3941456377506256,-0.3046855628490448,0.10520917922258377,0.053508419543504715,0.11434698849916458,-0.07822573184967041,-0.15906019508838654,-0.10796838253736496,0.01643178053200245,0.20833371579647064,-0.29304248094558716,0.47990867495536804,-0.07321090251207352,-0.03909499943256378,0.0024734744802117348,0.2004907727241516,-0.3300611972808838,0.14570622146129608,0.4135313928127289,-0.4625023603439331,0.15797297656536102,0.12613269686698914,-0.0553879514336586,0.07165513932704926,4.898111455986509e-06,-0.010042788460850716,0.0010626146104186773,-9.188879062094202e-07,2.0665293050114997e-06,0.00017052440671250224,0.001307915197685361,2.624330759048462,-0.29724761843681335,-0.02811208739876747,0.009148353710770607,0.0279582180082798,-0.012695766985416412,-0.014084456488490105,-0.05009938031435013,-0.01458451896905899
810,0.0003745508729480207,0.004690505564212799,0.014678342267870903,0.02954862453043461,0.036398470401763916,0.0263424813747406,0.010344133712351322,0.0010616197250783443,-0.004487982485443354,-0.0075864228419959545,-0.007316534873098135,-0.00591540802270174,-0.007389603182673454,-0.011077293194830418,-0.011868789792060852,-0.014749647118151188,-0.01715422049164772,-0.013217122294008732,-0.018189264461398125,-0.022456945851445198,-0.03193359449505806,-0.04287421330809593,-0.0339520238339901,-0.0359591543674469,-0.038117069751024246,-0.021451620385050774,-0.030031094327569008,-0.02135891653597355,-0.023901496082544327,-0.028228912502527237,-0.05010325089097023,-0.04439118877053261,-0.031792834401130676,-0.02242671698331833,-0.013445761986076832,-0.007116640917956829,-0.005205219145864248,-0.013975546695291996,-0.026793386787176132,-0.02810506522655487,-0.025775795802474022,-0.00824764370918274,0.03583050146698952,0.08160902559757233,0.31234636902809143,0.3348602056503296,0.4584362208843231,0.42633551359176636,0.37103787064552307,0.29228144884109497,0.36831793189048767,0.16110669076442719,0.053411878645420074,0.012960086576640606,-0.015242243185639381,-0.01770736090838909,-0.029349971562623978,-0.013440434820950031,-0.014044511131942272,-0.011559117585420609,-0.005140911787748337,-0.008217820897698402,-0.013384287245571613,-0.006499152630567551,-0.018143951892852783,-0.05162131413817406,0.05038128420710564,0.0032081259414553642,-0.07588689774274826,0.028315633535385132,-0.005316592287272215,-0.012703612446784973,-0.021096818149089813,-0.13036103546619415,0.003903527744114399,0.013411708176136017,0.037618618458509445,-0.014609571546316147,0.011888966895639896,-0.006811381317675114,-0.037741053849458694,0.01673748902976513,-0.014852219261229038,-0.007700176443904638,-0.04478933662176132,0.028855808079242706,-0.10056103020906448,0.11099687963724136,-0.5778722167015076,0.16108378767967224,-0.3694901466369629,-0.34702107310295105,-0.5773673057556152,0.009400528855621815,0.14964619278907776,-0.1315826028585434,-0.012945449911057949,0.08775538206100464,0.030263541266322136,0.021869035437703133,-0.22909046709537506,0.1532653123140335,0.02792549505829811,-0.09295663982629776,-0.0005554528324864805,0.36696159839630127,-0.16765624284744263,0.16986028850078583,-0.06909921020269394,0.42431241273880005,-0.4170897305011749,0.1561083048582077,-0.29316186904907227,0.09502056986093521,0.3339928686618805,0.07914996147155762,-0.17451094090938568,0.48700740933418274,-0.47782987356185913,0.06300567090511322,-0.01610557734966278,0.19107910990715027,0.03726895526051521,-0.27440786361694336,-0.06514696776866913,0.018440842628479004,0.1551811546087265,-0.44061601161956787,0.5063304901123047,-0.12571586668491364,-0.109210304915905,-0.047384388744831085,0.17698335647583008,-0.4528208076953888,0.19192692637443542,0.42315757274627686,-0.35854625701904297,0.21350635588169098,0.028034420683979988,0.13182824850082397,0.023670321330428123,-7.730651532256161e-07,0.0241182092577219,-0.0002700387267395854,-2.514840389267192e-07,-1.0810839512487291e-06,-1.7631044102017768e-05,-0.0005478732055053115,0.8131716251373291,-0.09675414860248566,-0.12137901782989502,-0.010526240803301334,-0.02341635525226593,-0.17597779631614685,-0.11661290377378464,-0.06577380001544952,-0.16659952700138092
811,0.0015339566161856055,0.0060011097230017185,0.0064014652743935585,-0.00036370864836499095,-0.008016202598810196,-0.011062683537602425,-0.009761233814060688,-0.009509538300335407,-0.008766626939177513,-0.009159180335700512,-0.007640408352017403,-0.0066377162002027035,-0.008551841601729393,-0.0118026128038764,-0.013833200559020042,-0.016277913004159927,-0.014714677818119526,-0.009285875596106052,-0.006115726660937071,-8.046357106650248e-05,0.0014368316624313593,-0.00333928014151752,-0.01240428164601326,-0.024340908974409103,-0.03448855131864548,-0.021461443975567818,-0.030802197754383087,-0.02107764407992363,-0.02488621324300766,-0.029169859364628792,-0.05767301097512245,-0.0568511001765728,-0.05289187654852867,-0.05489442124962807,-0.05677524209022522,-0.06571449339389801,-0.030407654121518135,0.055973127484321594,0.12736327946186066,0.09974922984838486,0.08167111873626709,0.03292912244796753,-0.015723366290330887,-0.05170894041657448,-0.14111995697021484,-0.11413545161485672,-0.11036662757396698,-0.08394476026296616,-0.08075849711894989,-0.06348034739494324,-0.09266413748264313,-0.06071403622627258,-0.05501667037606239,-0.04400167614221573,-0.061905115842819214,-0.029653577134013176,-0.05605029687285423,-0.04091882333159447,-0.05010376498103142,-0.06231065094470978,-0.015250452794134617,-0.03025122545659542,-0.05759715288877487,3.4395441616652533e-05,-0.021403564140200615,-0.05176544189453125,0.05392357334494591,-0.008277855813503265,-0.08953110128641129,0.04704875499010086,0.015509191900491714,-0.023646166548132896,-0.04625028371810913,-0.19774611294269562,-0.02233627624809742,-0.011381672695279121,0.09037258476018906,-0.008678988553583622,0.003358860732987523,0.021567534655332565,-0.014112385921180248,0.028186284005641937,-0.017696337774395943,0.010322732850909233,0.01608303189277649,-0.09020460397005081,0.034978967159986496,-0.0715608075261116,0.14478686451911926,-0.14065909385681152,0.041384223848581314,0.07970623672008514,0.14730125665664673,-0.0838986337184906,-0.10571368783712387,0.10522565245628357,-0.03775859251618385,0.20186974108219147,-0.025039643049240112,-0.0001758471771609038,-0.18297596275806427,0.13478800654411316,0.06046907231211662,-0.09741466492414474,-0.03027212806046009,0.343019962310791,-0.24197377264499664,0.14600056409835815,-0.17761345207691193,0.33556967973709106,-0.3700467050075531,0.22392599284648895,-0.21328303217887878,0.04116816446185112,0.09531743079423904,0.06776688992977142,-0.1662399172782898,-0.20756809413433075,-0.08657853305339813,0.09574412554502487,0.03340800479054451,0.21473272144794464,-0.06554257869720459,-0.19621296226978302,-0.083075612783432,0.053242046386003494,0.2652176320552826,-0.33245423436164856,0.5427634716033936,-0.042047224938869476,-0.14982643723487854,0.06171415001153946,0.23723335564136505,-0.35237836837768555,0.1273193508386612,0.45533913373947144,-0.45487165451049805,0.1645587533712387,0.12233136594295502,-0.06929116696119308,0.10745903104543686,8.69213295118243e-07,-0.014564026147127151,0.0011653781402856112,2.485573077137815e-06,7.070810170262121e-06,4.2555755499051884e-05,0.0033706040121614933,2.0963664054870605,-0.30147117376327515,-0.02801733836531639,0.012104025110602379,-0.033222660422325134,-0.041770145297050476,0.027721725404262543,0.04386547580361366,-0.028573594987392426
812,-0.0010014703730121255,-0.005832234397530556,-0.012944689951837063,-0.016308967024087906,-0.01814166270196438,-0.015064219012856483,-0.010673969984054565,-0.00944127794355154,-0.008762739598751068,-0.009020289406180382,-0.0076205371879041195,-0.006698645185679197,-0.008601916953921318,-0.011797060258686543,-0.013892965391278267,-0.016308292746543884,-0.0147450165823102,-0.009338799864053726,-0.005974017083644867,2.5653936972958036e-05,0.0017127776518464088,-0.0032387427054345608,-0.012421512976288795,-0.024427060037851334,-0.034710995852947235,-0.021670814603567123,-0.030941741541028023,-0.021414069458842278,-0.025300582870841026,-0.029574677348136902,-0.05811142176389694,-0.056737564504146576,-0.052589330822229385,-0.05448303371667862,-0.05469456687569618,-0.05770818144083023,-0.006738153751939535,0.09461477398872375,0.17479120194911957,0.1298726499080658,0.09622004628181458,0.023578671738505363,-0.046603936702013016,-0.08487159013748169,-0.19390229880809784,-0.1385033130645752,-0.12138823419809341,-0.08834514021873474,-0.08357175439596176,-0.0651947408914566,-0.09463369846343994,-0.061371393501758575,-0.05692528188228607,-0.0451694019138813,-0.06310669332742691,-0.03125942498445511,-0.05907563865184784,-0.04551978409290314,-0.05885890871286392,-0.0785052627325058,-0.020906584337353706,-0.041404638439416885,-0.07479830831289291,-0.000970861641690135,-0.02309439517557621,-0.05433867871761322,0.051929011940956116,-0.012152557261288166,-0.09452487528324127,0.048411864787340164,0.013381545431911945,-0.02986295521259308,-0.05371517315506935,-0.2060060203075409,-0.027048274874687195,-0.019482966512441635,0.09664393961429596,-0.010204743593931198,0.01562989316880703,0.04940679296851158,0.036328766494989395,0.0367191806435585,0.006174682639539242,0.0387844443321228,0.03516976907849312,-0.10754849016666412,0.03484898805618286,-0.07589644193649292,0.14292879402637482,-0.14762060344219208,0.04666968435049057,0.08849635720252991,0.1490645408630371,-0.09012696146965027,-0.11674035340547562,0.10109210014343262,-0.03469718620181084,0.18537071347236633,-0.02687390334904194,-0.004452304448932409,-0.17734070122241974,0.1367688626050949,0.06520413607358932,-0.0978560671210289,-0.03882759064435959,0.35402435064315796,-0.23992088437080383,0.1544526368379593,-0.18693333864212036,0.3462318181991577,-0.3478683829307556,0.25287386775016785,-0.21902140974998474,0.05304316431283951,0.07646834850311279,0.053737521171569824,-0.14860190451145172,-0.3594181537628174,-0.0037828178610652685,0.08947014808654785,0.029057180508971214,0.16350042819976807,-0.07212158292531967,-0.1868465393781662,-0.08239530771970749,0.07001467794179916,0.26996010541915894,-0.3352871239185333,0.5429844260215759,-0.03805359825491905,-0.1518615335226059,0.09009803831577301,0.23905718326568604,-0.3309415876865387,0.13148532807826996,0.44511666893959045,-0.44445738196372986,0.1414984166622162,0.14472061395645142,-0.08654578030109406,0.12402479350566864,8.24042615477083e-07,0.06559468805789948,0.0026744306087493896,6.939990271348506e-06,9.491494893154595e-06,0.00035985265276394784,0.003392085200175643,2.1444382667541504,-0.27384188771247864,-0.013559451326727867,0.0023307050578296185,0.02900930866599083,-0.0645560622215271,0.0280731413513422,0.04421386867761612,-0.028672706335783005
813,0.0012353446800261736,0.009506326168775558,0.025682801380753517,0.05198849365115166,0.06228681281208992,0.04605487734079361,0.01966181769967079,0.005308669526129961,-0.002743931021541357,-0.006867831572890282,-0.006918229162693024,-0.005644205491989851,-0.006977042183279991,-0.010850226506590843,-0.011392805725336075,-0.013999533839523792,-0.016447333618998528,-0.01257440447807312,-0.017499789595603943,-0.021256593987345695,-0.030694521963596344,-0.04113205149769783,-0.03345326706767082,-0.034628186374902725,-0.03719184920191765,-0.02083973027765751,-0.029109792783856392,-0.021054483950138092,-0.023157428950071335,-0.027722163125872612,-0.05061062052845955,-0.049751296639442444,-0.042094483971595764,-0.039274752140045166,-0.034445323050022125,-0.03204493224620819,-0.029648613184690475,-0.03821393847465515,-0.06103944033384323,-0.06375135481357574,-0.06700079888105392,-0.056258425116539,-0.005526392254978418,0.07302919030189514,0.3649401068687439,0.44337892532348633,0.6439354419708252,0.6012089252471924,0.48935070633888245,0.33313944935798645,0.3712690770626068,0.13563573360443115,0.02981061115860939,-0.003657473949715495,-0.025294272229075432,-0.01639123633503914,-0.013236751779913902,-0.00016440208128187805,0.0024785841815173626,0.006913525518029928,-0.00698144780471921,-0.009240491315722466,-0.030134325847029686,-0.002889173338189721,-0.018468599766492844,-0.0643661692738533,0.05500025674700737,0.0031291907653212547,-0.07786042988300323,0.02437235601246357,-0.0164481271058321,-0.011106192134320736,-0.021146362647414207,-0.12982186675071716,0.0065259006805717945,0.0072742244228720665,0.04777592420578003,-0.01637347973883152,0.010908283293247223,-0.00884940940886736,-0.047245707362890244,0.01915062963962555,-0.01432322058826685,0.004830928985029459,-0.020611140877008438,-0.0044520581141114235,-0.06157897412776947,0.16094732284545898,-0.7313511967658997,0.362637460231781,-0.5853837132453918,-0.5756227970123291,-0.7809926271438599,0.10587894916534424,0.14677944779396057,-0.10650297999382019,-0.025467772036790848,0.16899952292442322,0.06806988269090652,0.030483923852443695,-0.23849959671497345,0.15701566636562347,0.015898779034614563,-0.09691815078258514,0.0019928482361137867,0.3588770627975464,-0.16363763809204102,0.17787115275859833,-0.06662888079881668,0.4081730544567108,-0.42483365535736084,0.15765878558158875,-0.28079891204833984,0.11700581014156342,0.34326615929603577,0.072524294257164,-0.15963788330554962,0.4805546700954437,-0.4800150692462921,0.03353527933359146,-0.02732233703136444,0.18675927817821503,0.043414391577243805,-0.29530075192451477,-0.07790825515985489,0.01640813983976841,0.14448951184749603,-0.43617016077041626,0.48636394739151,-0.1223004087805748,-0.12809279561042786,-0.048398155719041824,0.14008980989456177,-0.4530079662799835,0.17134016752243042,0.40952688455581665,-0.37401849031448364,0.21993941068649292,-0.00645538792014122,0.14004580676555634,-0.009274543263018131,-7.375285804300802e-07,0.028624864295125008,2.5286424261139473e-06,2.9388993425527588e-06,-1.0634262253006455e-06,-1.3475421837938484e-05,-0.00021092325914651155,0.7556779384613037,-0.06385718286037445,-0.11195501685142517,-0.010029969736933708,-0.021366043016314507,-0.1974821537733078,-0.10652878880500793,-0.020509179681539536,-0.16547490656375885
814,0.004049162846058607,0.0167926587164402,0.03201117366552353,0.03793593496084213,0.03952016308903694,0.023552000522613525,0.007900161668658257,-0.0008456934010609984,-0.005471496842801571,-0.00792943686246872,-0.006883962545543909,-0.005884125828742981,-0.00712580606341362,-0.011038699187338352,-0.01235894113779068,-0.015603898093104362,-0.017101062461733818,-0.013849244453012943,-0.018890658393502235,-0.023785732686519623,-0.03265082836151123,-0.04190722107887268,-0.03267333284020424,-0.03564626723527908,-0.03769049793481827,-0.021291570737957954,-0.029533924534916878,-0.019436517730355263,-0.02268807776272297,-0.026275062933564186,-0.05062560737133026,-0.04607599228620529,-0.037101875990629196,-0.030966678634285927,-0.02307645045220852,-0.01232912391424179,0.021748878061771393,0.0709196925163269,0.12548063695430756,0.1349976658821106,0.17550602555274963,0.19868262112140656,0.21854491531848907,0.17206025123596191,0.3089373707771301,0.15685880184173584,0.13787239789962769,0.07985643297433853,0.034260768443346024,0.0009203861118294299,-0.0366516187787056,-0.03341135010123253,-0.021895756945014,-0.006545329000800848,0.005954906344413757,0.00411251001060009,0.014189493842422962,0.00256916182115674,0.001898404909297824,0.0017326024826616049,-0.006120077800005674,-0.007657074835151434,-0.019612012431025505,-0.0036136058624833822,-0.012904919683933258,-0.039039067924022675,0.05228668451309204,0.003253993345424533,-0.048340361565351486,0.04630684480071068,0.00367530295625329,-0.005908871069550514,-0.012301319278776646,-0.08368785679340363,0.004843840375542641,-0.0009460369474254549,-0.09479572623968124,-0.007245317101478577,0.04338701441884041,-0.17190544307231903,-0.18448689579963684,0.04841112345457077,-0.09557360410690308,-0.22463753819465637,-0.17367510497570038,0.13962267339229584,-0.10771171003580093,0.04153330996632576,-0.1739204078912735,-0.07733664661645889,-0.026505474001169205,0.011835988610982895,0.06410903483629227,-0.0634840577840805,-0.04536227136850357,0.017817018553614616,-0.018051069229841232,0.004973764531314373,-0.05876174569129944,-0.0011028568260371685,-0.17773555219173431,0.15749236941337585,0.06199778988957405,-0.11850348860025406,-0.00547425914555788,0.3562944233417511,-0.2364756464958191,0.13965395092964172,-0.1252746880054474,0.33372482657432556,-0.47867897152900696,0.19017502665519714,-0.18391244113445282,-0.06348718702793121,0.27678292989730835,0.0853487104177475,-0.22020167112350464,0.4722943603992462,-0.39373260736465454,0.07641290873289108,-0.0034082026686519384,0.21638205647468567,-0.014033130370080471,-0.18663902580738068,-0.04052722454071045,0.02125036157667637,0.16937857866287231,-0.34167253971099854,0.4807615280151367,-0.0688442513346672,-0.0931600034236908,-0.08963649719953537,0.24743123352527618,-0.45370370149612427,0.149286150932312,0.4525928795337677,-0.4161609411239624,0.24632424116134644,0.007089739199727774,0.08424217253923416,0.04510916769504547,-3.956915293201746e-07,0.026578623801469803,-0.00012287296704016626,1.2576396102303988e-06,-5.838832066729083e-07,-1.227266329806298e-05,-0.0002299370098626241,0.8125351071357727,-0.1356550008058548,-0.14062073826789856,-0.009552620351314545,-0.0313030406832695,-0.1824946403503418,-0.15365001559257507,-0.08181612938642502,-0.19283561408519745
815,0.006812710780650377,0.029166214168071747,0.0412532277405262,0.03040255792438984,0.01188429445028305,-0.002360828220844269,-0.00731594068929553,-0.008764057420194149,-0.008533554151654243,-0.009392596781253815,-0.00741136260330677,-0.006462301593273878,-0.008599964901804924,-0.011819051578640938,-0.014111051335930824,-0.01645437628030777,-0.014885928481817245,-0.009326012805104256,-0.006104283034801483,-0.0005663211923092604,0.0009672891465015709,-0.0033876218367367983,-0.012291476130485535,-0.023997128009796143,-0.03444480895996094,-0.02181604690849781,-0.03128958120942116,-0.02163151279091835,-0.02578575536608696,-0.029924707487225533,-0.05853133276104927,-0.05743550509214401,-0.05232400447130203,-0.05238661170005798,-0.054748520255088806,-0.07149004936218262,-0.08068819344043732,-0.05511055886745453,-0.014903821051120758,0.02875957079231739,0.09934993088245392,0.170096293091774,0.20825476944446564,0.14333175122737885,0.1390213519334793,-0.005650527775287628,-0.06435506045818329,-0.07038525491952896,-0.07505380362272263,-0.05930177867412567,-0.09057875722646713,-0.06010286509990692,-0.05289967358112335,-0.043262798339128494,-0.06097016856074333,-0.02916109375655651,-0.05176878720521927,-0.03777610510587692,-0.03677472472190857,-0.03375573456287384,-0.00864787120372057,-0.011809651739895344,-0.027816133573651314,-0.0030075679533183575,-0.0235846359282732,-0.05238649249076843,0.048388268798589706,-0.007104853168129921,-0.10333535075187683,0.033919114619493484,0.0029647971969097853,-0.030412759631872177,-0.036762870848178864,-0.18611516058444977,-0.014565638266503811,-0.009480827488005161,0.06330903619527817,-0.026795675978064537,-0.010973811149597168,-0.015206538140773773,-0.051485978066921234,0.0037993434816598892,-0.07142895460128784,-0.09855559468269348,-0.15655526518821716,0.011421287432312965,0.006252557970583439,-0.04456973448395729,0.12360328435897827,-0.14499346911907196,0.028058717027306557,0.06299463659524918,0.14678287506103516,-0.09628934413194656,-0.07968927174806595,0.09438294172286987,-0.04481423273682594,0.25326210260391235,-0.008583510294556618,0.013002241961658001,-0.19524434208869934,0.10535752773284912,0.020544517785310745,-0.09372848272323608,0.003259041579440236,0.3097401559352875,-0.24727235734462738,0.12856347858905792,-0.11428490281105042,0.3242282271385193,-0.3663357198238373,0.1858314871788025,-0.18375854194164276,-0.03347201272845268,0.09235374629497528,0.09472913295030594,-0.1914801448583603,0.23499082028865814,-0.25461119413375854,0.0998806580901146,0.035257138311862946,0.217540442943573,-0.07851798832416534,-0.10380620509386063,0.00584561750292778,-0.06677541136741638,0.14676505327224731,-0.23923522233963013,0.4494185447692871,-0.07880166918039322,-0.09116305410861969,-0.0014938194071874022,0.25383490324020386,-0.37161603569984436,0.11621503531932831,0.4336296319961548,-0.4538674056529999,0.16208034753799438,0.1367102712392807,-0.030140843242406845,0.08745814859867096,-7.981249723343353e-07,-0.014631183817982674,0.0003053522086702287,2.121653324138606e-06,-8.425254236499313e-07,2.957844799311715e-06,0.001913813641294837,1.6021907329559326,-0.16023795306682587,-0.025836288928985596,0.013833706267178059,-0.03272714465856552,0.03343140706419945,0.021108878776431084,-0.030985120683908463,-0.006025992799550295
816,-0.0010246863821521401,-0.005613281391561031,-0.011900817044079304,-0.015022055245935917,-0.016775008291006088,-0.011421557515859604,-0.0035286080092191696,0.003917999565601349,0.01047236192971468,0.014119414612650871,0.008467897772789001,0.002810240723192692,-0.0023128425236791372,-0.008612006902694702,-0.013179088942706585,-0.017164502292871475,-0.0177299901843071,-0.014102303422987461,-0.01273660734295845,-0.001857336494140327,0.01671416312456131,0.04708205536007881,0.03697681799530983,0.02741837128996849,0.002874296624213457,-0.010844208300113678,-0.024849385023117065,-0.020146846771240234,-0.025095513090491295,-0.029320107772946358,-0.05772930011153221,-0.05733407661318779,-0.05345393717288971,-0.056390706449747086,-0.06646149605512619,-0.1026245728135109,-0.13910678029060364,-0.1272241473197937,-0.10456831753253937,-0.06583011150360107,-0.06313207000494003,-0.07522217184305191,-0.08968062698841095,-0.0948791429400444,-0.19312690198421478,-0.12302850931882858,-0.10862734913825989,-0.07023324817419052,-0.05348275229334831,-0.02878729999065399,-0.03280046954751015,-0.019100705161690712,-0.01882193610072136,-0.017491888254880905,-0.028400802984833717,-0.01650991663336754,-0.022688904777169228,-0.012746746651828289,-0.008042541332542896,-0.003616706235334277,-0.007073558866977692,-0.015911152586340904,-0.038343396037817,0.0007555142510682344,-0.02560613490641117,-0.05095890909433365,0.049409445375204086,-0.0030371726024895906,-0.0941963642835617,0.01804107055068016,0.0017766167875379324,-0.024263232946395874,-0.030604101717472076,-0.17245380580425262,-0.02705402299761772,-0.013688512146472931,0.06596852093935013,-0.02635916694998741,-0.008286260068416595,-0.02915036492049694,-0.051180802285671234,0.02759723737835884,-0.04244581237435341,-0.04017148166894913,-0.033875565975904465,-0.05506479740142822,0.03130444139242172,-0.040574122220277786,0.10603253543376923,-0.12483879923820496,0.013875623233616352,0.03753703087568283,0.11418558657169342,-0.08795476704835892,-0.0737508237361908,0.10519934445619583,-0.04964928328990936,0.3014007806777954,0.0057230000384151936,0.02951083332300186,-0.22843080759048462,0.1271405816078186,0.05121511593461037,-0.10175202041864395,-0.0002590899239294231,0.31901171803474426,-0.24077467620372772,0.11131883412599564,-0.13604746758937836,0.2925681173801422,-0.3505572974681854,0.2259780913591385,-0.19919463992118835,-0.04023251682519913,0.08058822900056839,0.10544991493225098,-0.23094692826271057,0.39692816138267517,-0.3432255685329437,0.10852349549531937,0.03823114186525345,0.13624078035354614,-0.07433454692363739,-0.11178023368120193,-0.04502735659480095,0.0006412702496163547,0.1888808310031891,-0.29099252820014954,0.5009363889694214,-0.0781843438744545,-0.05036216601729393,0.009417920373380184,0.1872427612543106,-0.272481232881546,0.12894399464130402,0.3329527676105499,-0.4459438920021057,0.13542316854000092,0.18441128730773926,-0.07020671665668488,0.0700535848736763,-5.661610202878364e-07,-0.0173781905323267,-0.00021871659555472434,-5.736516186516383e-07,-7.003866357990773e-07,-1.6167929061339237e-05,-0.00037578982301056385,2.143575668334961,-0.21944992244243622,0.008345892652869225,0.010796139016747475,-0.007541358005255461,0.043096039444208145,0.025904372334480286,-0.029075371101498604,0.0438971184194088
817,-0.0009826903697103262,-0.003015117486938834,-0.0028022390324622393,0.0014015487395226955,0.007273612078279257,0.009013146162033081,0.00465396186336875,0.00044201561831869185,-0.0034502330236136913,-0.006912721320986748,-0.005915399175137281,-0.005415990017354488,-0.0063309273682534695,-0.010184703394770622,-0.011108368635177612,-0.01203842367976904,-0.009955043904483318,-0.004118121229112148,-0.0011391465086489916,0.002281713765114546,0.009543127380311489,0.03583957627415657,0.0743851289153099,0.16346217691898346,0.262260377407074,0.16803814470767975,0.19994837045669556,0.08414798229932785,0.04535158351063728,0.006501930765807629,-0.017993098124861717,-0.0066099320538342,0.03299639746546745,0.09287165850400925,0.18616963922977448,0.27990520000457764,0.31840187311172485,0.16111499071121216,0.030576957389712334,-0.04236353933811188,-0.0714293122291565,-0.08938778191804886,-0.09896652400493622,-0.09580692648887634,-0.17644517123699188,-0.10597264766693115,-0.09162789583206177,-0.05440598726272583,-0.04133053123950958,-0.023624930530786514,-0.04730622470378876,-0.0346127524971962,-0.03331208601593971,-0.034264322370290756,-0.05693705379962921,-0.02655029110610485,-0.04596177488565445,-0.019888564944267273,-0.03377639129757881,-0.04102244973182678,-0.006657623685896397,-0.02682335488498211,-0.05414703115820885,-0.0028438265435397625,-0.02628067322075367,-0.04857297241687775,0.025940021499991417,-0.003288512583822012,-0.03169724717736244,-0.00864548608660698,-0.023871026933193207,-0.018033334985375404,-0.019404368475079536,-0.12691502273082733,-0.006487624254077673,0.01842677965760231,0.05375833064317703,-0.02027040161192417,0.011370250023901463,-0.018745403736829758,-0.030106637626886368,0.04034394770860672,-0.01964525505900383,-0.1414027065038681,-0.1182684600353241,0.08706782013177872,-0.1250666230916977,0.07448923587799072,-0.37028443813323975,0.46631208062171936,-0.10384508967399597,-0.1352992057800293,-0.5210803151130676,0.013455221429467201,0.08784003555774689,-0.08434133231639862,0.028624463826417923,-0.41699743270874023,-0.17633867263793945,0.08952448517084122,1.1408257484436035,-0.4227088689804077,0.010740366764366627,0.05925750732421875,0.015247313305735588,0.24904796481132507,-0.1953188180923462,-0.02312730997800827,-0.04969704896211624,-0.10616730153560638,0.3183845281600952,0.0387733094394207,0.06302723288536072,0.04539475589990616,0.0878024473786354,0.08732925355434418,-0.11582823097705841,0.3749856948852539,-0.3518863916397095,0.09300573170185089,0.096522256731987,0.1655624955892563,0.040914591401815414,-0.14579187333583832,-0.02227051742374897,-0.01230196189135313,0.13816677033901215,-0.22568769752979279,0.3265949785709381,-0.07681736350059509,0.030682317912578583,-0.039070043712854385,0.07653989642858505,0.2389623373746872,0.022068055346608162,-0.4061073660850525,-0.10462163388729095,-0.12890750169754028,0.12217102199792862,-0.020471906289458275,0.009437884204089642,-4.092259757726424e-07,-0.02151918038725853,-0.0003736406797543168,-1.6180583770619705e-06,6.344885150610935e-07,-2.770661740214564e-05,-0.0007411373662762344,-0.08743036538362503,0.11469531059265137,0.008389691822230816,-0.0009010715293698013,-0.017702730372548103,0.03368884325027466,-0.05448756739497185,-0.0017503163544461131,0.03112536296248436
818,-0.0010656495578587055,-0.005495747551321983,-0.010490376502275467,-0.010372202843427658,-0.014428175985813141,-0.012836447916924953,-0.008815031498670578,-0.007779860869050026,-0.006884284317493439,-0.0082923024892807,-0.005024621728807688,-0.0021254532039165497,0.0038452818989753723,0.02095310389995575,0.049607064574956894,0.08160047233104706,0.09488248080015182,0.07909847795963287,0.07942341268062592,0.05457737669348717,0.04009978473186493,0.02299794740974903,0.004823775961995125,0.0015247301198542118,0.0032010353170335293,0.0016365303890779614,-0.0032256224658340216,-0.009390555322170258,-0.018249960616230965,-0.027001047506928444,-0.056250207126140594,-0.05758577585220337,-0.05283214896917343,-0.05554957687854767,-0.07014591246843338,-0.09894697368144989,-0.14164948463439941,-0.1220712959766388,-0.11266982555389404,-0.0644804984331131,-0.02920711599290371,0.02344115637242794,0.09209740161895752,0.12452592700719833,0.2469726949930191,0.14923574030399323,0.11832340806722641,0.08051168918609619,0.08507005870342255,0.044488973915576935,0.045300234109163284,0.003977106884121895,-0.019914831966161728,-0.03301672637462616,-0.05939521640539169,-0.036233920603990555,-0.05884226784110069,-0.04386003687977791,-0.053068097680807114,-0.0762932077050209,-0.034761033952236176,-0.049190789461135864,-0.08501830697059631,-0.015053961426019669,-0.04837251827120781,-0.07152633368968964,0.022497551515698433,-0.022894715890288353,-0.04665171727538109,-0.01207214966416359,0.01929333247244358,0.09431511163711548,0.11359722167253494,0.28867021203041077,0.08821728080511093,0.07539290189743042,-0.052156299352645874,0.07934902608394623,0.038822997361421585,-0.0048139942809939384,-0.0326552651822567,0.006489448715001345,-0.012810164131224155,0.002923328196629882,0.019374502822756767,-0.08804666996002197,0.02962162159383297,-0.03825409337878227,0.08258563280105591,-0.14687582850456238,-0.0014490574831143022,0.038005053997039795,0.14827129244804382,-0.11131486296653748,-0.07740514725446701,0.0519852489233017,-0.047038547694683075,-0.01672939397394657,0.04981384426355362,-0.023171452805399895,0.33447498083114624,-0.14774592220783234,-0.0603133961558342,0.07591593265533447,0.00579517288133502,-0.15215453505516052,-0.055006857961416245,-0.03102979250252247,-0.07152533531188965,0.3068169057369232,-0.2992761731147766,0.33025094866752625,-0.18372642993927002,0.054622355848550797,0.04923778772354126,0.10872014611959457,-0.20790275931358337,0.3910122513771057,-0.31716933846473694,0.11491644382476807,0.11553648114204407,0.1779693067073822,-0.01884896121919155,-0.03382233902812004,0.09821401536464691,0.03551699221134186,-0.08391675353050232,0.6901412010192871,-0.9081301689147949,-0.09992942214012146,0.36461079120635986,0.1587211787700653,-0.619552731513977,0.5739445686340332,0.11268873512744904,0.046315502375364304,-0.3520491421222687,0.22144046425819397,0.233793243765831,-0.12267382442951202,0.03333500027656555,8.098964343616899e-08,-0.0077851009555161,-6.500302697531879e-05,-1.7522579298656638e-07,-3.0903230197054654e-08,8.35030459711561e-06,-0.00041824780055321753,-0.45703375339508057,0.11622243374586105,0.059465400874614716,-0.0005353227024897933,0.011255349032580853,0.03869122266769409,0.06903529912233353,0.05247321352362633,0.050948865711688995
819,-0.0013609807938337326,-0.005923103541135788,-0.012434064410626888,-0.01631818898022175,-0.018843458965420723,-0.01559454295784235,-0.010985780507326126,-0.010018077678978443,-0.008855408988893032,-0.009502588771283627,-0.007911592721939087,-0.0063250246457755566,-0.008055356331169605,-0.011404119431972504,-0.012870595790445805,-0.015068888664245605,-0.014200631529092789,-0.008252131752669811,-0.006166336592286825,-0.0015509063377976418,-0.0002852143661584705,-0.004261955618858337,-0.012232284061610699,-0.024279998615384102,-0.03383081406354904,-0.02122267335653305,-0.030307939276099205,-0.02050815150141716,-0.024821629747748375,-0.02863234654068947,-0.05479783937335014,-0.05389634147286415,-0.0496237650513649,-0.049613840878009796,-0.05024971812963486,-0.04610412195324898,0.0017607309855520725,0.0680336281657219,0.09234780073165894,0.050538305193185806,0.03782195970416069,0.05462741106748581,0.13766948878765106,0.1719706952571869,0.41635608673095703,0.20757606625556946,0.11242355406284332,0.016309387981891632,-0.02323502115905285,-0.01593654230237007,0.026559095829725266,0.07868251204490662,0.08777555823326111,0.08945830911397934,0.11370539665222168,0.020099522545933723,5.517986573977396e-05,-0.017540568485856056,-0.028895948082208633,-0.0313827209174633,-0.004378724843263626,-0.008054996840655804,-0.006908776704221964,-0.009893587790429592,-0.01863032951951027,-0.04710225760936737,0.04841885715723038,0.006547753233462572,-0.07163983583450317,0.04467562586069107,0.03012489341199398,-0.0013450750848278403,-0.0175404641777277,-0.06425708532333374,0.003002102253958583,0.004980411380529404,0.04243514686822891,-0.019767777994275093,-0.02085951343178749,0.037473294883966446,0.0035969787277281284,0.00862143374979496,-0.025538122281432152,-0.09075549989938736,-0.15415185689926147,0.07629310339689255,-0.16190439462661743,0.033211514353752136,-0.10109997540712357,-0.11040211468935013,0.025788599625229836,0.04183037206530571,0.08492461591959,-0.06686165928840637,0.004062147811055183,-0.052077602595090866,-0.003948986064642668,-0.0013801830355077982,-0.030776193365454674,0.01644856482744217,-0.21133168041706085,0.16787952184677124,0.049509674310684204,-0.10203438997268677,-0.036373578011989594,0.36932289600372314,-0.1958308219909668,0.14971892535686493,-0.08608904480934143,0.4152557849884033,-0.4092107117176056,0.15497727692127228,-0.22835704684257507,0.005835550371557474,0.2204630970954895,0.11210079491138458,-0.20870979130268097,0.5378010272979736,-0.47147136926651,0.06928807497024536,-0.0028843891341239214,0.2138446867465973,0.015645626932382584,-0.19765757024288177,-0.04340453818440437,0.04688773676753044,0.17290432751178741,-0.3915466368198395,0.5328855514526367,-0.11315709352493286,-0.07199346274137497,-0.009867106564342976,0.23716437816619873,-0.46187663078308105,0.14874833822250366,0.46340760588645935,-0.35711735486984253,0.21115745604038239,0.05404341220855713,0.08914388716220856,0.08312077075242996,7.666233159397962e-07,-0.01677163690328598,0.0005496084922924638,2.3110800384529284e-07,1.8309999632037943e-06,4.2151848901994526e-05,0.001057719811797142,1.1052696704864502,-0.20174798369407654,-0.15308625996112823,-0.012754575349390507,0.027467332780361176,-0.19844260811805725,-0.15903669595718384,-0.1815815269947052,-0.21434491872787476
820,-0.0009458201238885522,-0.005201184656471014,-0.010001244023442268,-0.010603941977024078,-0.013953309506177902,-0.012229515239596367,-0.008705838583409786,-0.006939802784472704,-0.004502514377236366,-0.0004472911823540926,0.007534234784543514,0.016692588105797768,0.03554791957139969,0.05785619094967842,0.07189401239156723,0.07236839830875397,0.06053263321518898,0.04725227877497673,0.04306340590119362,0.030856814235448837,0.02209668606519699,0.019084077328443527,0.010092890821397305,0.00515133049339056,-0.006693632807582617,-0.011558606289327145,-0.02386673353612423,-0.02092611975967884,-0.02529187873005867,-0.029628543183207512,-0.05713709816336632,-0.05747886002063751,-0.05143250152468681,-0.054523833096027374,-0.06210513040423393,-0.08311903476715088,-0.09250248223543167,-0.04844330996274948,-0.0008447742438875139,0.025430886074900627,0.03709179535508156,0.04117231070995331,0.03630245849490166,0.024557333439588547,0.0391814187169075,0.01594742015004158,0.00662222458049655,0.006013595033437014,0.010295405983924866,0.009865404106676579,0.016521500423550606,0.007550617679953575,0.005639808718115091,0.004537948872894049,-0.005001291166990995,-0.012744642794132233,-0.03430069610476494,-0.034693386405706406,-0.04576224461197853,-0.06462369114160538,-0.024895265698432922,-0.03782373666763306,-0.04217042401432991,-0.005667500197887421,-0.0054362681694328785,0.011450637131929398,-0.04571208357810974,-0.020831573754549026,0.048846907913684845,-0.02929607592523098,0.02490011788904667,0.03546077013015747,0.036924999207258224,0.07679318636655807,0.023503249511122704,0.005771287716925144,-0.05345003306865692,0.0268558356910944,0.0172739177942276,-0.01278944592922926,-0.031065424904227257,0.005073640029877424,-0.02249983698129654,0.005794311873614788,0.014506861567497253,-0.07108206301927567,0.03622760251164436,-0.04494895786046982,0.06736847758293152,-0.13438907265663147,-0.0034446038771420717,0.02256978116929531,0.00907211285084486,-0.04396726191043854,-0.029850484803318977,-0.04068519175052643,-0.02100617252290249,-0.1951862871646881,-0.030369551852345467,-0.05675501003861427,0.08504553139209747,-0.0644664317369461,-0.04143793508410454,-0.044907014816999435,-0.007187225855886936,0.04697836935520172,-0.17339758574962616,-0.01990538462996483,-0.0838533416390419,0.22353495657444,-0.24170155823230743,0.24542243778705597,-0.18912139534950256,-0.004149544518440962,0.06982290744781494,0.11050188541412354,-0.1653309166431427,0.08050044625997543,-0.0896591991186142,0.008538075722754002,-0.010832748375833035,-0.22949501872062683,-0.02297482267022133,0.08691193163394928,0.24564070999622345,0.042746540158987045,-0.004086911212652922,0.3112668991088867,-0.3327122926712036,-0.13992005586624146,0.07108977437019348,0.09305622428655624,0.02489660121500492,0.011190014891326427,0.1312018781900406,0.1235024556517601,-0.31609708070755005,0.10470544546842575,0.12496791034936905,-0.015475615859031677,0.05476049706339836,-5.158061355814425e-08,-0.019647836685180664,-0.0002772487059701234,-2.187779728046735e-06,1.510351239630836e-07,-1.5937563148327172e-05,-0.0007029565167613328,0.3945320248603821,0.07203353941440582,0.02941880188882351,0.000652135000564158,0.003426073817536235,0.03464392572641373,0.04029761627316475,0.030707938596606255,0.028727130964398384
821,0.004055250436067581,0.01680065505206585,0.03201815485954285,0.037948884069919586,0.03953235596418381,0.023556550964713097,0.007900679484009743,-0.0008457296062260866,-0.005471421405673027,-0.007929316721856594,-0.006884432397782803,-0.005884016864001751,-0.007125873118638992,-0.011038622818887234,-0.012359501793980598,-0.015603735111653805,-0.01710217073559761,-0.013847299851477146,-0.01888858899474144,-0.023786524310708046,-0.032654404640197754,-0.04191048443317413,-0.03267690911889076,-0.03565288335084915,-0.03769303858280182,-0.021292027086019516,-0.02953408844769001,-0.019438061863183975,-0.02269081398844719,-0.0262756384909153,-0.05062996968626976,-0.046082504093647,-0.037106458097696304,-0.030971528962254524,-0.02308177947998047,-0.01233482826501131,0.021737929433584213,0.07092662155628204,0.12546409666538239,0.13501949608325958,0.1754860281944275,0.1986933797597885,0.218558669090271,0.17205548286437988,0.308930903673172,0.15689219534397125,0.1378702074289322,0.0798700749874115,0.034255251288414,0.0009214761666953564,-0.03665383160114288,-0.03341272845864296,-0.021898319944739342,-0.006545357871800661,0.005950466729700565,0.004123495426028967,0.014209291897714138,0.0025886455550789833,0.001987501746043563,0.0020363235380500555,-0.006225165445357561,-0.007330562919378281,-0.018894731998443604,-0.003691880963742733,-0.01294422522187233,-0.03970380872488022,0.052849180996418,0.003278821473941207,-0.048355232924222946,0.04635443910956383,0.0036576297134160995,-0.005906842648983002,-0.012335140258073807,-0.08369902521371841,0.004827064927667379,-0.0009706481359899044,-0.09475385397672653,-0.007109444122761488,0.04327939823269844,-0.17197349667549133,-0.1846211701631546,0.047994330525398254,-0.0956137627363205,-0.22437268495559692,-0.17342083156108856,0.13977326452732086,-0.10772965103387833,0.04158985987305641,-0.17393375933170319,-0.07733208686113358,-0.026662731543183327,0.011498675681650639,0.06298002600669861,-0.06295796483755112,-0.0448434092104435,0.017633924260735512,-0.018268534913659096,0.007684696465730667,-0.05733053386211395,-0.000825782713945955,-0.17801420390605927,0.15763981640338898,0.06202195584774017,-0.11855336278676987,-0.005346618592739105,0.35635459423065186,-0.23656046390533447,0.1397569626569748,-0.1252845972776413,0.33375871181488037,-0.4788578152656555,0.19027161598205566,-0.18392346799373627,-0.06340386718511581,0.27668967843055725,0.0851321890950203,-0.22020740807056427,0.4722558259963989,-0.3938831388950348,0.07654061913490295,-0.0036073934752494097,0.21635480225086212,-0.014116090722382069,-0.18672926723957062,-0.04058554023504257,0.02122064121067524,0.1692802608013153,-0.34169742465019226,0.48077288269996643,-0.06896240264177322,-0.09324390441179276,-0.08951571583747864,0.24735714495182037,-0.4537500739097595,0.149239182472229,0.45237642526626587,-0.4164964556694031,0.24634674191474915,0.007185261696577072,0.08409840613603592,0.04494619742035866,-7.103021744114812e-07,0.026578521355986595,-0.00016908420366235077,1.0704500255087623e-06,-6.055643666513788e-07,-1.2277821952011436e-05,-0.0002299259213032201,0.8147121071815491,-0.1356813758611679,-0.1406530886888504,-0.009557384997606277,-0.031304001808166504,-0.18250152468681335,-0.15366141498088837,-0.08182217180728912,-0.19283632934093475
822,-0.0015384723665192723,-0.006430181208997965,-0.013112581335008144,-0.017306411638855934,-0.019740231335163116,-0.015919595956802368,-0.011285983957350254,-0.009882296435534954,-0.008988643065094948,-0.009698374196887016,-0.0074719637632369995,-0.006576952990144491,-0.008467529900372028,-0.011468296870589256,-0.013715594075620174,-0.015726054087281227,-0.014452231116592884,-0.009117066860198975,-0.006030289921909571,0.00014660500164609402,0.0020839148201048374,-0.003163060639053583,-0.012067954987287521,-0.023761000484228134,-0.03414354473352432,-0.021566051989793777,-0.03029167838394642,-0.020949093624949455,-0.024813193827867508,-0.02972012385725975,-0.055643513798713684,-0.054443854838609695,-0.05251789838075638,-0.05397006496787071,-0.06408880650997162,-0.10155963897705078,-0.14520931243896484,-0.14701922237873077,-0.1411682516336441,-0.09818737953901291,-0.10329504311084747,-0.11179792135953903,-0.11652544885873795,-0.11162278056144714,-0.19250838458538055,-0.11806336045265198,-0.09246564656496048,-0.0538262277841568,-0.04188625514507294,-0.027486883103847504,-0.0381292849779129,-0.012379179708659649,0.0066732666455209255,0.026245171204209328,0.046578262001276016,0.009530270472168922,-0.0016730909701436758,-0.02134847268462181,-0.04244064539670944,-0.07167041301727295,-0.02661978267133236,-0.045176904648542404,-0.07780816406011581,-0.004395597614347935,-0.03644347935914993,-0.07262549549341202,0.03763917461037636,-0.01620538718998432,-0.105510413646698,0.02334100566804409,0.021869422867894173,-0.005381294526159763,-0.04162527620792389,-0.16989517211914062,-0.023040656000375748,-0.002248534234240651,0.06210067495703697,-0.03831919655203819,-0.015710294246673584,0.03861275315284729,0.004884670488536358,0.013876340351998806,-0.011072443798184395,0.04125266894698143,0.0242038294672966,-0.1169353723526001,0.03385738283395767,-0.050177447497844696,0.14361128211021423,-0.1330784410238266,0.05012037232518196,0.0575944185256958,0.19450467824935913,-0.049794360995292664,-0.10229230672121048,0.11342140287160873,-0.06855015456676483,0.3144075274467468,-0.005126331001520157,0.003062780713662505,-0.17410585284233093,0.07022825628519058,0.024723540991544724,-0.09934207051992416,-0.04428471252322197,0.2594777047634125,-0.2150593400001526,0.0720357745885849,-0.13636073470115662,0.32193633913993835,-0.2696312367916107,0.2501920461654663,-0.15163381397724152,-0.007024105172604322,0.016051361337304115,0.05513407289981842,-0.19435308873653412,0.35321298241615295,-0.4469791352748871,0.07942576706409454,0.05878962203860283,0.26510292291641235,-0.03721863776445389,-0.22599758207798004,-0.15030647814273834,0.08074230700731277,0.18489812314510345,-0.6086391806602478,0.7234642505645752,-0.0925205871462822,-0.18712250888347626,0.05074789747595787,0.2471368908882141,-0.26291966438293457,0.11647038161754608,0.3879396319389343,-0.38349270820617676,0.15311606228351593,0.185428649187088,-0.09307486563920975,0.07719692587852478,8.323700839696357e-09,0.01844421774148941,0.000603550928644836,4.859964519710047e-06,1.2715305786059616e-07,6.712723006785382e-06,0.0010230912594124675,2.0865914821624756,-0.22326819598674774,0.018451407551765442,-0.003872120985761285,0.02943284623324871,0.03569773584604263,0.0085061676800251,0.05455661937594414,0.02843923307955265
823,-0.0011870486196130514,-0.005938225891441107,-0.013070343062281609,-0.01671762950718403,-0.01892729662358761,-0.015457017347216606,-0.01108380127698183,-0.009962263517081738,-0.00869227945804596,-0.00951070711016655,-0.007749117910861969,-0.006662718486040831,-0.008612172678112984,-0.012031282298266888,-0.01460821833461523,-0.017933811992406845,-0.019652295857667923,-0.018563931807875633,-0.026059333235025406,-0.0301436148583889,-0.03877263143658638,-0.05084952712059021,-0.035563234239816666,-0.03775784745812416,-0.0406179279088974,-0.022769005969166756,-0.03170780837535858,-0.021725093945860863,-0.02574627660214901,-0.029286304488778114,-0.05379807576537132,-0.04599026218056679,-0.031460922211408615,-0.0174066424369812,-0.007325609680265188,-0.003884902223944664,-0.012460760772228241,-0.01450642105191946,0.002265945076942444,0.015375946648418903,0.02034754492342472,0.000677115807775408,-0.03819073736667633,-0.071351058781147,-0.17765997350215912,-0.13411091268062592,-0.12067151814699173,-0.08964914828538895,-0.0835820883512497,-0.06412284821271896,-0.09139110147953033,-0.06360351294279099,-0.05583048611879349,-0.046495936810970306,-0.06375157833099365,-0.03215079382061958,-0.05727478116750717,-0.04628610238432884,-0.05883112922310829,-0.08567371219396591,-0.03089004196226597,-0.04861302673816681,-0.0777655616402626,-0.000869431474711746,-0.03023921512067318,-0.060754526406526566,0.04803064465522766,-0.01199578121304512,-0.10299769043922424,0.028909573331475258,-0.0017611985094845295,-0.0306497011333704,-0.060433898121118546,-0.21224452555179596,-0.03992144390940666,-0.023478902876377106,0.08103711903095245,-0.0286689642816782,-0.00015182714560069144,0.026433097198605537,-0.005322490353137255,0.038897812366485596,-0.003695567138493061,0.03326607123017311,0.03692633658647537,-0.13601142168045044,0.0258022490888834,-0.07556045055389404,0.14683516323566437,-0.1440742164850235,0.04767889901995659,0.06528638303279877,0.16185984015464783,-0.08713550865650177,-0.11068446934223175,0.1135069727897644,-0.04890255630016327,0.3417654037475586,-0.0016752916853874922,0.03443421795964241,-0.27992749214172363,0.14845100045204163,0.06068998575210571,-0.10619687288999557,-0.035060983151197433,0.38290688395500183,-0.20449835062026978,0.13399899005889893,-0.14408345520496368,0.3009248971939087,-0.2305721640586853,0.26167893409729004,-0.18540464341640472,0.020490551367402077,0.06652853637933731,0.09265784174203873,-0.1740267276763916,0.3175576627254486,-0.32173654437065125,0.10591650754213333,0.03085782192647457,0.21181339025497437,-0.06036055088043213,-0.17083685100078583,-0.10811204463243484,0.05875691771507263,0.23982463777065277,-0.31577977538108826,0.567795991897583,-0.028599409386515617,-0.14771832525730133,0.059489209204912186,0.23575925827026367,-0.30551278591156006,0.08255893737077713,0.45156657695770264,-0.4335803687572479,0.1786506325006485,0.16137780249118805,-0.04900883138179779,0.0947616770863533,2.0992165445932187e-06,0.06122040003538132,0.0014171125367283821,8.970934686658438e-06,1.0560219152466743e-06,7.027904939604923e-05,0.002518416615203023,2.7781455516815186,-0.39912503957748413,-0.02124934457242489,0.005339851137250662,0.07894305139780045,-0.04248591512441635,0.013352153822779655,-0.03902812674641609,-0.02998286671936512
824,-0.0015016683610156178,-0.006508005317300558,-0.01224442571401596,-0.016382094472646713,-0.018599621951580048,-0.015172265470027924,-0.010501906275749207,-0.00911207776516676,-0.008128372952342033,-0.00923535879701376,-0.007263926323503256,-0.00651381304487586,-0.008316753432154655,-0.01176882442086935,-0.014047411270439625,-0.0158452820032835,-0.014876286499202251,-0.009407362900674343,-0.005897138267755508,0.0003136897285003215,0.0015949425287544727,-0.003200940554961562,-0.012079969048500061,-0.023731783032417297,-0.03440883383154869,-0.0215590950101614,-0.03126443549990654,-0.021778633818030357,-0.024007590487599373,-0.023865561932325363,-0.02827000990509987,-0.0023516672663390636,0.023279698565602303,0.043703097850084305,0.04659339040517807,0.04710044711828232,0.010719884186983109,-0.044879473745822906,-0.08460191637277603,-0.08014596253633499,-0.09765288233757019,-0.11237885802984238,-0.1149376854300499,-0.10421960055828094,-0.17650067806243896,-0.09210557490587234,-0.05359651520848274,-0.017321692779660225,-0.00651749549433589,-0.01354300882667303,-0.046873368322849274,-0.047429874539375305,-0.04869440197944641,-0.046097904443740845,-0.06486620754003525,-0.03629598766565323,-0.05811658129096031,-0.04836660623550415,-0.05686185136437416,-0.07184939831495285,-0.027465010061860085,-0.03965531662106514,-0.0640772208571434,-0.012280650436878204,-0.04091837629675865,-0.07327503710985184,0.047741059213876724,-0.009258830919861794,-0.11169380694627762,0.02125120908021927,-0.005669011734426022,-0.025973591953516006,-0.057252801954746246,-0.2012237012386322,-0.041003573685884476,-0.02736259438097477,0.055080872029066086,-0.03239302337169647,-0.009823289699852467,0.016871578991413116,-0.01870456151664257,0.026692546904087067,-0.024763908237218857,0.0020047754514962435,0.0036850725300610065,-0.09527753293514252,0.024604452773928642,-0.07056291401386261,0.10977953672409058,-0.13479666411876678,0.0249934121966362,0.051988277584314346,0.138241708278656,-0.07700280845165253,-0.05785363167524338,0.07002099603414536,-0.05171361565589905,0.22723859548568726,0.004961296916007996,0.016431475058197975,-0.24356985092163086,0.14640864729881287,0.06111861765384674,-0.12858712673187256,-0.012735242024064064,0.2136467695236206,-0.20643477141857147,-0.02755904383957386,-0.09709689021110535,0.2010430544614792,-0.19287042319774628,0.26521486043930054,-0.20397262275218964,-0.018968962132930756,0.010029451921582222,0.10885393619537354,-0.2668140232563019,0.4183018207550049,-0.44190624356269836,0.0821373239159584,0.03459041565656662,0.09916037321090698,-0.0713210478425026,-0.08751782029867172,-0.02977147325873375,0.0167422853410244,0.207865908741951,-0.3745422661304474,0.5798057913780212,-0.08582557737827301,-0.1576310098171234,0.02225148119032383,0.1898554116487503,-0.24531862139701843,0.1030237227678299,0.16137604415416718,-0.3872971534729004,0.13437165319919586,0.1814134269952774,-0.11082708835601807,0.04443774372339249,-6.644154382229317e-07,-0.029147427529096603,-0.00018976822320837528,-6.277829811551783e-07,-1.0237890819553286e-06,-2.827489879564382e-05,-5.159395732334815e-05,2.504472017288208,-0.19612209498882294,0.035025518387556076,0.005056383088231087,0.028388984501361847,0.042740240693092346,0.044219791889190674,0.08095725625753403,0.06212582439184189
825,-0.0012220109347254038,-0.0043205865658819675,-0.005722396541386843,-0.0018514039693400264,0.006206064485013485,0.01131616160273552,0.008353726007044315,0.003650123253464699,-0.0016528087435290217,-0.0062350919470191,-0.006837130524218082,-0.006310328841209412,-0.008471391163766384,-0.01159945223480463,-0.013855181634426117,-0.015740178525447845,-0.01473267748951912,-0.009349575266242027,-0.00627928925678134,-0.0004388761008158326,0.0006401347927749157,-0.003796118777245283,-0.012387650087475777,-0.023747270926833153,-0.0342433825135231,-0.021417245268821716,-0.0309296827763319,-0.021753806620836258,-0.025285853073000908,-0.029454108327627182,-0.055484406650066376,-0.05136589705944061,-0.042400460690259933,-0.037340037524700165,-0.03746861219406128,-0.057151541113853455,-0.09202680736780167,-0.11323817074298859,-0.12439735233783722,-0.09564035385847092,-0.10055337846279144,-0.11171646416187286,-0.11507661640644073,-0.10268035531044006,-0.1966087371110916,-0.12511397898197174,-0.09864893555641174,-0.05096028745174408,-0.012945163063704967,0.018193326890468597,0.0415157824754715,0.017885910347104073,-0.008810724131762981,-0.02464277669787407,-0.04919178783893585,-0.02889365516602993,-0.05396345257759094,-0.045723315328359604,-0.0545315258204937,-0.08084384351968765,-0.029101725667715073,-0.04445403441786766,-0.062371205538511276,-0.0010104728862643242,-0.02303648367524147,-0.03894571214914322,0.03344111517071724,-0.004014576785266399,-0.09577897936105728,0.011368224397301674,-0.006546942517161369,-0.026370028033852577,-0.03865039348602295,-0.14861172437667847,-0.017729397863149643,-0.009909483604133129,0.06921703368425369,-0.02189636416733265,-0.009227768518030643,-0.03374573960900307,-0.05838462710380554,0.026609502732753754,-0.03566852584481239,0.004281799774616957,0.024729179218411446,-0.09713795781135559,0.039714425802230835,-0.06404462456703186,0.1322447508573532,-0.13715079426765442,0.0322691947221756,0.04243212193250656,0.13907724618911743,-0.07525044679641724,-0.04713079705834389,0.057564299553632736,-0.05196927860379219,0.2452215999364853,0.01202371995896101,0.02049010805785656,-0.28655916452407837,0.1418999284505844,0.05241464078426361,-0.10448093712329865,-0.019641971215605736,0.36801525950431824,-0.18711552023887634,0.11934732645750046,-0.09324080497026443,0.2900252044200897,-0.22713685035705566,0.22626471519470215,-0.23426231741905212,-0.005859196651726961,0.08904387801885605,0.14444735646247864,-0.20543959736824036,0.5200830698013306,-0.4517515003681183,0.08361635357141495,-0.006224438082426786,0.2806818187236786,-0.0363859124481678,-0.142081156373024,-0.036697011440992355,0.011124745942652225,0.18427607417106628,-0.27904555201530457,0.5234604477882385,-0.05579463019967079,-0.08510415256023407,-0.011923223733901978,0.20555229485034943,-0.3142804503440857,0.15162532031536102,0.4017764925956726,-0.44268515706062317,0.22518713772296906,0.1387154459953308,-0.014939775690436363,0.06332224607467651,3.799988235186902e-06,-0.02733907662332058,0.0013280385173857212,-7.395200327664497e-07,6.57046984997578e-06,0.00015855120727792382,0.002453625202178955,2.522495746612549,-0.3713717758655548,-0.04401039332151413,0.016015753149986267,-0.020427124574780464,0.0017846820410341024,-0.014214742928743362,-0.07799652963876724,0.014850830659270287
826,-0.0014528506435453892,-0.0055808196775615215,-0.010936752893030643,-0.012633762322366238,-0.015586580149829388,-0.013293011114001274,-0.008905512280762196,-0.008194860070943832,-0.007670559920370579,-0.008050831034779549,-0.004872931633144617,-0.0022190276067703962,0.0010020846966654062,0.007056488189846277,0.011763491667807102,0.012468350119888783,0.009099887683987617,0.002914581447839737,0.002539820969104767,0.0036106123588979244,0.010787970386445522,0.03618771582841873,0.07138209789991379,0.15020352602005005,0.23249755799770355,0.14842469990253448,0.170408695936203,0.06817740201950073,0.03444768115878105,0.001360213733278215,-0.01948275789618492,-0.0029833619482815266,0.04202069342136383,0.11067962646484375,0.20633795857429504,0.3147772252559662,0.3609011471271515,0.19959957897663116,0.05244977027177811,-0.03577165678143501,-0.07029397785663605,-0.09143257886171341,-0.09911814332008362,-0.09664004296064377,-0.17863114178180695,-0.11440010368824005,-0.10451459139585495,-0.07335550338029861,-0.0657607689499855,-0.04363632947206497,-0.0842883363366127,-0.04996922239661217,-0.039330001920461655,-0.03769060596823692,-0.05596296489238739,-0.027009645476937294,-0.04775596410036087,-0.02239328995347023,-0.03271003067493439,-0.041795726865530014,-0.009974950924515724,-0.026052435860037804,-0.06282486021518707,-0.0012669985881075263,-0.03245105221867561,-0.06910428404808044,0.0350843220949173,0.0007090414292179048,-0.08832346647977829,0.006438900716602802,-0.004110348876565695,-0.04073270037770271,-0.03473322093486786,-0.14843063056468964,0.003190531162545085,0.014273696579039097,0.03862588107585907,-0.016491565853357315,0.014822044409811497,-0.013532069511711597,-0.02805975452065468,0.02898106537759304,-0.02271023951470852,-0.099186472594738,-0.10388866066932678,0.10726230591535568,-0.1193295270204544,0.10694314539432526,-0.38819730281829834,0.49936047196388245,-0.07956844568252563,-0.17504027485847473,-0.49215200543403625,-0.03717374429106712,0.08340197801589966,-0.07871127128601074,0.03729495778679848,-0.4575178325176239,-0.17644034326076508,0.20282265543937683,1.0733917951583862,-0.3729511797428131,0.11025454849004745,0.012422725558280945,0.007079601287841797,0.26338860392570496,-0.17331597208976746,-0.02060098946094513,-0.06705614924430847,-0.1950828582048416,0.3990768790245056,-0.028311802074313164,0.05282062292098999,0.04352690652012825,0.15070080757141113,0.09449667483568192,-0.10068504512310028,0.4382326900959015,-0.39617618918418884,0.025259770452976227,0.06688268482685089,0.18086403608322144,0.04172658175230026,-0.17805421352386475,-0.03222166746854782,-0.006261589005589485,0.16864417493343353,-0.37810003757476807,0.557398796081543,-0.11729635298252106,-0.09071914851665497,-0.08733970671892166,0.18703848123550415,-0.24567154049873352,0.14375421404838562,0.16507366299629211,-0.24974815547466278,0.21950921416282654,0.049493785947561264,-0.01692325249314308,-0.03550155460834503,-5.209950018070231e-07,0.02738405391573906,-0.0003373936633579433,-5.20757339472766e-07,3.226139995149424e-07,-2.560357461334206e-05,-0.0006776141235604882,0.1554265022277832,0.09504622220993042,-0.003654847852885723,-0.001978449057787657,0.007851267233490944,0.03437770530581474,-0.05723906308412552,-0.00324901076965034,-0.01599990203976631
827,-0.0012648215051740408,-0.005716411396861076,-0.009709508158266544,-0.009711265563964844,-0.004823428578674793,0.005130748730152845,0.009972566738724709,0.010667908936738968,0.006353187374770641,0.0006403216393664479,-0.0035094234626740217,-0.005177559331059456,-0.007328299339860678,-0.009975082240998745,-0.008806470781564713,-0.003809829941019416,0.0039001901168376207,0.007404249627143145,0.008026308380067348,0.0054346476681530476,0.0021273137535899878,0.005660355091094971,0.005745264235883951,0.002609818009659648,-0.010085364803671837,-0.013079501688480377,-0.02529146708548069,-0.019943585619330406,-0.0237126424908638,-0.025164160877466202,-0.040214505046606064,-0.030187854543328285,-0.022274276241660118,-0.024388721212744713,-0.03839857131242752,-0.07735195010900497,-0.12882103025913239,-0.13818447291851044,-0.13242067396640778,-0.09554179012775421,-0.10157739371061325,-0.11091424524784088,-0.10768232494592667,-0.089935801923275,-0.13041839003562927,-0.047152262181043625,-0.003469780320301652,0.02764021046459675,0.04362040385603905,0.035639889538288116,0.03080245666205883,0.010153119452297688,0.0020284708589315414,0.0006558127352036536,-0.009820487350225449,-0.015232495963573456,-0.03728631138801575,-0.03352116048336029,-0.04382013529539108,-0.054699793457984924,-0.015582209452986717,-0.021740010008215904,-0.028871340677142143,-0.0065801190212368965,-0.02096596732735634,-0.037926625460386276,0.039474427700042725,0.0010380324674770236,-0.09269358962774277,0.01776324398815632,0.008189938962459564,-0.015912851318717003,-0.03792403265833855,-0.15216998755931854,-0.015217210166156292,-0.009704506024718285,0.018192654475569725,-0.01611643098294735,0.0008808271959424019,-0.03482821583747864,-0.04249075427651405,0.031856752932071686,-0.029853731393814087,-0.008217569440603256,-0.007194853853434324,-0.06851617991924286,0.03151123225688934,-0.04945095628499985,0.09952054917812347,-0.11820819228887558,0.006012300029397011,0.02255256474018097,0.06323041021823883,-0.06981494277715683,-0.046482153236866,0.05778227746486664,-0.04729975014925003,0.23492448031902313,0.026088975369930267,0.03378419950604439,-0.2501101493835449,0.14122264087200165,0.06661950796842575,-0.10341150313615799,0.0004707043990492821,0.20482110977172852,-0.20470160245895386,0.0172965656965971,-0.1063598170876503,0.2438957393169403,-0.2372746765613556,0.23823240399360657,-0.17659549415111542,-0.02891949936747551,0.08182619512081146,0.09750591218471527,-0.23412030935287476,0.38589078187942505,-0.3714555501937866,0.09018600732088089,0.028439514338970184,0.1719357818365097,-0.042775675654411316,-0.09394597262144089,-0.003796088509261608,-0.014228628017008305,0.18781208992004395,-0.29467514157295227,0.533464252948761,-0.08297214657068253,-0.0930645689368248,0.0014764908701181412,0.18003225326538086,-0.20406928658485413,0.11867880076169968,0.16653253138065338,-0.3115306794643402,0.07142744958400726,0.17175066471099854,-0.05184057727456093,0.06752945482730865,-3.16364292984872e-07,-0.03176391124725342,-0.00022568835993297398,-1.0329883934900863e-06,-1.5849889223318314e-07,-1.8773223928292282e-05,-5.960404087090865e-05,1.6310263872146606,-0.155068501830101,0.019483715295791626,0.010436364449560642,-0.015149850398302078,0.04228353127837181,0.014405731111764908,0.013145784847438335,0.06171479821205139
828,0.0025791048537939787,0.01476124208420515,0.022580385208129883,0.015343778766691685,0.008793724700808525,-0.0003796684031840414,-0.004577818792313337,-0.00624247919768095,-0.006178755313158035,-0.007411488331854343,-0.005727865733206272,-0.005346633493900299,-0.007084185257554054,-0.011041604913771152,-0.01336177159100771,-0.016490090638399124,-0.01793542131781578,-0.017227260395884514,-0.023622622713446617,-0.026429729536175728,-0.03425179794430733,-0.046627070754766464,-0.03265239670872688,-0.03410768508911133,-0.03781361132860184,-0.021942632272839546,-0.030224386602640152,-0.020918341353535652,-0.023654961958527565,-0.027522645890712738,-0.05543883144855499,-0.05415534973144531,-0.04664888232946396,-0.0446380078792572,-0.03541354835033417,-0.012866250239312649,0.05351781100034714,0.11165941506624222,0.15319038927555084,0.13411444425582886,0.17245924472808838,0.22451473772525787,0.23618300259113312,0.19524303078651428,0.29722416400909424,0.10164450854063034,0.014715592376887798,-0.03291979804635048,-0.05970507115125656,-0.05144874006509781,-0.08251466602087021,-0.049587432295084,-0.04499451816082001,-0.027577046304941177,-0.026501789689064026,-0.009477486833930016,-0.0006421448779292405,0.01407682429999113,0.030056873336434364,0.043106500059366226,0.008681676350533962,0.008101267740130424,-0.016271064057946205,-0.002496075350791216,-0.013567793183028698,-0.03512076660990715,0.04793174937367439,-0.00518467091023922,-0.09293749928474426,0.03706474229693413,-0.037564314901828766,-0.06159962713718414,-0.05140555649995804,-0.16433945298194885,-0.010465576313436031,-0.00039019322139211,-0.039505984634160995,0.06435921788215637,0.0905618816614151,-0.08576441556215286,-0.09385524690151215,0.07891493290662766,-0.005262593273073435,0.0004792755062226206,-0.06563063710927963,0.126052126288414,-0.053445469588041306,-0.004150679334998131,0.02164575271308422,-0.1274971067905426,0.0012219391064718366,0.05487171187996864,0.09122507274150848,-0.11092596501111984,-0.07257355004549026,0.058382485061883926,-0.028358854353427887,0.057653505355119705,-0.038405172526836395,-0.024080373346805573,-0.05508904531598091,0.02194228209555149,-0.002530096797272563,-0.07958517223596573,0.038288529962301254,0.25884175300598145,-0.2966333031654358,0.1100519448518753,-0.14617758989334106,0.19879549741744995,-0.3946537673473358,0.28797584772109985,-0.1879604458808899,-0.03439607098698616,0.028167404234409332,0.005603560246527195,0.16479521989822388,-0.5242286920547485,0.510793149471283,-0.023393243551254272,0.0828929990530014,-0.7834869623184204,0.4141598641872406,0.1934812068939209,0.11390286684036255,-0.08244801312685013,-0.1960669904947281,-0.007076209411025047,0.11689846962690353,-0.057783134281635284,0.005719729233533144,-0.002412712201476097,0.19586078822612762,-0.11854495853185654,0.09681154787540436,0.020601917058229446,0.07612339407205582,-0.12542113661766052,0.06712779402732849,0.011943550780415535,-0.17949053645133972,1.086285976725776e-07,0.03524312376976013,-0.00021458740229718387,6.121372848610918e-07,2.513527590508602e-07,-2.3045751731842756e-05,-0.000542235211469233,-0.2282526046037674,0.0968853235244751,0.043038588017225266,-0.0006461272132582963,-0.026027347892522812,0.034287527203559875,0.034454457461833954,0.04490642249584198,0.020974138751626015
829,-0.0008332482539117336,-0.003885794198140502,-0.0034182248637080193,0.003037648741155863,0.01676821894943714,0.027334610000252724,0.02475334145128727,0.018946370109915733,0.009028417058289051,0.001324163400568068,-0.0033473309595137835,-0.004935164470225573,-0.0071438997983932495,-0.011266706511378288,-0.013625646010041237,-0.017082346603274345,-0.018556687980890274,-0.018053067848086357,-0.024495424702763557,-0.027212053537368774,-0.03534712642431259,-0.0473090335726738,-0.03132680058479309,-0.02787942625582218,-0.02137155458331108,-0.005985512398183346,-0.001109762815758586,-2.7440117264632136e-05,-0.005077359266579151,-0.013075602240860462,-0.026599396020174026,-0.012502250261604786,0.009639754891395569,0.027562804520130157,0.03306040167808533,0.015916302800178528,-0.036021795123815536,-0.07610912621021271,-0.0873546302318573,-0.04797458276152611,0.0005923863500356674,0.09594026952981949,0.18730047345161438,0.216282919049263,0.3527502417564392,0.1346529871225357,0.02950803004205227,-0.013648551888763905,-0.008612258359789848,0.02827209047973156,0.12505418062210083,0.11227589845657349,0.11611960083246231,0.06761845201253891,0.042606744915246964,-0.004156255628913641,-0.0324295349419117,-0.03296949341893196,-0.046971395611763,-0.052979640662670135,-0.01934722065925598,-0.020491929724812508,-0.017482753843069077,-0.003440778935328126,-0.010700065642595291,-0.025354893878102303,0.03905409574508667,-0.003025693353265524,-0.0922340452671051,-0.0008823139360174537,-0.007244877517223358,0.005380432587116957,0.009818407706916332,0.01685277931392193,-0.0006918093422427773,-0.014851024374365807,0.025169827044010162,0.002656558295711875,0.06351613998413086,-0.03163575753569603,-0.05412300303578377,0.05811275914311409,-0.032013505697250366,-0.01627262681722641,-0.020491737872362137,-0.031981460750103,-0.018478741869330406,0.02247779443860054,-0.09677807986736298,0.09109007567167282,-0.01899714022874832,0.007507975213229656,0.04410210996866226,-0.07331874966621399,-0.054138265550136566,0.040728628635406494,-0.03780405595898628,0.004318770486861467,-0.05108795315027237,-0.05249769613146782,-0.008284815587103367,0.012341036461293697,0.005733844358474016,-0.08957523107528687,0.028067590668797493,0.21411824226379395,-0.15916749835014343,-0.02862853743135929,-0.06123654544353485,-0.05657612532377243,0.01911064051091671,0.15808022022247314,-0.1273500621318817,0.024380560964345932,0.027587121352553368,-0.012085894122719765,0.14907458424568176,-0.5500718355178833,0.32836511731147766,-0.025500169023871422,0.010870232246816158,0.052136726677417755,-0.02165648527443409,0.07810483872890472,0.26584193110466003,-0.060311879962682724,-0.26030319929122925,0.3693363070487976,-0.2641142010688782,-0.05950971320271492,0.03025645576417446,0.03523664176464081,0.11462552100419998,0.27872300148010254,-0.059454262256622314,-0.4987351894378662,0.33752161264419556,-0.1459803283214569,0.13084082305431366,0.010437876917421818,0.03373359143733978,1.6811350178613793e-07,-0.004911845549941063,-0.00021545377967413515,-1.0547670399319031e-06,7.184822266026458e-07,-2.656701508385595e-05,-0.0004537792701739818,-0.07565345615148544,0.11907787621021271,0.04584735631942749,-0.00228627840988338,-0.01595471240580082,0.03273523226380348,0.057039402425289154,0.07434918731451035,0.05721791088581085
830,-0.001695709303021431,-0.006785954348742962,-0.01379239559173584,-0.018243299797177315,-0.020168855786323547,-0.01608169637620449,-0.011103642173111439,-0.009950261563062668,-0.008941831067204475,-0.009808515198528767,-0.00803552195429802,-0.006808087229728699,-0.008559368550777435,-0.011925527825951576,-0.013906213454902172,-0.0158478282392025,-0.014908954501152039,-0.009222954511642456,-0.0058430456556379795,0.00010440112964715809,0.0019489137921482325,-0.0031520670745521784,-0.012284081429243088,-0.024228844791650772,-0.034942567348480225,-0.021935880184173584,-0.03137006238102913,-0.021731575950980186,-0.025718890130519867,-0.029605356976389885,-0.05627581104636192,-0.05565791204571724,-0.05288764461874962,-0.05685628205537796,-0.06607811152935028,-0.10483819991350174,-0.1501346081495285,-0.15682026743888855,-0.1489817053079605,-0.10385869443416595,-0.10588535666465759,-0.11542404443025589,-0.12005869299173355,-0.11164863407611847,-0.20372670888900757,-0.13328127562999725,-0.09706530719995499,-0.039945680648088455,0.012270363979041576,0.0475648008286953,0.09181872755289078,0.04805776849389076,0.005087927915155888,-0.01777592860162258,-0.04675927758216858,-0.03105159103870392,-0.058290064334869385,-0.047245901077985764,-0.05883064866065979,-0.08667602390050888,-0.03525977581739426,-0.04903751611709595,-0.08613960444927216,-0.009519078768789768,-0.04206624999642372,-0.07425578683614731,0.03220024332404137,-0.01610417291522026,-0.10971669107675552,0.020811282098293304,0.003164490917697549,-0.02072528377175331,-0.061071496456861496,-0.20168083906173706,-0.0382324680685997,-0.0307418555021286,0.07166284322738647,-0.04770427942276001,-0.012103491462767124,0.027072863653302193,-0.003763926913961768,0.006457103416323662,-0.010781821794807911,0.026331137865781784,0.021244632080197334,-0.12269598990678787,0.02785957045853138,-0.08117856830358505,0.1350792497396469,-0.143368661403656,0.03678322583436966,0.048349346965551376,0.14202937483787537,-0.06663595139980316,-0.04001831263303757,0.04154013842344284,-0.04233461990952492,0.1970139443874359,-1.2356344996078406e-06,0.02932043746113777,-0.24309837818145752,0.1321137249469757,0.03684933856129646,-0.12669183313846588,-0.05710187181830406,0.3823765814304352,-0.15813128650188446,0.07500182837247849,-0.09943897277116776,0.2027851939201355,-0.09919369965791702,0.23144032061100006,-0.13888056576251984,-0.008819971233606339,0.04388578608632088,0.11962451040744781,-0.2108890861272812,0.44008487462997437,-0.5226980447769165,0.048032160848379135,0.0020032753236591816,0.29870402812957764,-0.021618882194161415,-0.28507333993911743,-0.23361380398273468,0.09889528900384903,0.17278197407722473,-0.45120134949684143,0.6165513396263123,-0.049811989068984985,-0.14916720986366272,0.07615584135055542,0.2543226480484009,-0.36064109206199646,0.07950897514820099,0.3680189251899719,-0.4012313485145569,0.2596012353897095,0.19206634163856506,-0.07063538581132889,0.06799233704805374,9.913254871207755e-06,0.025929780676960945,0.0028274033684283495,3.5422988275968237e-06,8.246206562034786e-06,0.00028875248972326517,0.006215657573193312,3.204385757446289,-0.34097328782081604,-0.02892332151532173,-0.005125603172928095,0.029877759516239166,-0.043031997978687286,-0.014052259735763073,-0.03247150778770447,-0.07684770971536636
831,0.005003292113542557,0.020998910069465637,0.02785560116171837,0.017832357436418533,0.01465113740414381,0.0056769088841974735,-0.0005020080134272575,-0.003965285141021013,-0.005330116953700781,-0.007169534917920828,-0.005665868055075407,-0.0053197406232357025,-0.007081258110702038,-0.011263216845691204,-0.013623320497572422,-0.016693463549017906,-0.018072381615638733,-0.01761740818619728,-0.024001233279705048,-0.026989512145519257,-0.03496168181300163,-0.047196872532367706,-0.033288631588220596,-0.03487901762127876,-0.03828160837292671,-0.02223270572721958,-0.03054019995033741,-0.02166971191763878,-0.02373473346233368,-0.02711390145123005,-0.05274977162480354,-0.047189489006996155,-0.033822622150182724,-0.023462604731321335,-0.008322758600115776,0.016961153596639633,0.06741610169410706,0.10707131028175354,0.1460062712430954,0.1502276062965393,0.20058847963809967,0.2503325641155243,0.24778729677200317,0.18660959601402283,0.2788841724395752,0.1148378923535347,0.06079719588160515,0.021940113976597786,-0.00860364455729723,-0.025710979476571083,-0.05886100232601166,-0.038147758692502975,-0.028082815930247307,-0.0063684373162686825,0.011074925772845745,0.009887819178402424,0.017160337418317795,0.008928497321903706,0.0033164876513183117,-0.00018324759730603546,-0.005225047003477812,-0.007134334184229374,-0.01804359257221222,-0.0026071572210639715,-0.010076476261019707,-0.029027054086327553,0.05252789705991745,-0.007171762641519308,-0.09102104604244232,0.02930680848658085,-0.0387304313480854,-0.05672205239534378,-0.032590482383966446,-0.06729331612586975,0.011816342361271381,0.03210565447807312,-0.08595368266105652,0.0812394917011261,0.09112175554037094,-0.116265207529068,-0.10425927489995956,0.06025118753314018,0.035871218889951706,-0.027141893282532692,-0.06583648175001144,0.14630086719989777,-0.051344066858291626,0.015607837587594986,-0.021710216999053955,-0.08444532752037048,-0.0029143497813493013,0.02455853670835495,0.059794895350933075,-0.061871565878391266,-0.04204900935292244,0.00363996927626431,-0.04345591738820076,-0.031026851385831833,-0.05261286720633507,-0.030176861211657524,-0.055283498018980026,0.03434716537594795,0.00929372850805521,-0.08013813197612762,0.031754229217767715,0.23134928941726685,-0.29403379559516907,0.09497959166765213,-0.1273505985736847,0.225059375166893,-0.3254777193069458,0.24428318440914154,-0.11894433945417404,0.020301353186368942,-0.04369830712676048,-0.09008535742759705,0.2948538362979889,-0.6641378998756409,0.5110505819320679,-0.03147832676768303,-0.01185124646872282,-0.6389737725257874,0.3594592809677124,0.1832171529531479,0.19658829271793365,0.02128615602850914,-0.18631808459758759,0.040939074009656906,-0.07297328859567642,-0.08270807564258575,0.13038772344589233,0.038110341876745224,0.11116103082895279,0.11508268862962723,0.05512073636054993,-0.20012164115905762,0.18348897993564606,-0.180434912443161,0.1338840276002884,-0.028471320867538452,-0.045374296605587006,1.051564240128755e-07,0.023834530264139175,-0.0002234122366644442,-3.472870560017327e-07,3.516084632337879e-07,-1.1910395187442191e-05,-0.0004581137327477336,-0.15979036688804626,0.12644149363040924,0.04036317020654678,-0.0008468207088299096,-0.030254293233156204,0.03180940821766853,0.03748736530542374,0.0420074500143528,0.03738502040505409
832,0.0005348328850232065,0.00568142905831337,0.018137983977794647,0.029274193570017815,0.03429916501045227,0.02232140116393566,0.007634141948074102,-0.0009406451717950404,-0.0055383616127073765,-0.008128202520310879,-0.007121433969587088,-0.005977215711027384,-0.0074261268600821495,-0.011114613153040409,-0.012634916231036186,-0.015991752967238426,-0.017552733421325684,-0.014345386065542698,-0.019467417150735855,-0.024517979472875595,-0.033256541937589645,-0.04275017976760864,-0.03293265774846077,-0.03609625995159149,-0.03788333386182785,-0.021391743794083595,-0.0296343807131052,-0.01965424232184887,-0.023125406354665756,-0.026839984580874443,-0.05137425661087036,-0.04672679305076599,-0.03735733404755592,-0.030774611979722977,-0.022402258589863777,-0.009782608598470688,0.030328596010804176,0.08668787777423859,0.14196915924549103,0.1387833207845688,0.16063858568668365,0.15474727749824524,0.1464301198720932,0.0950394943356514,0.16546283662319183,0.09366168826818466,0.09839440882205963,0.0649288147687912,0.029593346640467644,-0.0003844351158477366,-0.037263575941324234,-0.03371066600084305,-0.022418785840272903,-0.007040310651063919,0.005068729631602764,0.0031016620341688395,0.01293329056352377,0.002865159884095192,0.0019343619933351874,0.0030050112400203943,-0.0059555950574576855,-0.007659141905605793,-0.02010211907327175,-0.004060195293277502,-0.014773310162127018,-0.03940417245030403,0.048813216388225555,0.0013897691387683153,-0.05631062760949135,0.042374756187200546,0.005091588944196701,-0.00693679042160511,-0.015833664685487747,-0.09525324404239655,0.004512074403464794,-0.0004876326711382717,-0.05673360452055931,-0.005985564086586237,0.027628591284155846,-0.1349201798439026,-0.14907751977443695,0.018357694149017334,-0.09860776364803314,-0.19982555508613586,-0.16310423612594604,0.09021821618080139,-0.06539319455623627,0.0064833322539925575,-0.09441231936216354,-0.09337816387414932,-0.019191289320588112,0.016548670828342438,0.07556842267513275,-0.07100093364715576,-0.05767710134387016,0.04396415874361992,-0.029545901343226433,0.07189640402793884,-0.026577480137348175,0.0066704885102808475,-0.19417181611061096,0.15813887119293213,0.06350339949131012,-0.11079952865839005,-0.007797199301421642,0.35977908968925476,-0.2292172908782959,0.13670629262924194,-0.12005690485239029,0.3430635333061218,-0.4594539403915405,0.17933689057826996,-0.20066653192043304,-0.06150011718273163,0.24544823169708252,0.09230269491672516,-0.21463119983673096,0.4855416417121887,-0.40752047300338745,0.08299752324819565,0.0009252627496607602,0.22509318590164185,-0.011256858706474304,-0.1870712786912918,-0.049597159028053284,0.031191712245345116,0.17081470787525177,-0.35530948638916016,0.4885511100292206,-0.08257109671831131,-0.08633822202682495,-0.06617692857980728,0.2517698407173157,-0.436423122882843,0.14940306544303894,0.45463070273399353,-0.422858327627182,0.2378627359867096,0.0337996631860733,0.07031935453414917,0.049507271498441696,-5.295432288221491e-07,0.027252696454524994,-0.00012134273129049689,1.356218717774027e-06,-6.72408987156814e-07,-1.2307616998441517e-05,-0.00023124963627196848,0.9883174300193787,-0.1741933375597,-0.14605781435966492,-0.010708238929510117,-0.023235272616147995,-0.18545997142791748,-0.1561281681060791,-0.12461048364639282,-0.19539350271224976
833,0.0015385388396680355,0.006027409806847572,0.006473967805504799,-0.0003312045009806752,-0.007959426380693913,-0.01100384071469307,-0.009759742766618729,-0.009528894908726215,-0.00878394115716219,-0.009365719743072987,-0.007801626343280077,-0.006660948973149061,-0.00863632746040821,-0.0119015509262681,-0.014114093966782093,-0.01644856296479702,-0.014951853081583977,-0.009489042684435844,-0.006286533083766699,-0.0001932119339471683,0.0012861876748502254,-0.003664538497105241,-0.012564394623041153,-0.024450788274407387,-0.0347491055727005,-0.021698512136936188,-0.03122613951563835,-0.02139059454202652,-0.025319930166006088,-0.029621776193380356,-0.058181799948215485,-0.05697682127356529,-0.051510460674762726,-0.05116075649857521,-0.050300825387239456,-0.05591123178601265,-0.03483967110514641,0.01897636614739895,0.06708798557519913,0.06320000439882278,0.06857738643884659,0.05071050673723221,0.016799136996269226,-0.027560723945498466,-0.11398160457611084,-0.10659677535295486,-0.10921432822942734,-0.08424434065818787,-0.08012472093105316,-0.06260993331670761,-0.09279699623584747,-0.06136496365070343,-0.05505810305476189,-0.04485723003745079,-0.062174856662750244,-0.02939508482813835,-0.05453113093972206,-0.04243109002709389,-0.04995512217283249,-0.06352902948856354,-0.01681925356388092,-0.03207866847515106,-0.05896760895848274,0.0010475226445123553,-0.02487357147037983,-0.05329262092709541,0.0510895773768425,-0.0082001443952322,-0.09356077015399933,0.04380320757627487,0.007505406625568867,-0.028679683804512024,-0.050476424396038055,-0.2082139551639557,-0.030746012926101685,-0.016116004437208176,0.08924249559640884,-0.015514216385781765,-0.00027563958428800106,0.013352269306778908,-0.019362999126315117,0.028596939519047737,-0.015340358018875122,0.020047608762979507,0.02119513973593712,-0.09506835043430328,0.03429333493113518,-0.07056907564401627,0.141378715634346,-0.1451597809791565,0.043298907577991486,0.07697167247533798,0.1506233513355255,-0.0893479660153389,-0.10040536522865295,0.09873633831739426,-0.04306793957948685,0.21783830225467682,-0.02018757537007332,0.010660507716238499,-0.2009238302707672,0.13377197086811066,0.05980340391397476,-0.0945957601070404,-0.02286686934530735,0.3563265800476074,-0.22931864857673645,0.15680505335330963,-0.1658034324645996,0.3270942270755768,-0.36163443326950073,0.23484641313552856,-0.21937160193920135,0.02122013457119465,0.08182540535926819,0.08129283040761948,-0.17747223377227783,0.07353942841291428,-0.1874542534351349,0.09928421676158905,0.042306914925575256,0.13404814898967743,-0.0853523537516594,-0.1530633270740509,-0.07431549578905106,0.045792583376169205,0.25122785568237305,-0.32767438888549805,0.5523587465286255,-0.039142172783613205,-0.14434409141540527,0.05254926532506943,0.23277556896209717,-0.34548884630203247,0.12386172264814377,0.4674798250198364,-0.45791441202163696,0.1701696813106537,0.12939748167991638,-0.049195725470781326,0.10883359611034393,-1.0397830010333564e-06,-0.014560594223439693,0.000381549441954121,2.3104171305021737e-06,-9.600325938663445e-07,3.279754764662357e-06,0.002033224329352379,2.402320384979248,-0.29713553190231323,-0.018710318952798843,0.013174091465771198,-0.03356804698705673,0.03492021933197975,0.01672660931944847,0.03379237651824951,-0.01822466216981411
834,-0.0015118616865947843,-0.0061338795349001884,-0.012169371359050274,-0.016571223735809326,-0.019032562151551247,-0.015794506296515465,-0.011084161698818207,-0.009859628975391388,-0.008905963972210884,-0.00951392948627472,-0.007714211940765381,-0.006070587318390608,-0.006785675883293152,-0.006716526113450527,-0.0015020084101706743,0.0058077601715922356,0.010737891308963299,0.005353408399969339,-0.001956959953531623,-0.01235476415604353,-0.02634318731725216,-0.041672151535749435,-0.03329777345061302,-0.036928944289684296,-0.03938926383852959,-0.02228390797972679,-0.03104010783135891,-0.021236376836895943,-0.025197681039571762,-0.02967272885143757,-0.05549608916044235,-0.05408502742648125,-0.04784582555294037,-0.043902091681957245,-0.038800861686468124,-0.025603601709008217,0.01880200393497944,0.061448365449905396,0.07130437344312668,0.03678419440984726,0.027416754513978958,0.040222957730293274,0.08423908799886703,0.09925281256437302,0.25230181217193604,0.1599055528640747,0.15157821774482727,0.10527914762496948,0.08990749716758728,0.09096817672252655,0.1770569384098053,0.1250603049993515,0.06794624030590057,0.04196395352482796,0.03490002825856209,0.005826938897371292,0.012577001005411148,0.004594728350639343,0.007777117658406496,0.011228607036173344,-0.004932004027068615,-0.015547901391983032,-0.04749039188027382,0.004433420952409506,-0.0290682390332222,-0.051722202450037,0.03389006853103638,-0.0003653605526778847,-0.07064500451087952,0.013961833901703358,0.013489065691828728,-0.012317255139350891,-0.021409494802355766,-0.11719124764204025,0.0011368454433977604,0.017228063195943832,0.04930349439382553,-0.022467689588665962,-0.015233797021210194,0.03077935054898262,-0.005246936343610287,0.01275808084756136,-0.01720939390361309,-0.04031965136528015,-0.10174325108528137,0.028292793780565262,-0.08021433651447296,0.0054390570148825645,-0.11866208165884018,-0.06752407550811768,-0.04987398907542229,-0.015423242002725601,-0.05772373080253601,-0.07719425112009048,0.004121863283216953,-0.03038233332335949,-0.03536507114768028,0.08351579308509827,-0.02386298216879368,0.0005091656348668039,-0.17564822733402252,0.12358848005533218,0.036076877266168594,-0.08900110423564911,-0.02706153318285942,0.37137269973754883,-0.17487429082393646,0.14951016008853912,-0.07903394103050232,0.4164918065071106,-0.3904075622558594,0.15293289721012115,-0.2617432475090027,0.014848223887383938,0.21635521948337555,0.12369180470705032,-0.18670281767845154,0.5432126522064209,-0.46615976095199585,0.08928055316209793,0.02162804827094078,0.22147905826568604,0.020869148895144463,-0.21857641637325287,-0.06802497804164886,0.01829814538359642,0.14834323525428772,-0.4100126028060913,0.5517088174819946,-0.11864076554775238,-0.08570197969675064,-0.028239022940397263,0.2367829978466034,-0.45003074407577515,0.18456967175006866,0.4793394207954407,-0.35295987129211426,0.18411785364151,0.06782163679599762,0.09256881475448608,0.060863569378852844,-5.857364158146083e-07,-0.009237248450517654,-0.00018400272529106587,-5.924065931139921e-07,-8.547140737391601e-07,7.83179299190806e-09,-0.00036218890454620123,1.1144483089447021,-0.19378796219825745,-0.1478816419839859,-0.011210518889129162,0.016544416546821594,-0.18734335899353027,-0.15090791881084442,-0.1617327332496643,-0.17593808472156525
835,-0.0013710083439946175,-0.005967272445559502,-0.011978679336607456,-0.01683168113231659,-0.0186002179980278,-0.015488110482692719,-0.010839416645467281,-0.009718436747789383,-0.008480166085064411,-0.009282013401389122,-0.007590195629745722,-0.006465653423219919,-0.00845619011670351,-0.011550640687346458,-0.013776293955743313,-0.015639301389455795,-0.014658725820481777,-0.009320496581494808,-0.006117796991020441,-0.0003766868030652404,0.0006099450984038413,-0.003806757042184472,-0.012341384775936604,-0.023540353402495384,-0.03398552164435387,-0.021363941952586174,-0.030766265466809273,-0.021776936948299408,-0.025123614817857742,-0.029109174385666847,-0.0533786416053772,-0.04559344798326492,-0.03119799494743347,-0.017597217112779617,-0.008791162632405758,-0.011056361719965935,-0.037558890879154205,-0.07471722364425659,-0.10475979745388031,-0.0907614454627037,-0.0983295813202858,-0.11151247471570969,-0.11444966495037079,-0.10220396518707275,-0.19637782871723175,-0.1278754472732544,-0.10456608980894089,-0.0627400353550911,-0.0346054770052433,-0.0069200205616652966,-0.0016818559961393476,-0.007650071755051613,-0.022950801998376846,-0.03146477788686752,-0.05306606367230415,-0.030868958681821823,-0.055116813629865646,-0.04763755947351456,-0.05721588060259819,-0.0836835578083992,-0.03131147101521492,-0.046611666679382324,-0.0627729669213295,-0.0018130465177819133,-0.023022174835205078,-0.03888829052448273,0.032455045729875565,-0.004919623024761677,-0.09909773617982864,0.008938451297581196,-0.01494996901601553,-0.038417574018239975,-0.062106527388095856,-0.20220986008644104,-0.029730701819062233,-0.01761394925415516,0.07175817340612411,-0.02225012145936489,-0.008634274825453758,-0.0334627591073513,-0.060384754091501236,0.022616341710090637,-0.03655591234564781,0.003998531028628349,0.02365584671497345,-0.09972035884857178,0.036131490021944046,-0.06504824757575989,0.12654101848602295,-0.142979234457016,0.03221043944358826,0.04360589385032654,0.14436841011047363,-0.08104580640792847,-0.055062878876924515,0.07291938364505768,-0.05528470128774643,0.2734343111515045,0.005632548127323389,0.011603440158069134,-0.2874903678894043,0.13245409727096558,0.048904161900281906,-0.10579720139503479,-0.01810591295361519,0.3614480495452881,-0.1879916489124298,0.12291663140058517,-0.10222222656011581,0.29188960790634155,-0.22620347142219543,0.23293137550354004,-0.24102866649627686,-0.003086643060669303,0.07962866127490997,0.1417919397354126,-0.21217204630374908,0.4991108775138855,-0.44484931230545044,0.07911765575408936,-0.010082058608531952,0.2876880466938019,-0.0323939248919487,-0.13719703257083893,-0.03508332744240761,0.004786813631653786,0.17455555498600006,-0.27055224776268005,0.5193837285041809,-0.04676566272974014,-0.10616426914930344,-0.018480727449059486,0.21904848515987396,-0.34843534231185913,0.15291766822338104,0.43384143710136414,-0.4292627274990082,0.21734414994716644,0.13387267291545868,-0.010792110115289688,0.07109816372394562,8.5368737927638e-06,-0.02675641141831875,0.0016691067721694708,-4.209990947856568e-06,6.728813332301797e-06,0.00027401524130254984,0.0024418497923761606,2.4676690101623535,-0.4238233268260956,-0.045779090374708176,0.01264702808111906,0.02772338315844536,-0.04127451404929161,-0.01420827116817236,-0.05006885901093483,0.014501350000500679
836,-0.0008352898876182735,-0.003865346545353532,-0.0029702819883823395,0.004791347775608301,0.024745021015405655,0.04067225754261017,0.04055487737059593,0.03552199527621269,0.02246413379907608,0.01115495152771473,6.501337338704616e-05,-0.003594318637624383,-0.006463610101491213,-0.011110704392194748,-0.013805706985294819,-0.017012527212500572,-0.01844148151576519,-0.017539337277412415,-0.022016018629074097,-0.021020514890551567,-0.01986752077937126,-0.012104780413210392,0.00023532907653134316,0.0017515692161396146,-0.007476520724594593,-0.011322840116918087,-0.023556852713227272,-0.020628614351153374,-0.024100348353385925,-0.0274981539696455,-0.048730865120887756,-0.037701185792684555,-0.019896075129508972,-0.007161854766309261,-0.0019087683176621795,-0.015583343803882599,-0.051013801246881485,-0.06583016365766525,-0.05092310160398483,-0.00024851609487086535,0.06675968319177628,0.1601332575082779,0.20974834263324738,0.1844511181116104,0.2300238460302353,0.0540972538292408,-0.019727293401956558,-0.038811519742012024,-0.02512080781161785,0.025729766115546227,0.14760234951972961,0.16300874948501587,0.2057936042547226,0.15384991466999054,0.13721002638339996,0.02590850740671158,-0.00954962708055973,-0.019842149689793587,-0.02822946570813656,-0.02159249410033226,-0.0084737753495574,-0.01351676881313324,-0.030562449246644974,-0.005124347750097513,-0.012061861343681812,-0.029979189857840538,0.03148762136697769,-0.008835339918732643,-0.032345909625291824,-0.01093548908829689,0.005998110398650169,0.011585657484829426,0.0005806901026517153,-0.023907413706183434,-0.004271443467587233,-0.00816960446536541,0.007884626276791096,0.01420373935252428,0.04577283561229706,-0.016405122354626656,-0.02356024459004402,0.04602125659584999,-0.025228438898921013,-0.021782636642456055,-0.04626783728599548,0.05204973742365837,-0.05767340585589409,0.074041947722435,-0.18249297142028809,0.09281400591135025,-0.02223999612033367,0.002275067614391446,0.02760319970548153,-0.0586761012673378,-0.05575517565011978,0.028179673478007317,-0.02246565744280815,-0.16969364881515503,-0.07434245944023132,-0.09089541435241699,0.02679472789168358,0.015655627474188805,0.005646772217005491,-0.052369486540555954,-0.0001438149338355288,-0.04812173917889595,0.015018121339380741,-0.06355440616607666,-0.04964735731482506,0.12970197200775146,-0.1794586181640625,0.23929347097873688,-0.12066827714443207,0.01044541783630848,-0.0391216054558754,-0.10674414783716202,0.18584875762462616,-0.4934845268726349,0.21195989847183228,-0.019529705867171288,0.04174761101603508,-0.09409849345684052,-0.015729790553450584,0.16222098469734192,0.20767143368721008,0.08676758408546448,-0.0989561453461647,0.34773334860801697,-0.0783560499548912,-0.03890242055058479,0.05828635022044182,0.07650347054004669,-0.07061901688575745,0.6147834658622742,-0.1899891048669815,-0.969351053237915,0.6411281824111938,-0.20681646466255188,0.07492796331644058,-0.0032375091686844826,0.06213562190532684,2.182838869657644e-07,-0.01764318160712719,-0.0002661787439137697,-2.0351008060970344e-06,6.702786663481675e-07,-2.2496747988043353e-05,-0.0006267832941375673,-0.4216972291469574,0.15482573211193085,0.04512627050280571,-0.0026403875090181828,-0.015957243740558624,0.029744325205683708,0.04735803231596947,0.06185535714030266,0.055772192776203156
837,-0.0009030779474414885,-0.004522643983364105,-0.008558612316846848,-0.008412756025791168,-0.012221465818583965,-0.010706936940550804,-0.007268600631505251,-0.006827793084084988,-0.005756281316280365,-0.007056186441332102,-0.005099812988191843,-0.004915136843919754,-0.005792661570012569,-0.009782075881958008,-0.011525576002895832,-0.014092450961470604,-0.015489055775105953,-0.012916936539113522,-0.016159288585186005,-0.005736000835895538,0.033373959362506866,0.16585707664489746,0.27022963762283325,0.4208745062351227,0.5177552700042725,0.25970834493637085,0.23509517312049866,0.08693092316389084,0.03731607645750046,0.017659787088632584,0.035207536071538925,0.07053019106388092,0.10969771444797516,0.17510740458965302,0.25559037923812866,0.3024226129055023,0.27497223019599915,0.11603367328643799,0.04398520290851593,0.032003480941057205,0.056527864187955856,0.09183310717344284,0.10248573869466782,0.07807353138923645,0.09698931127786636,0.03678738325834274,0.00999470055103302,-0.009416015818715096,-0.02619999647140503,-0.018473180010914803,-0.018155954778194427,-0.0023422695230692625,-0.0017542371060699224,-0.007028284948319197,-0.019120650365948677,-0.006813864689320326,0.018928471952676773,0.03565717861056328,0.08739831298589706,0.07361079752445221,0.01615099050104618,0.017796074971556664,-0.01348609384149313,-0.006086516194045544,-0.01526624895632267,-0.04241900146007538,0.02925390563905239,-0.004859600216150284,-0.02160581573843956,-0.01359251607209444,-0.02059885673224926,0.0018717257771641016,-0.011170359328389168,-0.0770706757903099,-0.02243516966700554,-0.014984894543886185,0.05528213456273079,-0.05784940719604492,-0.07341789454221725,0.024988554418087006,-0.010235880501568317,-0.0032076160423457623,-0.009793308563530445,-0.023840714246034622,-0.06708637624979019,0.24243605136871338,-0.3750489354133606,0.5147321820259094,-0.3795595169067383,1.118818998336792,-0.02658321149647236,-0.1053495928645134,-0.14712712168693542,0.07664374262094498,0.17312023043632507,-0.17315815389156342,0.4119654595851898,-1.7136098146438599,0.1533336043357849,-0.31584432721138,1.5150017738342285,-0.5246798992156982,-0.18682220578193665,0.27948400378227234,-0.17562401294708252,-0.90788334608078,0.8999302387237549,-0.3426981270313263,0.1447143852710724,-0.7440730333328247,0.7049052119255066,-0.14323261380195618,0.005033823195844889,-0.04135981947183609,-0.10367240756750107,-0.17495985329151154,0.19140683114528656,-0.6235487461090088,0.38618993759155273,-0.00870239082723856,-0.4343346953392029,-0.7069714665412903,-0.396584689617157,1.1422711610794067,0.27139943838119507,0.48601746559143066,-0.1907804012298584,0.41790857911109924,-0.20616473257541656,0.09111718833446503,0.010077424347400665,0.10684456676244736,-0.20818562805652618,2.004631996154785,-1.107748031616211,-1.4631420373916626,0.7237287759780884,-0.3104872703552246,0.07652463763952255,0.010612023063004017,0.03176363185048103,2.434972543596814e-07,-0.03003978356719017,-0.0001563674450153485,-1.932067561938311e-06,6.518517352560593e-07,-1.773863914422691e-05,-0.00014159797865431756,-2.756564140319824,0.28108343482017517,0.027510982006788254,-0.005877531599253416,0.030764872208237648,0.029481539502739906,0.010580409318208694,0.028944503515958786,0.027726761996746063
838,-0.0010717666009441018,-0.005488833412528038,-0.010512041859328747,-0.010947559960186481,-0.01430230401456356,-0.012939900159835815,-0.008813178166747093,-0.007650286890566349,-0.006830768194049597,-0.007953147403895855,-0.004347221460193396,0.00015940380399115384,0.01080972608178854,0.036182619631290436,0.070219986140728,0.10735473036766052,0.11708430200815201,0.08686231821775436,0.08272860944271088,0.05605751648545265,0.03966248035430908,0.019534526392817497,-0.004347608424723148,-0.020160159096121788,-0.03237921744585037,-0.021940559148788452,-0.03104219399392605,-0.02370985597372055,-0.025960706174373627,-0.03129260987043381,-0.058141328394412994,-0.05676329508423805,-0.050834737718105316,-0.05533401295542717,-0.06908661872148514,-0.0961945429444313,-0.13909804821014404,-0.11917296797037125,-0.10722777247428894,-0.05945932865142822,-0.022044649347662926,0.027976661920547485,0.09271305799484253,0.11547495424747467,0.2181764841079712,0.13620610535144806,0.10547493398189545,0.07530931383371353,0.0788993388414383,0.04340878874063492,0.050259169191122055,0.006922833621501923,-0.01681520789861679,-0.030517838895320892,-0.057470399886369705,-0.03674692288041115,-0.060558125376701355,-0.04650825262069702,-0.0506085529923439,-0.07661089301109314,-0.03461933881044388,-0.04449266567826271,-0.08737799525260925,-0.013440318405628204,-0.051787957549095154,-0.06842201948165894,0.01710227131843567,-0.01900225505232811,-0.006029491778463125,-0.0017932214541360736,0.0596134327352047,0.1329803615808487,0.16493014991283417,0.32475119829177856,0.08626531064510345,0.08440473675727844,-0.03391198068857193,0.07791265845298767,0.026040397584438324,-0.008173082955181599,-0.021465439349412918,0.001372212776914239,0.0011230891104787588,0.03390651196241379,0.04871844872832298,-0.11683433502912521,0.03402610495686531,-0.0301935113966465,0.09678421914577484,-0.14821240305900574,-0.007670982740819454,0.05638841167092323,0.1445806473493576,-0.11506206542253494,-0.06168224290013313,0.035457856953144073,-0.007449120748788118,-0.11383722722530365,0.13143271207809448,0.010450974106788635,0.3788478374481201,-0.21195711195468903,-0.057082649320364,0.007762898690998554,-0.0347549170255661,-0.2078770399093628,-0.1023341715335846,-0.011636505834758282,-0.05025544762611389,0.3802873492240906,-0.3628893196582794,0.406253844499588,-0.23884958028793335,0.07323412597179413,0.10812216252088547,0.12583161890506744,-0.22267037630081177,0.4273149073123932,-0.3118777275085449,0.10072152316570282,0.1277868151664734,0.14241647720336914,-0.037647660821676254,0.10807685554027557,0.14548814296722412,-0.07413332909345627,-0.15654690563678741,1.117965817451477,-1.047843337059021,-0.07257363200187683,0.32640984654426575,0.12167441099882126,-0.7466091513633728,0.39870569109916687,0.1141686961054802,0.1297968327999115,-0.5024327635765076,0.3121108412742615,0.23294922709465027,-0.08982131630182266,0.04455295577645302,-1.075046398568702e-07,-0.0011132496874779463,-2.7053967642132193e-05,1.0826181551237823e-06,-2.032437720345115e-07,1.3773496903013438e-05,-0.0003396707179490477,-0.8256843686103821,0.1483403891324997,0.06121314689517021,-0.0022052174899727106,0.010864660143852234,0.02820301242172718,0.06816259026527405,0.05200173333287239,0.05117477849125862
839,-0.0010337322019040585,-0.0051176100969314575,-0.010408454574644566,-0.010234935209155083,-0.01445882860571146,-0.01281665824353695,-0.008816289715468884,-0.007564760744571686,-0.006700641941279173,-0.007925036363303661,-0.004382215440273285,-8.88808790477924e-05,0.010198197327554226,0.036084484308958054,0.07334708422422409,0.11241708695888519,0.12003868818283081,0.09182380139827728,0.08214275538921356,0.05636255070567131,0.039034683257341385,0.017771713435649872,-0.006033075507730246,-0.02153642289340496,-0.033274851739406586,-0.022228414192795753,-0.03128402680158615,-0.023770242929458618,-0.026235051453113556,-0.03057107888162136,-0.0582117885351181,-0.05802517011761665,-0.05206800624728203,-0.055522650480270386,-0.06801681220531464,-0.0983530580997467,-0.14061900973320007,-0.12092684209346771,-0.10951223969459534,-0.062213003635406494,-0.025992022827267647,0.02423691749572754,0.08926469087600708,0.1162901371717453,0.22799301147460938,0.13937538862228394,0.10872732847929001,0.07515248656272888,0.07927015423774719,0.04527609795331955,0.046737026423215866,0.0050291758961975574,-0.018505139276385307,-0.0309015903621912,-0.05759943649172783,-0.03521476313471794,-0.05754125863313675,-0.04489012062549591,-0.05195927247405052,-0.07350960373878479,-0.031582411378622055,-0.04438251629471779,-0.08467351645231247,-0.005978868342936039,-0.0468159057199955,-0.06437422335147858,0.021520724520087242,-0.021130839362740517,-0.015618519857525826,-0.008482291363179684,0.05268048495054245,0.12280112504959106,0.14163082838058472,0.3161538243293762,0.08711092919111252,0.07032240927219391,-0.06943116337060928,0.061301566660404205,0.021406278014183044,-0.005225109867751598,-0.018177879974246025,0.0044554900377988815,0.004261786583811045,0.03595491498708725,0.04966277629137039,-0.10655046254396439,0.042963672429323196,-0.03373932093381882,0.09664939343929291,-0.1466348022222519,0.0011705444194376469,0.04583331197500229,0.1435513198375702,-0.1133926510810852,-0.055671125650405884,0.04109739884734154,-0.020140809938311577,-0.11683659255504608,0.1112816333770752,-9.851818504102994e-06,0.4069885313510895,-0.21514232456684113,-0.07205790281295776,0.02767140045762062,0.004582101944833994,-0.1657063364982605,-0.11172092705965042,-0.02262083627283573,-0.053256805986166,0.3801027238368988,-0.391764372587204,0.34521612524986267,-0.23071376979351044,0.07032236456871033,0.10125907510519028,0.13952501118183136,-0.1895335465669632,0.4348469376564026,-0.2907516360282898,0.10598170757293701,0.10450082272291183,0.15372878313064575,-0.033379651606082916,0.047216493636369705,0.12546347081661224,-0.0407547689974308,-0.22701674699783325,0.9950695037841797,-1.1865499019622803,-0.11534930765628815,0.26321500539779663,0.3160655200481415,-0.6005780696868896,0.39050188660621643,0.08812329173088074,0.12393230199813843,-0.5496737360954285,0.31256014108657837,0.16671429574489594,-0.031493179500103,0.012524981983006,-1.1828307577843589e-07,-0.0006455490947701037,0.00012942677130922675,1.6232045254582772e-06,-2.1192427368532663e-07,1.7197284250869416e-05,-0.00034923123894259334,0.041462622582912445,0.11416857689619064,0.049040332436561584,-0.0006483121542260051,0.01108684204518795,0.027015727013349533,0.0686129629611969,0.052487730979919434,0.0384448878467083
840,0.0065659754909574986,0.02868610993027687,0.0419783815741539,0.03022257797420025,0.012230930849909782,-0.0023413372691720724,-0.007281909231096506,-0.008815141394734383,-0.008558630011975765,-0.009205793961882591,-0.007328762207180262,-0.006442196201533079,-0.008419590070843697,-0.011749309487640858,-0.013844676315784454,-0.01634574495255947,-0.014714660122990608,-0.009205306880176067,-0.0061056059785187244,-0.0004648737667594105,0.0011046971194446087,-0.0034559527412056923,-0.012313670478761196,-0.024160416796803474,-0.0343172550201416,-0.021533403545618057,-0.030881445854902267,-0.0211692675948143,-0.025142624974250793,-0.02904740534722805,-0.05776076018810272,-0.05742817372083664,-0.053778380155563354,-0.05632511153817177,-0.061564523726701736,-0.08178818970918655,-0.07679495215415955,-0.01817956194281578,0.04609675332903862,0.06649933755397797,0.11152444779872894,0.15034052729606628,0.1717400699853897,0.11679290235042572,0.11342870444059372,-0.012871949002146721,-0.06595510244369507,-0.07018943876028061,-0.07435344904661179,-0.05963524058461189,-0.09019460529088974,-0.05924103781580925,-0.05237249284982681,-0.042201604694128036,-0.059807900339365005,-0.027250463142991066,-0.05110373720526695,-0.03418165445327759,-0.03524118661880493,-0.03274061530828476,-0.00833107903599739,-0.012513809837400913,-0.027762385085225105,-0.002317058388143778,-0.018644236028194427,-0.04881800338625908,0.05518962815403938,-0.005488204769790173,-0.09316705167293549,0.04037247970700264,0.014077086932957172,-0.024775909259915352,-0.03207983076572418,-0.18535341322422028,-0.014216702431440353,-0.008319186046719551,0.07913805544376373,-0.022268489003181458,-0.008508343249559402,-0.02951589785516262,-0.07454729825258255,-0.003451181808486581,-0.07210958749055862,-0.09798494726419449,-0.13811737298965454,2.3677128410781734e-05,0.008772828616201878,-0.05009346455335617,0.12404080480337143,-0.14581213891506195,0.029423290863633156,0.06102881580591202,0.15054957568645477,-0.09556766599416733,-0.08617215603590012,0.10384081304073334,-0.037902284413576126,0.23933060467243195,-0.00715496763586998,0.007605707738548517,-0.17863473296165466,0.10968463867902756,0.028540385887026787,-0.09394051134586334,-0.002136786701157689,0.3006274700164795,-0.2508851885795593,0.12784996628761292,-0.13082708418369293,0.32179731130599976,-0.39043357968330383,0.16367463767528534,-0.18298682570457458,-0.02245406247675419,0.10450814664363861,0.08926515281200409,-0.1650477647781372,0.06018000468611717,-0.1744820922613144,0.09951530396938324,0.029743533581495285,0.2417386770248413,-0.07977642118930817,-0.12649664282798767,-0.005774650257080793,-0.04645717889070511,0.16006256639957428,-0.23657368123531342,0.46416717767715454,-0.06637603044509888,-0.10295896977186203,0.009606899693608284,0.24214257299900055,-0.3758336305618286,0.10692509263753891,0.46141549944877625,-0.4646120071411133,0.1860199272632599,0.0959029346704483,-0.035872071981430054,0.0917087122797966,6.856055279058637e-07,-0.014613069593906403,0.0011281227925792336,2.4800735900498694e-06,4.188991169939982e-06,4.173830893705599e-05,0.003335457295179367,1.7004503011703491,-0.2160291224718094,-0.043755512684583664,0.018356071785092354,-0.03266669064760208,-0.04057246074080467,0.02646854892373085,-0.031173136085271835,-0.02804233692586422
