79361
59906
59907
60418
94726
59911
60423
94728
60430
94735
60433
94739
85524
60439
60445
59940
94762
94763
60459
59947
94766
60464
60465
94770
60468
60470
59959
86077
59970
94788
93771
77390
59985
59986
72791
59995
59996
60509
60510
60516
60006
93801
60524
60525
116
60533
60537
60540
60547
60548
60041
60556
60560
60049
60566
59545
60585
59563
60588
60589
60590
59582
60609
60610
60611
93892
60612
59587
60101
60105
60618
60620
60621
60109
59599
94927
60626
59603
60627
90328
60640
60641
87777
60643
60644
60645
60646
60642
59624
90345
93921
59627
60652
60654
60655
60656
90353
90351
60659
89334
60662
60666
60667
60669
60670
60672
60673
60675
60682
60179
60180
86295
59674
59163
60188
60190
60703
60705
60708
60709
60710
93482
86315
59182
59699
60214
59193
86334
59713
86341
59219
79705
60252
59230
94558
60255
59746
60262
86380
86382
85870
59761
59250
60279
59768
375
94588
59260
88445
86908
94594
60299
94606
88465
60315
60316
60317
60318
59294
60320
59300
60324
88486
60327
60325
86948
88493
60334
59821
59313
60342
93110
59834
94651
59324
60350
60352
59328
94658
94659
59332
60359
60360
59863
60376
88538
94685
60382
60383
62430
94695
59880
60397
60398
59894
60407
60410
94716
59902
60415
