89600
61953
90115
75780
79366
61961
90127
85521
77848
86043
59932
79905
79399
61480
88107
61483
86067
90165
61493
90678
79930
87614
74833
57425
87640
79963
72803
58983
90216
60523
79474
73333
74873
80001
89218
60548
85641
89739
89743
89231
72847
59027
90260
88724
89237
81048
85658
79516
61597
90782
91295
81061
90278
79529
73897
90291
79539
85685
78011
90300
90301
90308
89796
90310
79558
85708
60623
85711
90321
90322
90327
90328
90329
75481
90333
69858
77539
89828
93420
77039
90864
60659
93428
77046
79612
76031
79617
76037
79621
79627
65806
89872
76049
79127
60186
79132
91421
88350
79135
89375
79652
60197
86830
85807
90416
89391
88367
90414
64821
79669
86839
88376
79675
87871
86849
59201
59713
69953
61764
86854
88905
59212
91477
79702
86874
87899
77146
90468
90473
93548
77167
59761
59762
59764
61815
86906
76157
86398
90495
86914
77188
75653
76168
76169
72592
93074
75668
79256
86937
90525
59293
93597
76191
76194
74661
60327
77227
59307
88493
90542
76209
86963
89014
73146
59322
85955
79303
93132
87501
90573
79828
85976
79835
90083
80360
90093
80367
93168
75763
90612
88565
90103
