73733
75788
68620
90658
60456
79913
69163
79915
67632
79921
65078
79931
73302
72791
71773
76905
79981
79982
79990
73336
74873
67198
90241
66178
77965
69267
70293
65174
77973
74904
69784
60578
70308
74918
78503
78011
74957
90320
73940
90852
78055
60137
90346
68329
59628
72429
72430
67820
90863
90865
71929
66312
60169
90897
78624
71462
78120
70958
73007
75566
73013
75581
75583
69953
70977
73539
91469
69969
68947
77146
74590
77157
77158
90477
77167
75635
78708
79736
79737
60795
75646
60286
91022
78226
70548
62364
60322
74662
70570
60344
65465
90555
70081
90563
66500
91083
69070
78289
60883
67540
66522
59354
66526
90081
90596
72676
90600
69610
90602
90094
66551
70135
90617
