94215
55819
87057
79896
59425
46
93743
77361
87602
57399
94269
87614
94270
77378
93768
93780
93781
93782
94295
94296
94298
94300
94303
93791
73826
88675
93285
93807
93306
79483
94333
79485
77439
94357
87702
94361
80549
94375
93869
94381
94383
94382
94389
94399
89290
94414
86235
94939
93917
89309
87266
94438
94447
94449
93438
94465
79618
94471
94477
78612
284
86318
8498
1853
87871
79688
94036
94039
94040
94046
94050
94062
94064
94066
94068
94074
94076
89472
87938
88978
86931
89500
94111
94116
94118
94119
77235
86455
94137
79802
89538
78277
89045
87004
86506
88049
88056
