61959
76302
73742
89129
79919
85564
89154
90190
86097
73304
77925
77930
78449
89213
89220
89224
85641
85645
89230
89236
89748
93850
61601
72874
90794
77997
78000
89778
64692
66231
66237
85695
73407
74944
89798
89800
72907
89806
88785
73945
78049
73955
63209
78582
78585
78086
59142
64775
61711
74002
90398
85804
78126
64821
89910
73022
94016
85826
75588
61769
73036
61777
61779
61787
94050
79716
75625
94060
61815
64889
69501
88445
78207
64386
79749
90001
73618
88465
75674
88988
74142
90529
89516
75694
89519
61872
89014
74176
85955
89540
90052
76231
90057
61900
75725
89556
76245
89044
61932
71149
