90626
87556
83461
86535
90120
86537
92680
79372
80398
86546
88084
59927
87063
90137
87065
77862
86570
90156
80430
78383
78897
79923
91704
79929
85564
90172
90177
88135
8776
74
88650
8273
86097
8275
79971
86116
8293
72807
80489
77930
93291
79980
58990
76399
79987
87667
89205
88697
79996
79485
88190
88192
88193
90243
90245
90246
89742
90254
8337
79507
90259
65174
59544
86173
90782
75952
89266
89267
45749
89782
92855
85688
89784
58044
75455
79556
72900
58566
81097
90316
59598
90318
88788
88277
61654
75477
90329
91355
87772
65245
87774
86239
45793
77537
90339
66276
62180
92390
87783
64743
77541
90346
93420
79600
90865
74995
90360
89849
89855
79621
86285
75534
80146
87826
91927
89882
80155
285
90400
81184
79649
79143
79145
86314
78635
86318
66352
80177
80178
79667
92980
86837
61749
86833
61752
61751
69435
79676
78140
78654
70977
61250
47937
79686
93688
80207
91472
91480
68954
87899
64858
89956
59750
59751
80236
88428
60782
59761
64885
86904
80256
61825
75139
90499
86921
88462
86932
61847
90013
76190
80287
90530
80375
92072
86952
85930
76204
81325
89519
90545
78258
60339
90037
87990
90550
90552
92602
89531
81338
90557
90558
8644
89541
90566
79815
89544
61897
89548
61900
90577
89556
73688
79833
86492
89566
89055
86497
90086
80359
90088
90090
80363
76782
79856
90096
93168
87025
90098
61937
90102
91126
88056
88062
93183
