80385
89608
58889
91658
80396
80398
87567
90130
80403
90134
90137
52761
86043
88092
87069
77342
78366
79386
32
59427
50212
45095
79913
90154
87602
79922
79926
79414
79927
79418
59966
90177
64578
79942
72783
90192
57425
88660
90196
79963
57442
79973
86630
90215
88169
76396
90221
78449
87155
87156
59002
76927
59008
89218
57474
80004
80005
90243
59016
61577
90250
92818
89748
90772
85652
90260
90265
68762
85658
91291
90782
91295
79521
81570
76455
73895
60073
79016
86190
85678
58545
61617
60595
89782
55803
73402
86203
76988
61632
89792
90310
75464
90313
86218
60621
70861
75473
4822
89303
78552
90334
90335
87775
77537
78055
86248
80106
61676
60654
86257
90109
90871
90365
75518
71934
58624
89857
87809
90375
89354
90378
81165
88846
87826
6425
89884
87839
78112
58657
89376
92452
80170
85802
85804
91957
79674
59201
86851
86341
90438
79687
28488
60232
90442
90444
93005
91470
90445
86867
91477
91478
59735
77656
87899
61790
78180
85865
80236
90477
85868
61808
75636
57717
89977
86907
69501
75646
87940
89988
79750
60294
73609
79243
92555
91532
61839
90523
90530
90531
89508
86949
86948
60327
88996
73642
90030
61872
60338
76210
90037
10689
90561
70083
68036
90565
90566
90055
80324
74182
10702
90063
75731
79828
59863
90587
57826
81380
90597
70628
90087
75752
85994
67056
59891
89588
88054
60409
93179
89084
68093
93183
