89600
90115
93192
68105
90120
79373
90127
90129
59927
90137
74274
59939
61480
61482
88107
61485
88112
59441
90160
60467
86067
90165
77368
79931
86092
72783
74833
79953
79955
72789
89183
79968
72803
58983
90216
58984
60019
85634
89731
89218
79493
57482
72842
90252
70302
90782
60064
72867
73895
79529
75452
90300
85694
90301
87742
79038
85708
78029
85711
89808
90321
8402
78548
45782
73431
90327
90329
90328
79579
79582
69858
77539
1769
93420
79599
90864
90865
77046
79609
87801
88316
88317
82689
79621
59142
90375
78601
80653
90382
89872
86801
88338
79132
79135
89375
60191
60197
89894
90414
79663
90416
85807
88367
89907
90419
64821
89904
88376
90939
86849
69953
76100
86853
79687
28488
77642
79690
61787
87899
76124
59746
76131
77310
90473
90476
77167
59761
61815
78207
90495
61825
89478
76168
78729
76169
72592
90002
75668
76183
74648
79256
86424
78237
90525
76191
59300
74661
93611
76204
88493
76209
89014
93110
59322
59324
79303
90055
90057
78289
86482
60883
89045
89559
89568
90083
87016
85994
90091
90093
90103
90109
61950
