78850
88069
17
89111
86570
88107
88112
45616
77361
59441
86582
88118
77368
77372
8278
89688
58971
57954
57442
88676
8294
8297
92267
93291
88693
45694
77439
88704
79493
85645
8340
73878
45728
88226
93347
79522
86184
79529
79532
88242
45748
79543
93368
87742
87234
79561
86235
79579
75485
88285
80606
77537
93419
79598
77554
79608
80120
87800
79617
77064
79625
8459
88333
79636
79642
79643
88350
47903
79654
61227
61230
79663
79662
86837
76601
79674
84284
89405
87871
84288
86857
77642
79690
90455
76631
87385
82779
74079
87907
76644
85862
57716
89460
375
88956
86910
89478
77235
77754
77243
80380
45508
81350
89034
77771
93132
89037
10702
86476
77258
10699
10705
58841
89563
80349
93667
80356
80361
85994
77292
80365
77294
87536
80369
45052
77310
