90114
90117
91656
90633
90126
90127
90639
86032
90638
59927
90147
91173
61482
88107
62509
90158
88118
90678
79416
79421
90689
85575
73811
90196
90197
8278
89688
54875
89185
88161
79971
73318
8294
8297
93291
58987
60526
73336
88697
73341
67709
55428
80005
79493
78472
59016
77963
85645
90256
73878
90263
69784
73373
79525
89254
78503
60595
90300
62147
73411
78540
79565
79567
61647
90321
79569
78552
79579
80604
88285
90335
90336
62177
78050
90339
90852
73448
75496
68329
89835
82159
86255
90865
60658
79603
61171
90357
77046
90864
90354
79617
60673
76037
59142
90375
77064
91405
79636
70423
60700
91421
90918
79654
79660
90414
79663
61230
75058
73013
62267
90428
90429
89405
90432
90436
90438
89417
91465
79690
73036
77642
73545
61775
91472
70991
91476
90455
76631
87385
90458
87899
89436
91484
59230
74079
90462
87904
59746
90460
90469
93030
89460
89977
90490
60281
60796
90498
77188
55686
90503
89478
61838
88462
90513
90523
90014
74661
66469
60327
90536
72618
90542
90030
90032
90545
77235
73142
73152
73155
45508
65988
81350
89547
10702
89551
90063
89555
67540
89557
90067
60887
90074
89563
90081
59884
80367
80369
60401
90614
66551
66041
