89090
90117
89111
79389
31
88607
87079
86569
59441
79416
85564
76359
85576
88138
85579
72779
78413
57425
89688
8281
89185
88676
86116
58983
58984
72810
58987
77930
86124
60526
58991
93296
89713
74877
74368
79488
88704
79493
72837
89222
89740
85645
81557
73878
93335
93341
89254
86184
79529
91818
77997
86190
45748
79543
87742
79561
89802
61647
79567
79576
80604
1245
87775
77537
77541
92390
89320
75502
61171
90358
77046
75514
76037
75529
79116
79636
79638
79643
59686
79654
93479
88361
79660
90414
79663
60720
79662
86834
79666
61748
89398
79674
85820
89405
73022
87871
8513
73545
75600
61779
86356
90455
87385
90458
89436
90460
90462
90463
61279
74079
57184
86877
59748
75629
85870
57716
88956
86908
89478
73614
88462
76176
76186
93597
90014
59294
88477
76708
86437
74159
77235
89014
10690
10699
93132
89037
90063
89551
10705
90067
89557
89563
86492
66531
80356
85994
89578
59884
80365
60401
88565
80380
77310
