59392
86022
87567
87056
59425
88617
88106
77361
53
8252
80448
92225
85058
93251
95303
88657
95315
88660
78935
8281
95322
77415
45672
95338
93297
8307
88694
88191
55430
93324
8340
88724
87713
88738
91815
88236
60076
45741
81588
182
88248
76478
87234
75466
88782
60622
87764
80086
86753
93426
94460
58621
88319
88833
82689
77069
88333
79120
86802
86290
88345
80154
284
92457
61226
86827
85806
88367
2864
45359
80181
80697
93500
76614
840
81229
93016
87391
93035
87407
95090
80244
86908
95102
87424
80770
95109
93063
95112
95119
95122
95127
95128
55709
77219
86437
93606
92072
95152
86458
57275
80319
86477
86482
86483
999
95210
77292
80878
80368
93174
45052
