79872
87040
87044
7
91657
91659
12
80398
67601
90130
80403
86548
87061
90134
80407
79898
79899
78366
80414
32
90154
88619
61485
80430
81217
79922
8247
57400
91707
79931
59966
65606
3660
85581
72783
79952
90196
72789
61527
8281
91226
79963
86623
88169
79978
79977
76396
90221
79985
79476
91765
79480
92281
76927
8833
88193
90243
80003
90250
85647
60564
90262
85656
90265
85658
87195
91291
81565
68762
79526
73895
61617
45747
79542
89782
45751
60598
45750
86208
85697
75464
90313
90316
70861
75473
93393
89811
58580
89299
89303
5340
1246
90335
81120
77537
79589
89836
79596
61678
92913
60662
90871
765
75518
88318
90365
79618
47875
86277
90374
60679
90375
57609
78601
78603
60683
81165
76054
51480
61720
86299
89886
88350
89376
79649
87839
86819
88868
89386
85804
89389
87856
80177
87860
86837
78646
79674
58171
89916
90433
59201
80193
90436
90437
90438
86337
59720
60232
86341
79691
90442
90444
61774
86351
91478
59735
79704
78168
64858
86875
77656
59230
59746
86882
93030
79719
89960
85865
77158
85868
86381
80240
61808
86387
75636
60277
76662
78708
90495
78207
86913
44929
89988
79750
73609
79243
91532
87952
79256
76699
76188
86941
90016
90018
90531
76708
90533
88486
74150
90538
90030
89519
76210
86963
60852
90037
78773
79802
77245
87998
74182
90055
79303
89545
58826
92618
86476
10701
87501
75215
90063
52168
75731
69079
89048
60376
58843
90587
80353
87010
90087
67056
80368
80375
90623
