89090
59907
78850
94210
81926
86535
8200
93190
95247
87058
77848
81951
93216
93729
88110
88111
86582
8251
95296
89185
95333
85093
81000
88685
95352
87168
88200
93321
93323
89740
93324
79503
93327
86182
76455
178
89266
94903
78011
8380
93372
79550
81092
88263
75468
88784
93399
58585
80604
89309
87774
75487
62177
92390
77543
92391
89320
90346
76526
79087
90354
90355
79621
79623
79625
75534
85267
284
85797
79654
84773
88361
69423
77617
87857
79675
87871
79685
88389
77650
87904
86880
91493
95092
89460
95224
83837
80254
55686
75657
88971
88972
86931
86934
88983
93595
59293
83873
83875
74661
60327
95144
86951
95152
87998
50110
93121
85956
93132
89045
86486
77280
95221
93174
88056
80380
