91649
60419
85509
64519
521
86040
91173
77361
60467
87604
85571
88138
77390
87126
72791
87639
57954
88676
60526
93295
60016
88179
93303
67709
88704
80002
2694
80009
57482
8331
94868
89753
8347
89247
88223
59562
45749
86715
89796
8901
60101
90310
61647
79568
72915
78548
89303
73945
79579
86235
79590
60647
1769
90860
78061
72429
90863
90358
78071
61688
87288
88314
88318
78601
76049
86290
91924
94489
91420
60188
89376
45345
95013
93483
86827
79666
95028
73012
90425
86329
92476
91462
90439
91465
86857
77642
82257
91473
91474
91476
74065
86869
91477
91475
87385
91485
90467
87907
78707
62328
57209
57213
55685
88972
57239
93595
82339
93606
88493
77742
61870
86963
84922
78278
88524
86477
90575
93135
90582
90587
77280
80865
90083
78313
91126
