90114
91656
65546
77837
90133
59927
79899
90147
77862
78377
61482
79915
88112
90678
79414
91193
77372
85564
60477
73281
59970
90181
73285
76359
85576
73288
88138
72779
86092
78413
85584
57425
90196
89688
8281
60505
54875
63580
79971
45669
93286
77926
72807
58985
77930
58986
8297
69739
60526
73341
74368
80005
89222
77963
89740
65165
85645
89742
80012
69267
73878
79513
78490
79522
90786
79525
78503
88241
5299
90291
60595
75456
90313
60109
61647
79567
75472
90325
90332
88285
90335
90339
62180
90852
90615
77543
75496
77541
93417
93419
72430
90863
90864
90865
66291
89334
90358
80120
61688
75514
90362
77046
88317
60673
59142
75529
70926
88335
60179
79638
91927
79643
91421
71969
79649
60708
79654
88361
90922
79148
79660
90414
75058
61748
87351
73015
90425
79674
90429
89405
90432
86849
73026
84288
90438
61769
73033
73036
61775
91472
61779
91476
91478
90455
73047
76631
87385
90458
90460
59230
74079
86881
90469
69992
90476
75629
69488
60277
71029
86903
86904
89977
60796
83837
89478
90503
90507
88462
90513
88477
73630
90526
90528
86944
85923
69541
66469
90536
90030
90545
90548
70069
73152
81350
88522
77771
79820
73164
89551
86482
89557
93144
90074
80349
90593
90598
87016
89578
85994
77292
59884
87536
59891
66551
80372
90614
90103
70132
66041
