78850
90114
62469
90638
79375
78350
90639
86032
59927
90658
85540
77862
62509
77361
88118
79926
79416
90678
79928
88123
86087
85576
90197
73302
89688
73306
57954
79971
58984
58987
86124
69739
93291
69744
68210
77439
74368
90245
90246
90248
80012
60557
79503
90257
90258
73878
90265
78490
88224
90785
86182
89254
90291
90293
79543
90300
8380
90301
93372
75456
90821
69829
90313
60109
90321
93397
73431
79576
90332
90334
90335
90336
90339
89315
77541
68329
90864
90865
77554
90357
80120
60673
79624
91405
91421
88350
78624
79654
82218
86316
79662
79663
87857
68403
61748
85820
90428
86332
89405
90432
90429
73026
73022
90436
87871
91465
86857
73033
61775
91472
75600
91476
86356
90455
87385
90460
91484
89436
74079
61279
59230
59746
87907
90463
63333
90462
77163
79727
60277
78199
89977
88442
60796
86908
86910
90505
90507
61838
90000
90513
76186
75675
90528
85923
90532
66469
90542
74159
90030
90545
89014
90550
73142
73149
70078
10689
73155
65988
45508
91082
77771
90059
73164
90063
89551
89557
60887
62430
93667
62437
87526
80361
89578
77292
80365
90092
93168
70132
