78850
86022
89098
41
88107
88112
88113
77361
60
2110
78911
77390
8294
79469
93295
79472
79473
1674
8331
88213
82074
79007
79527
88237
45745
88242
76467
45747
182
94903
79543
79558
75468
79565
88788
93397
87775
79590
79592
88316
88320
79618
79623
88332
88339
86296
285
93478
79659
93483
79663
79666
79667
79669
87863
86332
92476
93502
87871
86857
79694
82257
86868
87385
95069
87907
93548
87916
89460
57213
86913
88965
77704
88976
86932
57236
88998
92072
93611
44972
77742
86958
77235
85956
10694
10697
10702
86487
77785
77280
77292
84981
