79360
92160
76289
79875
86022
93212
74274
86582
78911
85581
85582
78417
86099
72788
87124
88660
85589
8281
86618
58984
93303
85625
89213
89214
79492
93318
89740
85645
79504
79518
90793
87219
74944
89798
60617
58064
72914
89301
93397
86232
77023
79584
93409
79589
77541
75498
73454
75503
61679
75513
90363
75520
82689
88833
59142
86279
86281
79628
92430
61711
60177
85265
60180
78614
79639
88344
85279
88355
79655
93479
89901
78126
69424
61749
90939
86847
77642
78666
78157
79699
61791
58720
88931
79716
93030
75625
73580
60269
86906
69501
85889
79749
75657
87947
89489
61842
88981
79770
76699
69530
90014
93110
79801
59328
76228
78277
89547
93132
73164
89037
86482
61906
89568
87524
77292
87036
93183
